#729a2951|blade-1-m620|jdom@54ed0cc8b7e8deffd5e088305ca7723dc0bd963c:org.jdom2.Verifier#checkCharacterData(String)[generators@bcfe6d43107430b2604e2e34b9151742941652e0:cz.cuni.mff.spl.casestudy.generators.ParseFileGenerator('MQ==')]()
#date=Apr 25, 2015 4:18:02 PM
#warmup=1
#count=4702
#begin
27320368
54119677
33020123
30490573
30460293
24436224
30520784
30496984
25359915
30506424
30508615
30576205
30544981
30519828
24444933
43341990
30505929
30497080
30457760
30487498
24505714
31473078
30451888
30472273
30449158
35642769
30692156
39538058
45302038
30421544
30458540
30416225
25301260
30440538
30461369
30496514
30444566
30494607
30469253
30471606
30421137
30471184
30473809
30498800
25018426
30502730
30462995
30509928
30466916
30454364
30545495
30514765
30515824
30385640
30490062
30441593
31349520
30510745
30483450
30638266
30184240
30475842
30466346
30469362
30454493
30431030
30448542
30420049
30557515
30441044
30469958
42968935
30497673
30526528
20708736
30408129
30392793
30568530
30527215
30572561
30455937
30487264
30462449
30503713
30870848
30610678
30427735
30530418
30516195
28398417
54548485
30415104
30391322
30416397
30443569
30598186
30431916
30427386
30428196
30408394
30419331
30563595
23084139
30482951
30567236
30502426
30496051
30460451
30457977
30434075
48770633
30457206
30482276
30423584
30508933
24050045
31259720
30490355
30458842
30474382
30441980
30465182
30623204
30490350
30523697
30397682
30578566
21832821
30409878
30476560
30479686
31048269
30426660
30469261
30447258
30491747
30468884
30586931
30457414
23779630
30445168
30473170
30485086
30415091
30439124
30485443
30511473
30516969
30453602
30462078
22853254
30467090
42140396
30529505
30601322
30518013
30466568
30465659
30470398
30429111
30483348
26017860
30481557
30426530
30520558
30442141
30458246
38754550
30422660
30478258
30482320
24962103
32476508
30440773
30602790
30484437
30462639
30454088
31295804
30499951
30465782
29466013
30558279
30590290
30526728
30508811
30476030
30484273
30556455
30604653
26246840
30548384
30522621
30493000
30554493
30488158
30552398
30927339
30561262
29384380
30546130
30562255
30531935
30447770
30601541
30486328
30528119
24070681
30602808
30546951
31402071
30485449
30542566
30540101
30538629
24590804
30492195
30488402
30507975
45515151
30518624
30527309
30523554
28993268
30488770
30510611
30511100
30649357
47711655
30499906
25319460
30571267
30522906
30507310
30486395
30514613
30529920
25505164
30476449
30501378
30463633
30583017
30455658
19836354
30546751
30523444
31332651
31141331
30465438
30541471
25577393
30543842
30472980
30537199
30499764
30458464
24606159
30683277
30561629
30505868
30533033
30537637
42263556
30556078
30585125
30528575
30624283
22294048
30613393
30625730
30583912
30555290
30590702
30053641
30518081
30697679
33358579
30536553
28635006
30581555
30593681
49375514
20431884
30587108
30553934
30496386
30579504
23365728
30614524
30568384
30600834
30639719
30030088
30628347
30552011
30572155
26065760
30627835
30588780
30594104
25086352
30658351
30486124
30554747
26064625
30563933
30640606
19089254
30545622
30600619
30641468
30593023
22852780
30629175
30789164
30564431
30660983
30586709
27927566
30791878
30660524
31530337
30610670
30521899
19233210
30604388
30599020
30603810
30567844
30585920
30583364
30556695
30598657
26465218
30689810
36059808
30586554
30527715
30616530
30588610
30635847
30555033
30533313
25293335
30574433
30618034
30753434
30576090
30607184
30652915
30648117
30573552
18444479
30583487
30577787
30584057
30677812
30661616
30565242
30573059
30613628
30611610
30581897
30585489
21283569
30615953
30608063
30615081
30666251
31626615
30566751
30540597
30690340
30607433
30609479
30712617
30569410
30585938
29669807
30584895
30616264
30733735
30584225
30592357
30612419
30581506
30663914
30732992
30607422
30584162
21417591
30563800
31197663
30569765
30655588
31220930
30592804
30586662
30588310
30541093
30630730
30558215
20177461
30586695
30611343
30600724
30561442
30639547
30635553
30694816
30584857
31195543
30631322
30524278
24745732
30513300
30556494
30634366
30629099
30622210
30595899
30572706
30753055
30612877
30627855
24761894
46448210
30352495
30406316
30399426
30441366
30590466
30378765
30469304
30448416
20262523
30413613
30438727
30391857
30498464
30263402
30411176
30395626
30391156
30412020
20709446
30417700
30557908
31171978
30679508
30493998
30374175
30426055
30402519
30387777
25021652
30392185
30462669
31259551
30379520
30457705
30510853
30397518
30417674
24072555
30323202
30398427
32802392
30381410
30394322
30337938
30395227
30424007
28846161
30425828
30503878
30335340
30361995
30343256
30379236
30407884
24895346
30419173
30396085
30333242
30324959
30410531
30384346
30672376
26332429
30426675
30396297
30377867
30356734
30387477
30409642
21167428
30446816
30380815
30351410
30369064
30359666
30402571
19116365
30421013
30374222
30441189
30355256
30413558
30420298
21291260
30414840
30359442
30514024
30400232
30476392
30428275
24910373
30399437
30443080
30445014
30441610
30437846
30371849
30621543
26264468
30424073
30455719
30432521
30450175
30435057
30414833
21434702
30484041
30441811
30393136
30459591
30707281
30408942
30366844
30583954
21406349
46726708
30437798
30531800
30535953
30502112
30524130
30527982
30527693
25168372
30512562
30639875
30511020
30493159
30522307
30456701
30542209
23173882
30557895
30631773
30519878
30524604
30485872
30521432
30537296
24959834
46904031
30605773
30886390
30587508
30581894
30580338
20630322
30618197
30599157
30599808
30549802
30558102
30717148
19004551
41579353
30560855
30482900
30566068
30536153
30572024
21786419
30655841
30616639
30548304
30564449
30527220
29743452
25885170
30597915
30603939
30562820
30585682
30610578
30577003
30647359
29282467
30567173
30594950
30593198
30526711
30600908
30608391
23232608
30581695
30625250
30589234
30557384
30534958
30701183
22344946
30639086
30570264
30626338
30688102
30591654
30588493
24202760
30642933
31455019
30588599
30672813
32577042
19520321
30618271
30641003
30571608
30576290
30624273
30535362
30574278
22059333
30653808
30616639
30626957
30695382
30672787
30697405
30649732
28355229
30699046
30661184
30721523
30691358
30713857
30811427
26538333
30711084
30857441
30690822
30672553
30656219
18305835
30620855
30690033
30661508
30823602
30739933
30626865
30673075
30712346
28593110
30709669
30662823
30723305
30672604
30830604
30757090
19833390
30698550
30698312
30687614
30750441
30593189
30671385
30771797
25915231
30735348
30734423
30904097
30607968
30689164
30663595
25274796
30683277
30675563
30598866
30668916
30652353
30643389
29195592
30645424
30731124
30659532
30599687
30603092
30663841
30657248
26852992
30678544
30730188
30701352
30602395
30638419
30747831
19457204
30688730
30648501
30610499
30655526
30692832
30658141
30784274
30605446
30654555
26827636
30702312
30629526
30675286
30626504
30690899
30724648
30704308
30706663
30077297
40073981
30701240
30653983
30613597
30694028
30687937
30683168
23653088
30710962
30727788
30641582
30631848
30789350
30680691
30726818
23208136
46707794
30554989
30631300
30596630
30538084
30793227
30559837
26510750
30754576
30654553
38851875
30764404
30701394
30745704
22973634
30746156
30719566
30718785
30712848
31043182
30661023
23221367
30709666
30710553
30699875
30685576
30606889
30613159
26212169
30699755
30842923
30695937
30685328
30700500
22406564
30652316
30705140
30691528
30801950
30633873
21303293
30651986
30731530
30650875
31346320
30697714
30661253
30609611
29609662
30865085
30718768
30726808
30613922
30660503
30700854
29707639
46857178
30574439
30621768
30616886
30659423
21274440
30622886
30666077
30640691
30605724
30591635
30690768
28337982
30772646
30665244
30678743
30673341
30603326
26483360
30671253
30700302
30663613
30633590
30606997
30034923
30630457
30691903
30673784
30683106
22564345
30615997
30588426
30688505
30705059
20155374
30592757
30612924
30610636
30621399
30588466
30245513
30630470
30809201
30666367
19684433
30555177
30693390
30573284
30609158
30636772
21250413
30573370
30588365
30623119
30629264
30535178
30606888
21124392
30530971
30419682
30460843
30468625
30444407
30388513
30417122
30445602
26925007
30442068
30466308
30488862
30408999
30484996
30445144
30414213
26493362
30472420
30410911
30408013
30486155
30424148
30465150
19902301
30788670
30399506
30362337
30444907
30426442
30394426
30449764
26682579
30433246
30488251
30476991
30533228
30448960
30414594
26954045
30477000
30477515
30435367
30466688
30419057
20090393
30450506
30597888
30468422
30530577
30450117
30468139
26302800
36620184
30454220
30489609
30483077
30417899
25369756
30486735
30451293
30438100
30386653
30453026
27539181
30420528
30450936
30437040
30388820
21576902
30449504
30554280
30424604
30356782
30329894
30047032
30400763
30472719
30346140
30439435
28448447
30503262
30619060
30431408
18630743
30472077
30484707
30466277
32565774
22178178
30462391
30405435
30441373
30583655
30510388
26249311
30415964
30456064
30568625
30429382
30418824
19222313
30486890
30563362
30478971
30351993
30462817
30360847
30389775
18188140
30435998
30446062
30577566
30410895
30465969
30441014
30436320
30422148
22027129
30476320
30611402
30484789
30509098
30507415
30381125
30501188
30554155
24937041
30434489
30417531
30470073
30493222
30440144
30483853
30455457
22103893
30453742
30456484
30410485
30556300
30469680
30462095
30553153
30448790
30424493
22795626
30501122
30405331
30429375
30457815
30438149
30443059
30463625
30469177
30447060
20268636
30434364
30435964
30452170
30834627
30391018
30685064
30412710
30434844
30363342
30431133
27751533
30418638
30448964
30409113
30592112
30457426
30443930
30452988
30484495
30377740
30404875
30634744
23777169
30416980
30550450
30486478
30379651
30443084
30356473
30434644
30522760
30478230
30449256
30377604
20897761
30417435
30411528
30453858
30385236
30464804
30440433
30456351
29075740
29195874
29087587
29213106
22515883
29068301
30624424
30409871
30407962
30435386
30476108
30482811
30456075
30421624
30434369
21222522
30434707
30588744
30427264
30449048
30487788
30393962
30412355
30442314
30472093
30434689
24042308
30459375
30427704
30394193
30536644
30602699
30423768
30436335
30407215
30425484
22447460
30417878
30407518
30491866
30462962
30421799
30466504
30561657
30437318
30496095
25396568
30415066
30430235
30396546
30351479
30495164
30428444
30454573
30418268
22844708
30510693
30469881
30429591
30434038
30342533
30410731
30474204
30431126
24398749
30485249
30389477
30433198
30445693
30462009
30409988
30412799
20733579
30474549
30439251
30412333
30389175
30408587
30415828
30450767
19823759
30435989
30360314
30399529
30455460
30608666
30414431
30454564
23375960
30417609
30416102
30428058
30385946
30503374
30414066
19872134
30495753
30545753
30438104
30431640
30480144
31112482
19930429
30427378
30547411
30382469
30416595
30396356
30466928
30724891
30396228
25910448
32337689
30386742
30411157
30371918
30391340
30541882
30373953
30420554
30314236
25189704
30387568
30379424
30273874
30325133
30409837
30463044
30376357
30427491
18962476
30393515
30474864
30398090
30401386
30384131
30375996
30332611
30404106
30427275
30308931
30401531
23806064
30334912
30364653
30416427
30295729
30269721
30444037
30430381
30429342
30368056
30382757
23886712
30421507
31649908
30383513
30369136
30388615
30358133
30358351
30343600
30427153
19397053
30408251
30378704
30546466
30394186
30370824
30401592
30389682
30411586
30376700
19626230
30466237
30367661
30362136
30426253
30370648
30436991
30417253
30364967
30388840
24233455
30382882
30366089
30520686
30387475
30353658
30367868
30451395
30421564
23365729
30561935
30325760
30427969
30369709
30338611
30351109
47388252
30401880
27052065
30399017
30427995
30305806
30428456
30442604
30454606
30398513
24170636
30401166
30352382
30357926
30327062
30388607
30416867
30324896
26268675
31304980
30336911
30408086
30455764
30474902
30472074
20635311
30460230
30411911
30746272
30472828
30362577
30367069
30375114
30290149
30559989
30550836
30514024
30737688
30575263
19988354
30553551
30480397
30539891
30508015
31461899
30727668
24182278
30580455
30540180
30550901
30553023
30568926
21997962
30671944
30659012
30668752
30665821
30668099
30644798
30606850
26844654
30643708
30659577
30642153
30603103
30611210
30622653
25013401
30650748
30579239
30610002
30612776
30580433
30612577
42007285
30675306
30729219
30631340
30688660
30596736
21227153
30728697
30670597
30758490
31221121
30671998
30755824
30687417
26785850
30686183
30643753
30717846
30627968
30670130
30593839
30625022
45251052
30606728
30582405
30621342
30642228
30647228
30615786
26409284
31490818
30540464
30604352
30492300
30518776
30597365
29955917
30564908
30723835
30560761
30509708
30566259
23066046
30554935
30554020
30506888
30559737
30599286
21062507
30559341
30529031
30679655
30547961
30597334
21208202
30558640
30853990
31472104
30577746
30619310
24055151
30543184
30539886
30589377
30532275
19909234
30549895
30570675
30563330
30529902
30520222
29505138
44349127
30655793
30546197
30519036
30463035
25438409
30523106
30537608
30486324
30578015
30608823
26057081
30640079
30515872
30560895
30638438
18877121
30476137
30604482
30566371
30520653
30734750
24278022
30489633
30527784
30557571
30538906
22345559
30523218
30549855
30552942
30532658
30568041
19760892
30570559
30557724
30537410
30564675
30628168
30803197
30581949
24633706
30500281
30554404
30583606
30580891
30600408
30617374
30621943
30559070
24555546
30506572
30571345
30548015
30561538
30539666
30541950
30551057
30615166
30486766
30580137
26690199
30507440
30585533
30589366
30573658
30499295
30536381
30585723
30588379
30627440
30537473
21640163
30556802
30590278
30589671
30552910
30576330
30535752
30549213
30579459
30621375
30558489
22486966
30663189
30531708
30516293
30579823
30554691
30514304
30552223
30551708
30545147
30531362
27375577
30521660
30556434
30609458
30553949
30547855
30542710
30592693
30607446
30582672
28070003
30567384
30602401
30594597
30526689
30545246
30583966
30613482
30597255
22461942
30624951
30555720
30599789
30582361
30644821
30520629
30541184
30547537
21496070
30528509
30528102
30511575
30608777
30621761
30587626
30534509
30662017
24910388
30523078
30528640
30538999
30554441
30585804
30584425
30529917
22421258
30649313
30590879
30546667
31204815
30626559
30574287
30513041
23617534
30529620
30553736
30570732
30545744
30536749
30660851
30548655
30068496
30589771
30590069
30541584
30565489
30494419
30571357
26541129
30489804
30519506
30551126
30585453
30561417
30586553
29268200
45960813
30445761
30456087
30397045
30434106
22450898
30479840
30556806
30443226
30444635
30405776
19780659
30374954
30422803
30419882
30458909
30454549
20256748
30393982
30445800
30424540
30566124
30445820
22891334
30337080
30415800
30479302
30481602
30433110
30438778
24132579
31069712
30433167
30459185
30408186
30535457
30433993
30541515
22018883
30390325
30389882
30428735
30399091
30406740
30429137
30405022
30460933
30465678
23392464
30442364
30470541
30492073
31321756
30402006
30587701
30511719
30455317
19161864
30393033
30396915
30370480
30434726
30435691
30423077
30448067
30557039
19507969
30428515
30428224
30451365
30397911
30441732
30453030
30418937
30447828
23880999
30576232
30502508
30357351
30389925
30423016
30360035
30441046
22108279
30442556
30441571
30466911
30459766
30446944
30428266
30534464
23766400
30435986
30448190
30502284
30477077
30502339
30389174
19676374
31238500
31149183
30466058
30475679
30458822
30446462
30490240
30489308
20351837
30422338
30476901
30410097
30505418
30452292
30478254
30696485
30447540
30379967
19599459
30413540
30472291
30522579
30487940
30493946
30530719
30540063
30471224
30452350
19616821
30387486
30509040
30427973
31297879
30476315
30552057
30431440
30512331
30593402
30544655
30479956
18561135
30415280
30463725
30478354
30458791
30480995
30503676
30479190
30473622
30423333
30482206
30423484
30461077
30282329
30435460
30459431
30494162
30467540
30478206
30501540
30524124
30507801
30462522
31363880
23591620
30446066
30470997
30389203
30430575
30528688
30436239
30430714
30494652
30568382
30501886
24085476
30585127
30479488
30415944
30499335
30427155
30422445
30484622
30503546
30420097
21569164
30427365
30451011
30418231
30432278
30452933
30493946
31117951
30452042
30464371
40022805
49978063
43881784
43851599
44008736
43992874
43949617
44209276
43906912
43940366
41432581
30569792
30585841
30596706
30594874
30683266
30585704
31251395
42845910
26245535
30614960
42056061
35989154
30600873
30567615
30581695
30624033
18520310
30548075
30670775
30585304
30605068
30613418
30863130
30554542
30759632
26555769
30621248
30549393
30588966
30718346
30568902
30581209
30601228
29547615
30564116
31413262
30493764
30557392
30725898
30539888
22982555
30579352
30604893
30614366
30599642
30715319
36053510
22364484
30615508
30654268
30557384
30626993
30633689
30578284
23056445
43365080
30586739
47792286
30562716
30613565
30571775
29065056
30602379
30586813
30653211
30577906
30662574
25853630
30689296
30608266
30625356
30528805
30612079
25731067
30724723
30567073
37533117
30549413
18418340
30534155
30567464
30543471
30562820
30572230
24081712
30547993
30630595
30600269
30590908
22359999
30589786
30613379
30489725
30502148
30586387
19612108
31321083
30488193
30493180
30469352
30540915
30606929
30503075
24537491
30649111
30491780
30498046
30464995
30462545
47250403
30426831
30464151
24633317
30512979
30533155
30467113
30416764
30468069
30480819
30507384
30528799
30594552
30422450
26615457
30503839
30457909
30540710
30412774
30435706
30514091
30464693
30467340
30600459
24332742
30459707
30431929
30460764
30491433
30484975
30514997
30479019
30513279
30484773
25339686
30494677
30470178
30468266
30481532
30579704
30481570
30462457
31413989
21825023
30503146
30538984
30479642
30533184
30478560
30457185
30555553
30487867
22407893
30469549
30531034
30551493
30501064
30491081
30501609
30500857
30723761
28859357
30496092
30500671
30438669
30498990
30467361
30469197
30407384
25338755
29111576
30249984
30557279
30443266
30513993
30495974
30543762
30125040
30456103
32084741
30515753
30457923
30498169
30564542
24068696
30471116
30495293
30496092
40002612
30530120
30536695
23469478
30498455
31304993
30484711
30449948
30478871
30457447
26080909
30500991
30586503
30523084
30460616
30525564
21721730
30476365
30533184
30583362
30542302
30496549
20360242
30462498
30503727
30443259
30512941
30443389
21288591
30492632
29131459
29223658
30387526
30466024
24636763
30476922
30540879
30479177
30506444
21287467
30471704
30431243
30487704
30440305
19607719
30444230
30481597
30411624
30563035
30456909
30509857
29186032
33397867
30484334
30529819
30455453
18251655
30484545
46241492
30438815
30452655
30557521
30501870
30506108
29610769
30522446
30468320
30482429
30433844
30545895
20626097
46766318
30629384
30585908
30581846
30497438
30571564
25814621
30602519
30761087
30563002
30628486
50933566
23905923
30622371
30641606
30598974
30627241
30631613
25078430
30592519
30622843
30592881
30603210
18385471
30553195
30608490
30600839
30593735
30588393
30610095
21437333
30557311
30608593
30561328
30637592
30554716
30578044
30640562
20428835
30535113
30587695
30601432
30550161
30563910
30620012
31542491
30581727
30674080
22759429
46573344
30508744
30448091
30475769
30484128
30585437
30479248
30456515
19788914
30484333
30463276
30496983
30473568
30472995
30650752
30504030
30534655
21253146
46445610
30428031
30449400
30493355
30361341
30408806
30491665
30521451
26615428
31286165
30411651
30424547
30406326
30471131
30439817
30397526
26004946
30460090
30429240
30441477
30449677
30426659
30405600
18932067
30405826
30520358
32505290
30431233
30441397
30460700
30469635
25646713
30464916
30363120
30396820
30397391
30428335
30418695
25526281
30418633
30466386
30485915
30491975
30482000
18064204
30447751
30506797
30409247
30516155
30409427
30673815
24458338
30544023
30466541
30444151
30422531
30433215
23663721
30409956
30422346
30517764
30442476
30408564
25032900
30423131
30400317
30445716
31114120
19656585
30478515
30448045
30472442
30383421
30588197
25836961
30483513
30454838
30510704
30465786
30443919
22194022
30659843
30478567
30455940
30512145
30484781
30537862
30505004
26510497
30500338
30540488
30517350
30493729
30453940
30508382
21899394
30517186
30456893
30537763
30537242
30502753
30445698
21716977
30499997
30448158
30503973
30596593
30432882
30438527
25438690
30572271
30520519
30508660
30506684
30449317
30470462
30543130
24151336
30468937
30517583
39389700
30494498
30479873
30444654
30512653
29193558
30434986
30537904
30471446
30477704
30511614
30493264
24385520
30450582
30462654
30440791
30504464
30428486
30443044
24677851
30483079
30560670
30427729
30512019
30496438
30433995
30049376
30399299
30532049
30436328
30522919
30493768
24310935
30464975
30532001
30511375
30459935
30502282
23575924
30408664
30466317
30540344
30391521
30449773
25419640
30504777
30514146
30460712
30457367
19636885
30489268
30409100
30494073
30527724
30469400
30488688
23164811
30495642
30538577
30510969
30519468
30402510
30530962
30553746
23093776
30445581
30455444
30447827
30470455
30430554
30470632
30471553
30438261
21486872
30638762
30445098
30479775
30492135
30549315
30471989
30507197
30487314
24380560
31675265
30443296
30493469
30414724
30399049
30451745
30425411
20445979
30401878
30444876
30366997
30544520
30436821
30507447
30449951
20876608
30346851
30421235
30427662
30448803
30478873
30431402
30396760
24243711
30423320
30450876
30457442
30527373
30480866
30437640
22089999
30394940
30494951
30470371
30410237
30420278
30445955
22636757
30393225
30451028
31308122
30482531
30435202
30429940
26292915
30477286
30596148
30511377
31113792
30418735
30438717
30490692
26882930
30487746
30415044
30441004
30412397
30536186
30451468
21294778
30430493
30803567
30420530
30430795
43407609
30444260
30392829
30419714
23836332
30500052
30376685
30448257
30413015
30410708
30422966
30421746
30462484
27114547
30432057
30474384
30437715
30600766
30458318
30433371
30439111
23918912
30444598
30415289
30520871
30399939
30384356
30448422
46343952
30444364
30466091
24207576
30455596
30445471
30447131
30433137
30428971
30455783
30467445
30505086
19521000
30401551
30393402
30470020
30446316
30625684
30465717
30395060
30414421
19496223
30395646
30490962
30486158
30470252
30376211
30470022
30531932
30375631
22476755
30446175
30416727
30419740
30515631
30511696
30481440
30547743
19904994
30455553
30412802
30491158
30462327
30465937
30528981
30458540
21254033
30452762
30435576
30482133
30526962
30481442
30538809
30464980
25945634
30469969
30486340
30477968
30457435
30463165
30607079
24207020
32411900
31911000
30522629
30517244
30574897
30580847
41059034
30700939
31205356
30723515
30826957
30718230
20644909
30688855
30716354
30704435
30757283
30700496
30722581
29770394
30778030
30802112
30709710
30806759
30717510
30265556
30879465
30755339
30713734
30686650
21461449
30718863
30783236
30669573
30777364
30686919
27011721
30700190
30723173
30797695
31624526
24503370
30675328
30765590
30739464
30721868
24823428
30693647
30699613
30767852
30797617
27643653
30734604
31566676
30717346
30649156
20010301
30668684
34462197
30702335
30702416
30687021
30686779
21288206
30870816
30745359
30722230
30692252
30708008
30728214
30705711
18526915
30695674
30727417
30752357
31410190
30721130
30848365
30751823
30780621
30762190
28657226
30726690
30879712
30706668
30703419
30755573
30768885
30717378
20594537
30653579
30658463
30722148
30687693
30711788
30722593
30774443
30773339
27827789
30674270
30724115
30777107
30743405
30749748
30781732
30759370
29400167
30875065
30705537
30710179
30872850
30678961
30739717
22495711
30669083
30734891
30738320
30705991
30750559
30703008
19780563
30662140
30716016
30650028
30680030
30689141
30705395
21171151
30673526
30733484
30614977
30724341
30758087
30714630
25652384
31386546
30468824
30744317
30558929
30583072
22139971
30547006
30570581
30599001
30505947
30691296
30502840
30559733
26358493
30595959
30573833
30560235
30533484
30527435
30545649
24012922
30615572
30592357
30560733
31369355
30562111
30628135
25312057
30632239
30678573
30647990
30560937
30574093
30478862
30582846
22862856
30539681
30599059
30559595
30622421
30901112
30548406
30514742
23673064
30584794
30596688
30566866
30476351
30621759
30580427
30560354
30482115
24097271
30523659
30541402
30600195
30510813
30609499
30651150
30578057
18431199
30508846
30570884
30542341
30674030
30565637
30543571
30620770
30402711
27787589
30544122
30609506
30623731
30513768
30451192
30596860
19569004
30514573
31004632
30596115
30663406
30528252
30580995
30581989
25113083
30483187
30548564
30551735
30732688
30582729
30581457
30512644
30565381
26009168
30548033
30525902
30768541
30584591
30529768
30555471
30572772
30606558
24477849
30574530
30560669
30556435
30582857
30588290
30568381
30540999
30574639
28333986
30717152
30501551
30521219
30577817
30515075
30585624
30592578
24044922
30530580
30559495
30510192
30573211
30560381
30597066
30535557
24778296
30567082
30583843
30595432
30566906
30443533
30539060
19198355
30463622
30565533
30539595
30496978
30575939
30491475
30589402
26855195
30493436
30624664
30525955
30615370
30780899
30547043
29102740
30476703
30528225
30533829
30559555
30562586
21949080
30488273
30484969
30540712
30582475
30557018
18326006
30486472
30585030
30574815
30531844
30661453
30550117
30548411
23146880
30548011
30521121
40078348
30579850
30566104
30521446
20966483
30605250
30504266
30484406
30566549
30534718
30548737
30538484
30573849
24333384
30590219
32551208
30545926
30478390
30558597
30554040
30548991
30568884
30580455
24463142
30722784
30560395
31146595
30484886
30524305
30548124
30599531
30544502
19379542
30500631
30562000
30646517
30538176
30624355
50354887
30575249
30540300
18713495
30477102
30702398
30590569
30635109
30513529
30576942
30566231
30623799
22550156
30676388
30538824
30499476
30599039
30538566
31356217
50960317
19756997
30650512
30540012
30553544
30580790
30524386
30534269
30582313
21210429
30556944
30543357
30475624
30493998
30535908
30539813
30557884
25734399
30702721
31448482
30562684
30537826
30571884
30518422
23658630
30587700
30682644
30560637
30567979
30571706
30497600
25358811
30584595
30524499
30517300
30565826
30517590
19743355
30523114
30525206
31143800
30563070
30566095
30550055
27902187
30511795
30562775
30551335
30532944
30593489
28499303
30591570
30552200
30523588
30520879
20556850
30512218
30569410
30614084
30570380
30555386
30562801
22034576
30582870
30617129
30557664
30542647
30537483
30573701
30498166
19626459
46475224
30497588
30512279
30393999
30436637
30696906
30496855
30503211
30442858
25215324
30609053
30507589
30517324
30489050
30519471
30450849
30536385
30516873
25220342
30578485
30516221
30526246
31138509
30474786
30522137
30495504
19255036
30501150
30431073
30453047
30465421
30467038
30498069
30446510
30493962
30506477
27430687
30447449
30472309
30505038
30472005
30478410
31250091
30494504
19258214
30477739
30482555
30512799
30494038
30517764
30472693
30431146
30495177
25226089
30483488
30490262
30489881
30481434
30443533
30472198
30515285
24939539
30508761
30494795
30422293
30513229
30481638
30480537
18122891
30505819
30497133
30494384
30454433
30538704
30476311
30479479
25533668
30482684
30417269
30498655
30685073
30423769
30496030
25868698
30504315
30504431
30485180
30443129
30574573
19076536
30497739
30496266
30487730
30449650
30516953
30474088
30636493
19621490
30448944
30469926
30439978
30518937
30399794
30409787
30459801
30436428
30490733
23610355
30582621
30538876
30477166
30481862
30492211
30530396
30487788
30503958
30478245
29185344
30673317
30575435
30429982
30419588
30437859
30479340
30540041
30550573
26350394
30495838
30473373
30484584
30467531
30487311
30464913
30474229
19085672
30404360
30476920
30407285
30465831
30485308
30436522
30420542
30576298
25852252
30528341
30489135
30415520
30468377
30511118
30385826
30503490
26518206
32312773
30429244
30438469
30473569
30373276
30471946
20879571
30423109
30396077
30357765
30412606
30462413
30522061
30414386
30342685
31048701
30477940
30408889
30460236
30438064
19800887
30391875
30380173
30480784
29129698
29281929
29196738
29183663
30940348
26482020
30409045
30469915
30492382
30502468
30433788
30475331
30534798
28487684
30442974
30483437
30468960
30501779
30430261
30466224
22244444
30406747
30449153
30467953
30398830
30398675
30449907
20113498
30396480
30409568
30523761
30426386
30498446
30593939
21498009
30481337
30495479
30462355
30425377
30479926
30440439
25407048
30413826
30486884
30453275
30471447
30493037
22660830
30450664
30498135
30602973
30437346
30477104
22901906
30504173
30401113
30455016
30516033
30506735
25385365
30414491
30522360
30462730
30486787
20726443
30585199
30479622
30494966
30479018
30441588
30434849
24606099
30438577
30545134
30544370
30508955
30505915
30424686
30473749
25834201
32322186
30575332
30603895
30604924
30513715
30539498
20581172
30521104
30757036
30684713
30591781
30583464
30552062
30538213
31230757
20264336
30539797
30580596
30573715
30544686
30493251
30566675
30547259
30562450
23577713
30531903
30551039
30544052
30434624
30539588
30567062
30713289
30547079
30600706
25378011
30595274
30574949
30663483
30508061
30596915
30508854
30552166
30589539
21748177
30493164
30595325
43288078
30534469
30515246
30506494
30536577
30561115
22335813
30559218
30686823
30626977
30636209
30637743
30642132
30616450
30667908
27134114
30632064
30574354
30664633
30640306
30633583
30654917
30684924
25513340
30604763
30647929
31433956
30587717
30666578
30594204
30596170
29306795
30673306
30684850
31605330
30584367
30684659
30785103
23711090
30649214
30695419
30640439
30716490
30665899
30590491
22902995
30535158
30666215
30618645
30644339
30614639
30608286
25341875
30700346
30670979
30550017
30660683
30603404
20921314
30628304
30605814
30642184
30635605
30676434
18750897
30627150
30714699
30599818
30685651
30603000
30633539
30642526
25344945
30644134
30625836
30814039
30628503
30555984
30597004
24100954
30618193
30642200
30599464
30689078
30629193
30690161
26906320
30642747
30589293
30687526
30630972
30712381
22538086
30598929
30659299
30701888
30807539
30626853
21160025
30581039
30626108
30585801
30658133
30607857
22504220
31588182
30673219
30650977
30664290
30730061
25652903
30731108
30831545
30777292
30672775
22057391
30741877
30717923
30690736
30640250
20696104
30666074
30689745
30676754
30675084
30758239
18228269
31493537
30691055
30722486
30695807
30670973
30730956
30787130
24882476
30677156
30704199
30714562
30665652
30746497
30689677
30739497
30658104
29642622
30712939
30660724
30778006
30774957
30731353
30703248
30726412
21589202
30694048
30740963
30659095
30726315
30700744
30698393
30752052
30707317
30679485
30711095
28379880
30695075
30694179
31607911
30723304
30787968
30805590
30675919
30628829
30705719
30370282
30771232
30746661
30698615
30681144
30679193
30692964
30772828
30762163
23574650
30706396
30743270
30730592
30671244
30707105
30650471
30738554
30714800
23652896
30769871
30684179
30870801
30726877
30735799
30707939
31098427
30757811
29171078
30708630
30790016
30716609
30718868
30703745
30726232
30677110
25722224
30701626
30762585
30654412
30652963
30686864
30742290
30711048
28271083
30696408
30724048
30700108
30681254
30710999
30707021
22784366
30673530
30778821
30717935
30738688
30772157
30679703
21632195
30706656
31445589
46703607
30679434
30702916
30679141
23203964
30675984
30635452
30643419
30613650
30686215
30777434
29982123
30692223
30630951
30574119
30616697
30658624
26028789
30638108
30673128
30645346
30624212
30695051
26629104
30631371
30618722
30588819
30625379
30697719
30573013
25304168
30652282
30621597
30578697
30644042
30610414
30618508
28063093
30675050
30700099
30648304
30579477
30719017
22321064
30589515
30626668
30664437
30611295
30584393
30577947
30662238
24192274
30620350
30721519
30594832
30638817
30639913
45584827
19817697
30558153
30529858
30739183
30654132
30628307
30610713
18553508
30592773
30673846
30684277
30625243
30628697
30627646
22360640
30560242
30661553
30586782
31468173
30714135
30661188
26092423
30804905
30604999
30579744
30678621
30609946
30747713
30692323
30063283
30748101
30630337
30619643
30586268
30580562
30666562
23913299
46882975
30719097
30642937
30593395
30551647
30624060
23242422
30598162
30598817
30592840
30749196
30591325
30631332
25393226
30620424
30597862
30670943
30573794
30677892
20909381
46422360
30489689
30734724
30418842
30509411
30511640
30579099
23153786
30474347
30494502
30602480
30426243
30416091
30465847
30446573
30492261
25271940
30458413
30473913
30471053
30476232
30580954
30471500
30512589
21499685
30483532
30535555
30479584
30457431
30550491
30557120
30553448
30579557
18938934
30440210
30445821
30452244
30598066
30489151
30488933
30437493
30468814
30472004
30531437
30499289
30513075
30477849
30451908
30636361
30529500
30467662
31195629
30493457
22819658
30486062
31200360
30506717
30553559
30465550
30464504
30495846
30595239
21372913
30468831
30501235
30524800
30521031
30463933
30497462
30522750
30462619
23865961
30408366
30476502
30553875
30496451
30510984
30613577
30543105
21248120
30473849
30478570
30403526
30431811
30479087
30550524
30464188
21696003
30418653
30517144
30598083
30453111
30473520
30411744
30449098
25728308
30421493
30488651
30537516
30434023
30538672
30651319
23337991
30525741
30619526
30515300
30493808
30441255
30554530
24319953
30437282
30464124
30458475
30490209
30499391
30501795
30223238
30427715
30574215
30484808
30600065
30460219
25348659
30525366
30458635
41451409
30514416
30445164
30492550
19563993
30431656
30629812
30559238
30443349
30505851
30437095
30452438
30440453
18780239
30381489
30474903
30434262
56775377
30487564
30489933
30461945
30501039
30497982
26800516
30480546
30486219
30480928
30479879
30416173
30478123
30522997
30534624
30564877
30477994
29164789
30498215
30552709
30418953
30468586
30468448
30452210
30550425
30493909
30567127
23778971
30472258
30487244
30506004
30421860
30479636
30593907
30460337
30460630
30401707
24750957
30522679
30481504
30496572
30585283
30498620
30489030
30602159
30541392
20645935
30454835
30471884
30514295
30495734
30495991
30461575
30476886
30441764
20598257
30484895
30496313
31311567
30467149
30455029
30480970
30494753
30585427
24241287
30646033
30429999
30482008
30484640
30507269
30444247
30543975
22558441
30447541
30513013
30466108
30509939
30450053
30486824
30440566
23928200
30538773
30684151
30496415
30473999
30453069
31575853
19630301
30428762
30484515
30478728
30437919
30489291
30531141
30423689
29904012
30495415
31383017
30524375
30465082
30485217
20338273
30432188
30426624
30516181
30516159
30485678
31133400
24946951
30544162
30520259
30660478
30446658
30495744
22920371
30476980
30494044
30431744
30509264
30596721
30402906
30689156
30143327
30470133
30532009
30410458
30486435
30487428
30495883
27663099
30531493
30526147
30498575
30500294
30512862
19216725
30466135
30485298
30487821
30517238
30599610
30467541
24119776
30505307
30505529
30501733
30476412
30457350
22274786
30423899
30459827
30505878
30517744
30482693
30519444
30459046
29349465
30517674
30499146
30548519
30536222
30497175
30502926
26948638
30434367
30547331
30568890
30491581
30496803
18762781
30363895
30444446
30484137
30426611
30489617
30407920
23904199
30404593
30457311
30473655
30447397
30482677
30459282
30449657
26573742
30605253
30657080
30684848
30626572
30659981
30663559
22332902
33948623
30595228
30669348
30698639
30615343
30659028
30632778
30639699
23160772
30589935
30681728
30694211
30645592
30703572
30660841
30845059
30687590
30075078
30767833
30664579
30659811
30654991
30611095
30595793
30709846
27317696
30694336
30662859
30620809
30583304
30618809
30698955
20087813
30584950
30664803
30617789
30617006
30676704
30632459
30621952
25918132
30609228
30764772
30713395
30646923
30601562
30651102
25240298
30676949
30647079
30715046
37328020
30686383
30628224
29317369
30563433
30629663
30644068
30578881
30666099
23532539
30641573
30710177
30670839
30685859
30686593
22118782
30546047
30598913
30629754
30599808
30663319
30604662
30609721
30101375
30599202
30702115
30647143
30637543
30634267
30838489
29266127
30573150
30631368
30579184
30555164
41026653
20568899
30520574
30599907
30582897
30580245
30514260
30551742
26347889
30550213
30496861
30635756
30484553
30482177
24902352
30612515
30558826
30520006
30479915
30625926
30544162
21337098
30558968
30517356
30671459
30539522
30581497
30599544
30544691
30548969
29950216
30575311
30536248
30586464
30607090
30620467
30622143
18656632
30460261
30569724
30667886
30569238
30550589
30572949
30535355
23211949
30589459
30659796
30668493
30577534
30627737
30627673
20986547
30581077
30639201
30600690
30632913
30609688
30627617
21957928
30586035
30645375
30654042
30635572
30566454
30641088
30634064
18811096
30552001
30648621
30651476
30615346
30604051
30660243
30594019
30689524
24051619
30591268
30584848
31175665
30583213
30598824
30553335
30583549
23404673
30598557
30652259
30665417
30592882
30538469
30622403
30610102
26141580
30570603
30601157
30629147
30599904
30587627
30586573
22560477
30585413
30742617
30604662
30581879
30617895
30540139
30579840
30630409
23831688
30570633
30552948
30597824
30431749
30459153
30447718
30453153
19708188
30422256
30538037
30475865
30433835
30431147
30577439
30511751
19226611
30455464
30477895
30481075
30426855
30530508
30461455
30492224
22212442
30607028
30495617
30512232
30505919
30516553
30466376
18647876
30438226
30686807
30542667
30486753
30465799
30403609
18411213
30393093
30416129
30448328
30486131
30478692
30462184
30502651
30546733
24825936
30436943
30353204
30506060
31079527
30475237
30432862
30442269
24409095
30435469
30436719
30370151
30439253
30566564
30421189
30430875
29596331
30439511
30433996
30441808
30485076
30587620
30385322
24758754
30472991
30453239
30475738
30507517
30420096
30421520
25091221
30453764
30438713
30479344
30453084
30490037
18158013
30481657
30430869
30457810
30446431
30480195
30430627
24834083
30405247
30387320
30419762
31163190
30468655
23884905
30387540
30410791
30453542
30400666
30466962
26049865
30396061
30402042
30397740
30442865
20762819
30428952
30422654
30428092
30512155
30412697
46180765
23722376
30469982
30441815
30451718
30416327
30461700
20446615
30349915
30562541
30489818
30505720
30424300
30415670
30465466
23568306
30418613
30461090
30488327
30431302
30435666
30443438
30495751
19463860
30392144
30459906
30437706
30452118
30497266
30437541
30390142
30417564
25095358
30456244
30426880
30521978
30409380
30477895
30516664
31264842
30494549
30455280
23938332
30441973
30418055
30494973
30405913
30518489
30440777
30505802
30486340
30489655
28669610
30585433
30434126
30428656
30534176
30434207
30430642
30488085
30412709
25576935
30487375
30454158
30618944
30482866
30519212
30500581
30456524
30470624
29227618
30653919
30501151
30529762
30461104
30478142
30461138
30426913
23780226
30464945
30482722
30522073
30484577
30489731
30502694
30551195
24069759
30463617
30507876
30471128
30422489
30446031
30432678
30451253
29546225
30461311
30475383
30421035
30439560
30476995
30444656
25087909
30471051
30488195
30488337
30507738
30610346
30497720
25706027
30477224
30444320
30420964
30449304
30479711
19600343
30577244
30593335
30502296
30489340
30550898
30599648
26002272
30659524
30584610
30524495
30541800
30532435
25326775
30584430
30539366
30540284
30422295
30521684
28453781
30536639
30588045
30561278
30601232
30521395
30579195
29525320
30549375
30547715
30531739
30554520
30577181
21738150
30526319
30606840
31614256
30628113
30710241
30565092
29951081
30673966
30541499
30643459
30554595
30561139
28977826
30538402
30542240
30580264
30540159
19786274
30542280
30482369
30610460
30607386
30473926
24484864
30598118
30587917
30642694
30548004
21742597
30540873
30531386
30520220
30560588
21262700
30662104
30488364
30517773
30579069
30574575
20637168
30585299
30562097
30564074
30577854
30567304
30536086
30568630
28471824
30552886
30541654
30571526
30548886
30526139
30563717
30539204
20648130
30532376
30558323
30456786
30550760
30548946
30499935
30522596
30611967
27429773
30557490
30556929
30539758
30544872
30709313
30510380
30603600
29081817
30530944
30577318
30574786
30525410
30559678
30524877
22044861
30687961
30605322
30641548
30592260
30587334
30513035
19781674
30515755
30621440
30501504
30508780
30586401
30538050
20706161
30672258
30539782
30574098
30560678
30572071
30582724
30526666
30561845
29059770
30552946
30613197
30569712
30586650
30715050
30565159
18210558
30528209
30502715
30494124
30538666
30550221
30539341
30555208
23154469
30463486
30483537
30544172
30598270
30515979
31340503
21355307
30558794
30682177
30551247
30477450
30520491
30571362
22299242
30576508
30635797
30688954
30633601
30606609
30541509
26630924
30550713
30564712
30614411
30617114
30662481
23841039
30599481
30571970
30569276
30560708
30587099
23768225
30632088
30580164
30591782
30539141
30665966
26420702
30449306
30896874
30368063
29071686
21352244
30463186
30597970
30419205
30459318
19076949
30405631
30508601
30425248
30434448
18924831
30390003
30422111
30532144
30411796
30501673
19806936
30365489
30471189
30437227
30399542
30395436
30400580
30401162
26589768
30441492
30410865
30379235
30392177
30424403
30459551
29110167
30366185
31322967
30473957
30475038
30526420
21826070
30400851
30544928
30396191
30503371
30495504
18729929
30434733
30429679
30431113
30444420
30411701
30457037
30430713
29229551
30442542
30413739
30464595
30413627
30436359
19937348
44997999
30474728
30404323
30483537
30473825
30583210
20657163
30401002
30420593
30420206
30440663
30405777
30425622
21342202
30436687
30475846
30485802
30427760
30458238
30502857
30411218
30429942
29613821
30428277
30442768
30494144
30437477
31041798
30422562
30427468
24527195
30438447
30417307
30447375
30393146
30457300
30397238
30401140
25463952
30455955
30454122
30444282
30420888
30440300
30515850
19566857
30373415
30425306
30377818
30321889
30400131
30454659
30432186
27572719
30382355
30495607
30438657
30413824
30422786
30411235
29786383
30430151
30544320
52580222
30502022
30393678
22038613
30474604
30424309
30416845
30421693
30406751
30392860
30446611
22986216
30412058
30430427
30440422
30454922
30392265
31042508
30393411
27778447
30431051
30439941
30400680
30515321
30424130
30394179
24902281
30445459
30486556
30435326
30411451
30417574
30426110
26130894
30543592
30402737
30449688
30458499
30403342
20520633
30463682
30472228
30460843
30444693
31293054
30519522
28435200
30419137
30473317
30402109
30465676
30485119
28300661
30385504
30467484
30430811
30447651
20184775
30401285
30495834
30476758
30470584
30460099
25082269
30477949
30480695
30413900
30442008
30449709
19657137
30408626
30430960
30445382
30410794
30448046
30467440
30449780
20476526
#end
