#729a2951|blade-1-m620|jdom@54ed0cc8b7e8deffd5e088305ca7723dc0bd963c:org.jdom2.Verifier#checkCharacterData(String)[generators@bcfe6d43107430b2604e2e34b9151742941652e0:cz.cuni.mff.spl.casestudy.generators.ParseFileGenerator('MQ==')]()
#date=Apr 27, 2015 4:31:43 PM
#warmup=1
#count=4323
#begin
23202160
57003964
47497573
41048627
30470442
32498907
41018443
60247205
40659990
44158405
43384006
36686444
43580806
30374682
25376744
33224649
31917139
31600561
44059725
42324078
25464355
30440030
30525566
30496495
43696168
32738179
30384649
30465162
31246960
30413824
30413382
45957927
25924562
30436198
30437493
43202361
43396442
45608279
30462680
30412402
30425046
30503149
30471040
30515246
31197185
30531573
31374809
30560093
30432066
30446647
30423086
30451066
30467931
30422445
30476575
30463507
30497153
30453620
30452149
30470822
30987253
31325727
31294862
31267114
30433111
30528033
30431245
30547076
30420689
30383682
30445659
30470762
30559604
30454796
21605970
30428140
30471444
30516549
30456946
30430613
30446377
30587335
31040523
37407771
44325947
51997601
30476699
32756399
33146196
37117729
30502284
30457362
30507655
30914883
30458261
30532862
30407245
30452793
31314471
30431949
30452889
30621283
23242195
30394073
30449220
30006909
29153605
29180476
29204009
29140443
29150390
29138758
29162364
30560922
30457815
24026247
30460340
31490815
30522069
30591453
30476705
30561602
30470231
30450791
30429885
30439029
30463259
21743714
30505287
30423600
30518293
30451993
30608386
31014333
47298831
30439049
30418013
30444969
30460866
24180676
30455653
30431503
30521139
30481142
30488441
30431767
30493975
30458810
30410257
30444845
23489598
30462951
30568597
30461305
30477109
30462684
30445360
31277020
30560315
30499571
30449424
25977322
30474177
30442902
30468529
30468086
48240300
30523266
30390251
30488270
30481313
24758710
32488115
30537282
30466987
30492600
31310252
30443280
30431065
30468375
30419855
29497675
30467392
30466674
30465597
30467077
30567834
30479293
30465231
30395146
25759355
39527862
30457772
30507863
31314364
30452768
30472906
30434893
30435978
29350098
30467525
30444240
30433550
33509893
30421157
30433537
30441660
24423880
30525270
30478226
30576863
30502976
30587654
30453208
30454741
23965714
30500898
30479087
30504808
30447104
30416765
30462252
30426378
28980015
30538937
30457351
30539946
30462184
30455561
30486653
28121058
30457965
30439662
31312792
30448122
30491573
30434609
25324673
30387603
30426577
46446692
30417447
30478127
19048954
30542964
30537642
30441072
31996499
30459062
30449733
25310380
30475526
30501711
30523904
30444229
30488149
24578292
30464298
30554535
30480082
30465589
30470246
26489335
30441825
30445920
30528209
30581034
30495757
30457631
21297987
30589466
30450302
30539269
31291764
30441973
30521354
30502667
30480030
30470186
27018719
30514895
30459520
30471453
30510328
30438291
31324220
30447950
30493615
30514392
30515613
18957656
30413420
30488533
30496662
30494236
30439376
30486613
30463296
30444679
30425282
30434342
31383132
27038100
30465700
30567002
30514097
30463752
30479537
30470829
30455804
30508404
31090288
20488351
30656907
32427969
30498864
30453562
30486179
30521115
30454733
30465942
30470591
30394142
29530893
30477537
30503053
30481843
30437024
30418494
30442148
30429325
30426764
20708894
30468738
30535506
30473255
30491857
30463455
30437826
30607800
30458172
30432748
29537348
30549106
30413957
30504731
30484806
30401900
30424182
30418900
38355153
59730594
46816464
46603021
30497954
44889866
30750430
31877460
30476184
25045048
30900317
30519264
52947099
30404146
31418455
42985552
48624926
24307109
42913361
39745153
30504780
31208720
30404911
30495355
31621228
29034861
30470596
30569879
30483329
30458603
30464048
30595346
39384116
40250605
36769190
32234781
30472520
31262411
30467570
27666233
30588330
30461202
30511458
30430255
30395775
30583773
28270593
30494131
30437451
30446776
30434218
30498551
23473124
30570477
30439322
30464110
30456791
30450604
22868045
30619962
30418106
30518777
30441447
30427393
24346317
30481104
30474573
30468738
30503541
30642388
30371080
30481364
30439986
33834283
49908328
25052342
30426388
30453615
30465775
30685557
23837297
30602081
30472976
30559615
30474706
30423468
22436842
30436689
30479611
41683175
30464802
30461556
30491355
30444097
29265429
30474411
30488666
30457111
30635130
30430101
30414440
26569389
30497896
30482877
30481973
30523985
30415764
30594082
31211134
30438357
31937407
30513435
30457637
30466100
23781321
30410324
30468493
30458606
30451891
30500084
21684168
30497440
30458782
30554592
30456204
30476799
43261224
49103595
32426649
30524048
30510188
31374086
28086076
40557657
53131340
30453826
30441077
21372542
30747694
30428022
30490369
30493781
26970171
30556196
31306057
30459546
30477071
20931687
54286100
30429005
30568250
30400434
48732199
20777161
44401378
30434241
30526558
30528913
31279626
23469281
30456827
30453544
30474704
31325861
18966250
30466591
30464929
30598701
30514048
31251080
30422388
23685719
31421752
30455748
30500433
30478995
30510373
31433676
30446364
25664235
30451671
30489226
30467626
30439793
30466337
30471467
21186626
60021459
31259602
29380347
29235654
29161501
40555962
19672477
30458438
53453578
32234979
30423260
30459737
42891030
21544497
31328366
30962132
30675097
44945128
33802506
51495856
28509992
60614228
33161373
30510833
30929554
31593543
25025246
30452380
30480537
30522345
31102369
30502935
24788279
31313079
30457162
30483631
30508561
30515964
30119739
30462487
30432172
34246718
30452511
32536061
38369684
37472949
34373036
31026840
21948369
30460775
30482998
30552156
30581448
22488486
30474031
30464929
31546653
35457369
24952194
30542637
30455717
30487618
19596003
30553022
31884016
30484360
30470118
30432808
25015212
30580795
30505555
30484348
30420484
27246965
30421835
30472600
30945872
30434386
31745273
20471531
30410478
30467727
40366342
30465311
30421773
20773565
30394475
30439722
29211116
29848952
29151941
27081049
30465568
30638264
30534407
30526904
18074422
30519308
30659310
30449703
30505829
30442650
31340456
23572444
30462110
30472542
30553264
47269518
34071801
30504596
49165925
24232602
46720868
31111609
31308902
30481528
30448691
30549426
19299682
30424835
30429517
30526191
43320904
51730233
30496466
32785406
31088210
19143217
30966499
31781877
30513540
47381744
31977768
30420218
30432793
30493160
30453240
30399548
20991063
30457522
30610389
30490983
30556628
30590286
30477694
30445770
30454016
30470201
31283176
22647397
30502514
30978594
30546597
30449368
30448840
30473593
30458942
30480785
30478029
20369116
46679677
46714303
30578558
30957877
30560922
53226874
33043665
30633955
60471358
21070570
49795639
34653333
30536738
30552270
30521224
31144938
30843045
30504611
31431366
27081705
30588125
30529644
30626315
30547148
30707485
30566395
30512324
30539703
28269503
31391627
30511235
30629774
30544344
30545888
30625490
30541347
21958528
30532892
30720271
30541153
30538315
30572641
30563433
31646648
20944025
30542550
30542494
30605661
31673545
30540844
30584460
30654681
22518457
30529761
30520882
30574577
30523664
30543562
30526530
30554346
30085576
30667719
30514791
30574328
30608051
30549469
30591405
28240453
30628813
30533646
30616528
30584286
30506790
19414497
30527009
30592523
30533264
31109122
30533698
30631874
24996534
41742541
30559317
30623271
30566369
30560060
23262671
30623708
30601828
30576508
30535218
30518746
23955940
30551564
30512661
30559180
30573510
30523758
29263324
30630024
30617380
30621371
31846510
23659097
30631548
34607953
30608800
30582002
22333602
30529055
30565135
30580199
30675194
22896940
30531442
30630437
30607730
30616922
25650834
30607904
30579597
30597176
20538373
30685570
30633619
30624501
30563113
30532480
26246375
30587513
30538842
32679457
30518239
24115264
30578284
30563835
30610130
30581406
24509995
30563045
30558064
30622644
30532508
30542440
25094796
30966472
30550859
30658006
32611062
30534484
30160514
30641711
32588183
30500771
30555159
45420658
46772984
30434518
30487295
30534879
22364722
30553862
58533520
30936467
30528490
21966443
31790022
39886530
30497378
60246462
24523671
58025370
30454131
30514609
20199109
37946717
30920283
30534113
44237363
33621179
30374911
30391037
31730055
30357491
22803941
30925916
31691772
30405868
47789548
33902534
20097887
54575456
43386792
31261956
31243009
30352169
30398148
30398608
25288167
31285665
30559359
30570666
45280342
30482817
30467965
49985632
30468273
28771967
31178560
30478689
30580515
30504573
30433384
30464109
30432193
23518799
30466200
30500035
30549341
30431259
46667106
52253943
30693331
40507885
30480107
31035774
30514272
39500315
38987583
30537589
46789359
38758503
29240431
46903166
30469387
30624842
30446731
30913658
30462930
30440018
25651975
31109386
30456208
30439195
31800069
30443860
30531230
30466790
28020823
30499215
30484810
30596437
30423127
30444048
30424953
23518077
30437006
30432174
30461301
30516171
30410158
30500624
21179386
30543824
31814883
54036515
30503686
52448032
30927157
23009443
30491540
30502899
30521592
47564911
40483462
30462606
56257667
42271669
30410154
31315729
30435589
30485551
25759750
40463847
39826549
40339898
40519382
40044892
27185284
30547862
30456051
30525810
30527748
19932329
30438714
30579324
31349057
30433958
30405275
29395666
30578046
30488690
30538561
30431133
23178771
30500320
30479990
30515857
30434702
23646690
30505889
30471474
30522659
30524621
26486935
33913830
38678168
30505341
21194514
30398137
30481842
30511364
30483942
30926289
26041714
30530150
30451684
30495921
30481231
30458171
20649750
30425526
30558419
52980370
34334471
30551575
53863331
30395224
22793108
30437144
30497337
30463495
30475918
30378844
30595615
30492424
31320625
25668414
31271288
30488916
30483726
30450706
30466193
30545720
30559069
30451373
22315482
31488260
30888562
50974099
36960870
30465416
56256349
30398303
30504401
30498899
29232772
54199256
31149854
30561059
30594511
30455600
37599610
50351033
30595422
28419749
30484300
30532241
30484811
37272741
58928895
34937794
30896608
21485990
31340536
30935530
51608397
35717531
52223017
35325754
30444758
20736712
30492111
42876861
30493549
30461764
30462218
59776287
40458483
22179507
30522782
50444807
30555762
30504990
30471027
56017732
30573395
39515208
31161573
30442603
30524838
30538175
30462513
31263265
25252811
30489160
30446266
31818626
30464028
30559067
30479991
28245154
31213906
30367576
30404177
30391909
31072217
32029674
30413177
25632809
30349405
30422393
31215831
30394353
30458640
30573435
30385293
30458327
30341460
29106310
30575251
30403671
30421336
30388582
30369655
30391170
30437903
30401739
39693828
101242575
31334858
30726025
30520834
30440908
47502604
30477509
45178814
27372265
40840810
43257440
30473626
31204577
31165145
30485629
30456873
20580950
30450133
30455231
30555061
44216425
30502635
42581584
30485897
19153796
30472824
31807370
30480691
51390062
38323222
31296127
30415933
24612937
30430787
30447247
30480397
30472444
30487948
30493746
30458446
29528902
30601697
30587266
30423595
31038667
30421761
30478349
28226905
30523171
57281453
30492887
30556453
30433496
24970581
54520238
37022270
30473124
30513573
31307170
30523209
25691519
30405728
30495379
30462484
40784730
47844104
38574913
32240960
30996225
30513863
44447995
45415219
25403937
55256206
30523944
30704415
30310304
19458515
30550599
30400482
30434308
30412380
30384859
25767530
39950008
40090756
40468358
40790780
24108178
30357553
30361687
30420539
30446373
25084121
30374919
31267982
30404911
30392302
29844875
30984449
30441300
30416018
23223646
30393855
30363615
31158604
20530459
30382831
30419814
30502806
19427658
47570282
30965129
30526375
45196856
19704658
30466203
31468024
45361409
30485237
30485298
20330003
30482939
30462166
30524127
30459172
30430433
30498473
18387100
31286587
30467258
30459948
30475895
30463104
30444602
30483611
30478411
23383978
30464744
30462744
30501486
30467042
30548423
32585782
30439267
21889334
30476677
30459267
30456316
30467712
30432567
31538157
30422644
23728876
30486457
30521088
30542511
30438813
30444519
30417645
20382855
30429802
30479753
30475257
30434865
30467377
31051773
18184202
30588202
30444893
30450376
30523180
30458399
30523122
21017628
50585223
30458533
30501919
30460206
30408971
30514597
27035725
30454829
30472506
30513160
30430553
30586911
46587104
43708211
47256572
43096459
43596273
30391724
28133946
31342924
30519999
30742408
30411253
18040285
30445447
30410615
30621604
30431998
31778413
24563933
30493380
30448915
30488603
30402129
23051620
30434887
30955102
30560357
30440549
23375986
30586693
30432380
30520554
30493126
26340125
30536755
30482886
30477268
30454183
19338331
30434659
30456970
30580049
30440936
30457098
30583684
21620188
30756616
45466157
30486231
30431393
30472407
30456342
30507014
19890632
30470244
30475633
30434840
30597904
30454944
30582833
30455251
30518987
27520157
35862921
30480802
30525330
30519655
30589477
30524435
30491269
29898815
30496334
32170354
30439253
31281258
30435075
30479035
44667594
47321532
47432934
38420596
31254827
31007681
30476689
21589546
30473353
30480553
30556899
30448313
48159443
31763253
22076712
32108061
30468480
30571873
30466329
57178143
30516553
28287076
31224227
30546802
30554173
30520624
30467276
24265135
30606131
30463593
30585755
30414796
30648708
23509359
30436228
30479642
30457420
30450056
30493491
26401020
30441700
31114962
30622644
30535935
21708111
30423009
30412591
30670041
30487218
19436379
30442844
30464179
30489306
30627783
22032429
31301023
31235554
30497410
30745811
30425014
19070781
45444113
56570378
30499018
30472708
30429885
30435411
30446687
27141668
30465717
30495065
30535839
30417142
30483341
30439324
29900350
30755166
30478693
30429864
30467118
30495687
22598577
30453740
30444267
30456228
30409438
30430995
19566750
30520895
30459729
31033452
30395989
30474170
19597137
30451822
30525748
30565839
31039995
30411115
22170721
30556917
30445170
30467667
30427640
44801994
30484208
23765632
30455014
30452391
30527606
30517671
30447847
30479248
28818003
31100168
30509766
30584542
30439266
30452540
24551064
30471431
37041415
30488891
30517119
31292882
47832210
46802068
30529764
43141747
38290858
30505808
28019360
30490333
30464680
30540017
30474920
22497186
30517008
31178047
30557913
30440353
20106389
30499959
30615647
30538479
31108791
30426957
30517110
28461613
30538406
30485558
30534382
30421153
30441206
36255338
30475170
30493284
34427293
38047607
41534973
21102196
30469064
30433863
30501442
31210944
30502502
30609886
30407998
26863005
30438530
30472995
30613639
30406367
30450738
31274116
26195156
30438666
30521673
30496327
30434171
30490886
35316907
30497375
30504507
30549260
31347082
52084774
30495422
23917935
30436864
30568175
30540097
30449969
30394178
22595746
30458395
47889944
38638555
30468482
30554029
23582826
30433031
30431019
31326749
30460781
30460942
30428386
23143341
30466118
30517700
31332792
46697696
30461453
30482649
23939013
31904551
48360762
31646762
30557013
30313307
30197900
21698475
46706591
53138052
32454258
30511140
30546985
30517030
55555716
30500081
40309862
30434579
30416777
30488199
30508667
30497169
31815919
30562519
26696208
30423121
30453981
30522081
30495794
30485302
30513402
17946205
31406057
30489827
30510271
30466998
30494384
30393278
30538375
34453136
41112317
44087501
47343783
43173775
30525928
32479294
24225120
30468057
30477290
30494189
30573164
30440618
30501795
27655066
30470726
30479037
30474108
30483026
30434283
23026961
30448141
30499971
30566240
30489035
30457526
21760445
83261757
30365746
30408411
31278432
30449390
23072260
30433952
30370561
30416413
30315974
30289096
30413045
23155981
30512548
30415107
30444244
30410740
30358658
30443063
25283655
38864470
30367500
41102857
30424580
30418269
21564684
30412304
30361023
30399379
30313798
30366460
19744683
30424222
30406270
30401844
30349920
30378451
30459969
31662180
26238742
30364773
36918750
30416042
30375066
30489179
30373368
26241710
30404448
30397821
31275169
30348277
30385581
18879998
30431033
30384449
30450394
30415218
30382118
30392793
24642969
30462217
30393658
30463912
30432517
30399798
23455766
30434492
30378175
30494753
30388107
30402948
25122975
30393719
30391910
30455538
30366225
36836530
59731928
46647747
30416586
30691242
30449040
26334585
31256123
40126779
49680988
30468807
24388180
30466224
30597300
30623702
30452488
25493813
32359923
30464564
30767433
18389010
31234536
30502195
30633233
44657482
30483719
22703508
30415780
30451575
30503537
30448717
31292700
30455486
25147047
30444795
30525586
30529977
30623802
42485431
21124887
30429306
30462255
30593746
30419731
30420828
18968280
30571343
30392735
30485364
30449277
30503817
20798168
30403811
30507106
30512701
31355018
53107156
33666864
24419306
31201371
31271505
30432795
30434311
30496361
31367365
22251278
32485856
30456653
30452742
30561787
30555231
30437793
21674762
30475784
30510664
56435756
30473158
31356525
52013137
40209480
31184683
35315000
30507504
30497027
30508615
30869917
30459175
30557632
30412060
25695791
30598592
30501405
40326658
34955881
30492989
41298178
39818812
52716091
36048916
30442095
30449837
30438976
30488833
30457782
24649539
30567076
30470918
30503639
30493417
32408873
30473439
24276804
30465128
30410093
30446743
30595866
30511808
30453065
27815441
31427438
30473122
30483833
30515051
30486266
23018078
30484366
30499444
30504750
30447255
30509333
21741637
30409689
30433353
30506672
30478493
44375458
49970601
51960093
30164995
30455619
30577082
30442633
30507766
30596013
30443753
29191302
30475418
30519973
32428188
41523881
55167369
20665832
30475629
31329317
30463147
30449753
30498680
30615261
46894504
30485497
37570795
30503197
30595461
30450278
25286484
30853270
30429049
30498998
30480448
30447791
28930105
30478119
30539785
30449251
30546915
20817039
52415582
37122225
30470255
30510124
53367182
36347642
24089820
30225693
30367489
30400378
47678666
30253351
30293580
19195024
30304673
30342214
30269495
51938190
37937886
30206012
30311875
30753677
31274658
30570837
30578854
30492484
50735002
30488569
30456902
53487656
26225047
40105085
39467944
30447802
30454160
30439754
30480862
30545053
20621879
30462607
30662330
35075659
39650769
31346880
52167161
33093290
18850885
30610060
30516338
30513484
30421260
30602585
31043430
50704449
25653711
50685555
36323728
31630171
30518107
30451782
30539352
51166025
29512253
30524875
35390915
46697869
31537855
30506695
30522330
42314308
39285527
30486891
30636877
31865844
30459748
18976518
30435133
30413126
30456282
31493042
30409347
30476402
24460409
32610242
30457397
30636115
30480971
30697213
22991936
31430925
30455527
30545266
30473814
30454982
23987071
32342576
30339433
60496569
30404091
44644363
30343847
30337371
33385585
46715931
30293931
23893892
50638809
30312882
31052076
30750105
22579497
47562874
47696404
43863040
45530100
27199567
30301135
30448442
30328789
30302273
26173229
30325518
30305936
30385029
21258114
30350920
30324740
30326809
30275602
29856066
30268329
30317084
30347914
26891936
30399489
30295734
30354597
42265176
52530407
30323911
19839905
30327475
30311833
30297303
22932596
30411623
30443574
30421921
19745283
57718153
36685200
30537620
30581902
58522196
28638386
30470164
36568766
52372091
30451066
30477944
23813250
30451104
30458665
44383020
35599762
31303857
45333836
20106649
55204853
36486871
30528826
30470517
30539055
30448419
30453997
26412130
31093170
30493399
30539939
30428602
40622708
43069903
30440055
30619462
26786334
30655804
57275872
30491680
30523151
38280307
43166461
30582227
21865433
30521037
49868725
32293136
32492037
30478564
44308964
30630506
20829124
30926309
30635455
30614327
30427163
49820030
35340036
30492055
38916628
32810001
30447391
30484382
30456093
30626960
30435682
19778309
74156587
30318518
30401269
51030859
30338569
30330545
24429808
86452869
30502467
30474204
30514780
57788640
36551598
30492346
31670939
27469599
30532791
31208344
43596733
57482307
30476544
30968019
30566409
19361653
54359219
45348031
31089264
30573801
30776674
30435100
30483359
30517675
30632237
30478026
29555024
30459848
30439599
31099807
30460753
30480031
30467848
30699071
30614255
21471618
30456895
30564079
31381968
30486123
30436755
30510079
30499093
30484440
18886069
30497870
30437881
30503296
30423053
30468478
30570860
30530711
30379577
21088100
39655361
30509577
38712066
49501338
30519201
30515042
30483746
30533173
27259020
30454333
30458920
30476931
30459071
30437980
30525936
30468298
27043200
30539534
30479551
31391518
30598811
30409714
30445063
20547852
30470930
30463702
30705703
31566583
30448688
30477217
30484753
28655479
30513711
30607686
30580882
30474514
30477131
30468065
54217915
30512844
30428404
30527197
30468928
30446363
21514162
30502190
30497355
30721020
31455029
30469917
30475596
29323300
30474613
30493318
30462569
30460455
30491135
27562988
30543663
30468422
30515306
30511888
19064301
30539491
30514891
30469237
30471146
30500404
23457511
30485600
30445674
30498723
33144387
20844690
30586092
30522577
30479828
30649735
20032807
30524177
30642128
30498338
30459716
21455538
30474186
30492044
30653057
30464536
30589313
24124744
30496232
30455899
30474022
30495240
30464613
30471171
23429040
30634344
31308078
30522915
30423877
30514959
30494393
26646157
30488140
30501464
30603379
48607462
30431830
22845050
30499959
30555037
30526719
31616145
30519786
30514075
30564229
26384686
30501955
30475293
30508995
30606246
30500292
30498288
30470001
21681773
30499770
30493977
31280095
30558902
30478689
31348205
30588823
30521104
26935090
30577464
30449750
30536337
30531955
30504291
30517914
30447374
26026682
30408194
30475320
30467942
30494662
30469919
30464433
18570753
30465005
30542600
30499488
30491193
30446117
30428781
30480504
25222689
30609804
30513727
30530041
30516424
30487832
30570543
24888800
30397604
30406644
30414224
30395136
30415904
30377839
29175594
30421982
30367442
30406918
30424558
30422307
23430644
30265011
30352627
30375365
30271377
30338306
22364437
30309380
30347104
30442629
30321703
30302042
23541466
30324469
30343256
30391860
30327137
30372802
36517078
30348904
31323668
30404739
30387204
24264317
30383676
30370064
30402109
30370474
23073038
30359069
30383315
30360336
30364641
24680714
30375063
30367108
30424748
30423715
30968545
30466053
30385596
30467059
23810268
46283484
30304903
30337513
19419363
30420115
30356829
30279238
30525607
30359675
29792911
30349408
30324684
30325972
30464259
30311982
26346125
30364406
30333949
30374947
30263182
30624315
30314295
22125919
30310229
30341751
39261189
30634967
30290459
30270440
30350457
30266965
23421688
30299878
30292394
30342818
30254295
30330283
30410054
30462878
30307720
22865194
30305220
30307199
30352505
30312829
30343595
30365805
30352935
30334973
26517124
30331647
30307636
30312403
30317345
30313302
30351876
30315095
23906392
30416064
30290611
30371604
30514837
30298460
30383457
30358396
25563440
30440471
30402818
30483526
30437573
30409990
30595515
20677194
30393251
30420068
30379840
30428389
30405677
30431711
18926803
30367114
30332325
30377628
30354287
30389316
30417404
22172105
30497540
30522022
30466584
30502859
31698304
30528004
25336617
30432361
30472272
30457327
30431940
30397167
23154316
30391157
30472162
30484217
30516438
30449337
23335270
30427045
30478154
30509466
30472802
30488115
30457038
21840934
30456534
30468660
30518419
30453470
45424589
30469511
23336518
30482493
30417567
29270896
29978423
29213636
29223967
28819220
29219975
29210769
29177620
29119356
30440064
25930145
30489328
30475916
30511004
31543486
30541199
30485596
21244933
30623186
30483584
30435612
30438664
30467584
30478055
30485882
30510037
21493086
30399544
30476911
30546099
30748163
30492058
30546001
30449508
30462642
25793468
30435767
30420377
30479611
31041346
30511582
30441953
30516050
23883565
30450582
30576465
30445997
31283766
30398806
30433200
31069529
26188938
30445193
30457493
30505744
30432246
30497466
30470328
21767295
30434860
30469922
30495494
30470094
30427248
30462755
20928967
30509672
30505044
30515107
30440300
30440168
30438854
22923590
30421729
30470658
30628815
30448000
30428555
30473623
29661086
30469102
30439722
30429018
30381286
30406033
26157276
30553347
31306554
30510719
30438038
30472842
26888174
30474247
30455915
30480733
30440166
20471722
46997062
30536461
30574099
30547242
30713182
26306642
30524450
30527013
30574568
30639031
24291013
30563661
30683224
30588817
30587924
25082723
30548068
30784039
30574337
30508311
29356557
30516764
30559644
30583719
22609097
30545773
30525575
30554485
30576991
30526541
29981165
30537715
30560741
30651355
30476610
26222282
30520851
30500300
30603659
30511232
26575731
30612880
30557471
30532733
18850805
30583633
30550415
30540198
30495591
30536248
21912574
30599473
30512859
30598148
30502995
30589694
28203747
30508946
30503166
30566947
30534251
25149620
30609182
30560894
30566702
30536104
25242324
30596761
30542338
30554976
30533494
28822275
30610360
30684914
30579696
21902897
30850752
30447360
30557941
30565960
29953548
30552728
30528464
33271071
26304855
30538822
30542977
30699513
30568165
26311111
30538344
30525769
44085914
30509978
29843112
30619948
30553361
30549615
22519302
30520326
30503802
30563471
30570447
30547717
27063176
30548409
30530080
30520353
30726972
23940032
30608754
30547830
30561095
30499980
30536071
20659697
30590687
30602797
30525013
30599033
30671388
30498289
30491913
24778290
30530866
31180381
30699377
30561875
30560957
30536360
22059142
30548555
30583987
30718323
30613613
30561860
30560821
22766511
30524012
30605972
30591510
30523895
30669613
30550384
30619534
24335853
30491716
31112827
30559764
30532392
30526658
30589168
30541886
21224679
30559028
30561186
30661835
30542049
30585801
32589342
30521397
30517237
29607901
30529416
30515792
30550525
30521769
30518606
30560953
30590395
30614253
30548462
29936967
30674402
30505981
30560428
30548186
30717997
30461460
30553673
30546629
22932096
30511608
30548055
30545681
30504684
30507978
30604511
30548900
30548728
22111636
30572828
30585346
30517438
30467599
30611226
30556088
30560179
30522622
30466551
23849874
30509304
37778119
30610878
30569361
30561804
30497076
30487515
30538388
20699337
30592589
30573053
30606824
53557781
30549103
30538866
30532455
30556539
21593115
30554463
30512853
30540835
30613033
30537161
30587375
30608170
30491079
26346658
30502384
31147469
30602163
30571246
30576232
30613884
30467966
25094153
30689687
30548664
30557808
30546051
30525160
30535427
30524766
28984005
30497257
30542733
30516060
30709983
30556890
30517197
23734099
30528562
30553934
30596023
30482949
30576866
30535853
23030867
30629598
30550482
30510371
30509805
30516542
30529726
25691228
30533529
30652792
30585520
30533602
30483604
21260564
30523968
30530313
30501935
30523158
30541402
19455917
30599944
30588208
30668674
30602293
30511321
21100145
30538275
30511257
30557008
30486485
30488668
24445841
30535279
30495442
30479573
30528766
30554464
30535597
27684677
30574486
30550349
30549447
30556507
30708712
22710154
30544662
30502080
31085649
30519333
30466670
21156072
30654292
30528302
30560480
30602459
30520000
30556148
30477266
27928523
30754177
30728277
30538363
30585627
30505149
30562620
26712755
30574436
30536392
30589388
30563473
30506073
19462548
46286320
30365877
30324782
30316756
30327565
30296882
24766110
30453277
30368482
30471068
30371158
30393759
30362771
30377140
47184889
30512432
30509249
30559211
31162563
30539138
30541113
23943898
30583375
30498718
30736599
30602972
30502067
30498539
23605704
30550388
30574115
30566486
30478949
30561377
30579457
26658326
30542377
30569157
30516882
30556224
30564060
22258638
30562675
30542348
30729168
30527042
30591840
20969685
30544589
30522733
30546424
30539561
30482996
22349462
30531957
30537023
30512915
30565175
30535848
27155865
31351915
30472227
30462333
30556442
30491994
19072178
30457124
30485165
30508518
30453820
30413824
30485361
24802299
30482807
30445457
30450647
30420367
30429497
23523617
30437053
30514719
30601973
30422253
30397032
39517181
30455167
30369953
30451149
30403196
18378668
30414211
30436464
30369069
30369109
30354512
25218338
30484125
30416182
30412396
30408537
30366422
21014350
30425166
30379525
30494668
30417018
30382591
19523655
30429135
30381387
30428711
30431748
30398124
30384725
30384704
25767409
30376767
30369951
30431944
30428669
30387376
30379416
25460346
30371582
30357540
30394105
30434676
30428844
30606448
29897540
30418176
30382520
30378624
30328827
30341149
23707921
30441365
30263243
30335163
30186938
30442122
22512310
30236347
30243623
30312238
30256516
30243607
30317817
19184627
30238712
30259369
30256409
30246494
30268491
30269604
30247242
30259516
23685041
30290567
30229780
30275189
30267945
30243557
30224115
30187418
30263018
25473640
30262516
30256049
30255244
30259271
30176598
30265072
30221372
30276988
27122020
30283569
30245768
30260469
30270602
30260676
30265953
30254703
22664070
30274715
30409687
30271320
30204834
30287622
30259343
30252034
22084898
30248049
30358517
30284312
30301682
30289731
30268180
30235445
25115540
30286944
30252654
30242731
30233118
30384936
30259213
22085652
30248302
30265942
30250236
30269569
30239438
30205972
21982014
30219527
30252996
30269353
30231178
30211985
30257696
24969923
30269280
30227674
30307463
30266633
30229943
21277467
30232110
30353473
30269175
30253522
30333913
20435053
30199232
30285044
30280942
30218438
30290266
30264933
30379171
26952652
30297793
30239266
30300922
30257500
30250411
30278987
27306936
30346444
30226531
30277596
30239714
30292331
30206205
30229017
23051750
30888476
30277398
30339984
30289407
30241764
30252554
30232165
30246817
30280235
24009248
30271726
30216360
30290698
30219215
30294129
30253600
30207596
30198225
30266687
23411973
30301728
30277989
30228218
30261275
30308008
30317226
30230826
30221642
30246987
28555353
30282249
30250333
30329564
30242144
30261756
30212634
30237834
30230013
25763712
30234945
30217262
30286640
30215701
30272114
30306207
30225509
17921948
30301214
30238858
30251434
30286164
30312598
30255591
30202209
30378208
27184915
30298871
30923445
30272407
30243411
30319920
30333942
30252460
25363334
30250178
30283131
30308040
30230625
30272898
30277794
19717557
30203711
30300833
30253378
30235040
30453084
30312253
30276575
27508561
30274861
30248434
30304640
30233818
30353656
30271084
29384764
30262521
30230162
31097454
30240280
30239791
21735396
30250431
30267078
30282184
30269367
30228671
18291903
30252598
30276346
30258335
30263040
30216702
30273567
30227531
22809677
30292556
30280431
30280949
30242853
30219029
30250980
30435940
30224080
21967616
30354991
30276541
30276571
30246723
30224727
30251607
30285571
30254005
18111471
30278815
30220832
30212394
30228736
30224351
30240829
30298531
30278325
19732213
30272218
30298251
30278999
30277720
30275562
30309707
30378300
30221555
24309126
30339765
30224033
30251660
30275264
30246411
30297893
30214093
23508414
30496471
30339427
30265982
30272838
30312173
30341177
30326277
25983523
30339956
30260339
30350819
30353711
30335290
30295947
22145068
30289447
30342113
30402293
30386755
30352476
30500440
21788091
30930588
30301835
30453640
50498909
30320188
30308636
24134414
30315124
30296704
30327597
30327083
30324089
20409089
30310162
30342185
30313416
30371140
30449689
18166891
30362397
30391138
30298851
30311726
30315995
20143850
30314227
30362061
30287794
30324175
30302236
30350453
19430515
30315402
30360090
30322766
30356497
30349465
30474653
30373160
30259868
24665152
30287827
30303800
30347151
30342426
30362340
30342769
30360398
30285575
30465097
23397129
30436516
30293490
30349641
30310288
30272220
30296634
30320514
30247351
30343738
26598448
30378944
30462152
30314263
30320771
30348429
30314652
30360993
30242887
24261060
30919916
30300449
30647411
30324637
30272838
30435396
30291729
30280220
26360157
30343229
30349693
30336516
30275010
30361289
30345805
30284736
22568241
30467989
30397469
30316118
30276422
30295691
30410020
30344265
22321120
30319797
30283034
30298202
30338473
30598042
30323716
30288104
25856740
30241588
30290340
30304829
30357489
30496185
30285178
23100796
30367769
30304584
30314142
30337028
30278798
30334295
23873045
32236286
32286281
30455802
30381875
30376402
30451200
33229178
30471173
30426831
30478646
30491633
30408727
23166078
30485815
30442939
30634610
30481322
30484345
22530730
30438238
30431938
30518501
30498937
30446955
24198331
30526913
30440133
30518327
30482911
18765928
30495089
30430937
30445493
30526553
32463731
30502453
22435155
30489180
30479948
31066383
30481966
30520424
30455793
30508436
22644894
30442393
30514456
30452678
30441590
30453807
30502685
30483920
41320858
30434433
30398411
30454589
30395184
30468266
30388895
31788352
30434647
30369233
30425260
30408427
30539160
30424769
23630346
30436415
30324728
30470642
30388462
30350520
30424148
28510700
30394804
30368482
30454677
30352663
30414082
23712432
30377744
30395980
30433342
30549882
30356405
23261091
30375658
30430224
30426802
30377407
30387644
30566775
20913105
30406718
30420647
30429638
30352536
30354775
30355943
30392706
30391190
23212251
30372331
30418419
30364714
30445146
30427210
30300020
30384603
30305678
25266570
30475631
30434195
30406598
30458398
30373347
30380528
30379547
30343357
28040949
30389275
30365353
30418818
30401396
30438256
30391287
30397982
23250304
30371444
30530087
30362153
30333200
30531748
30367142
30414222
23197352
30418064
30397854
30373953
30352163
30480820
30378653
30455073
26828826
30429482
30375182
30441871
30405626
30472891
30371165
23564946
30397895
30382771
30419166
30331769
30355755
30398622
23834843
30374193
30503600
30400649
30353266
30389382
30419662
28814081
30428184
30431044
30432513
30358656
30398624
23744624
30400622
30378438
30408871
30365278
30361241
23294160
46548304
30499141
30492614
30458049
30413782
25271151
30537160
30490571
30487764
30495358
19899927
30391909
30383189
30404068
30366217
30560068
26750330
30375524
30377607
30400575
30362969
25971321
30357380
30353247
30395655
30352496
28471573
30425924
30388316
30442269
21081932
30463226
30610499
30473300
30406753
26605266
30515062
30410631
30384818
23772254
30417682
30366531
30417193
23158189
30437748
30433526
30443697
30449422
24223073
30411307
30386586
30416842
30380587
28778852
30492391
31032943
30481411
22996429
30427719
30443722
30520679
19940350
30460160
30498993
30472066
30455935
30501613
30315849
30520622
30480633
30578450
18987378
30474611
30516246
31109896
30448068
30454544
20579075
30470533
30414558
31092698
30491653
30417081
30584739
19160649
30412351
30453417
30486008
30468838
30436230
30433915
30466409
30517004
23923348
30477950
30467871
30500834
30437007
30451642
30474930
30652282
30458682
21973701
30498353
30434217
30492222
30477291
30450764
30496685
30430204
30454347
20651879
30487352
30478718
30635776
30408529
30532544
30536477
30466882
30447858
30447248
30495531
21081204
30503420
30498450
30478375
30442486
30473568
30483393
30449564
30419073
30573280
30467931
23334503
30546777
30481141
30471591
30439962
30440678
30493457
30456172
30445993
30601610
22971474
30534705
30492433
30476749
30435058
30381171
30490771
30455515
30453967
30436751
27326984
30507224
30434295
30494609
30493231
30434589
30472528
30471502
30442667
25593928
30518342
30477025
30718233
30595415
31305875
30519686
30433669
30451988
30152557
30500984
30440098
30476160
30410078
30430617
30594824
30498111
25154851
30467101
30490377
30512793
30423762
30467428
30492855
30389247
27357355
32198884
30307246
30332706
30263994
30313961
30352314
19779424
30296663
30469268
30306369
30306945
30256693
30301786
30315518
28450407
30293133
30436305
30282414
30180149
30229518
30263795
30068565
30283589
30236468
30306745
30230247
30219780
22292273
30252549
30890712
30267562
30225926
30293991
19324933
30233901
30261244
30265075
30279153
30343013
18814688
46328834
30367764
30323729
30282963
30280593
21467823
30372455
30355995
30374336
30388983
30337995
26408182
30335678
30278304
30364720
30281498
23503252
30488002
30326122
30320880
30304363
23379853
30354844
30336759
30344447
30310389
30325967
23107727
30285584
30327729
30327490
30305733
30312886
30445216
20626188
30294305
30478331
30329866
30285663
30339476
30432197
30327318
30297494
23253424
30608244
30335975
30349735
30316551
30393935
30282021
30297400
30352177
30283109
26314937
30370535
30288388
30269502
30290603
30325909
30338560
30324880
30301777
23565221
30309373
30349845
30333630
30296510
30309482
30283157
30352122
30287751
25373611
30342751
30539482
30357462
30242223
30294554
30336944
30308151
21169780
30350654
30238245
30309658
30329374
30277347
30381345
30512289
20650670
30320948
30350345
30341373
30346631
30415697
30293929
30292976
23569306
30325669
30300887
30341343
30272763
30343569
31150063
20701228
30314070
30316818
30292360
30289653
30286787
30414715
20582490
30363656
30403613
30339520
30317358
30332192
30302442
23640551
30304320
30495278
30305004
30230334
30365854
19909676
30324187
30296849
30340198
30364496
30335129
30422309
30343835
23343020
30325151
30315935
30344180
30381217
30352382
30355162
30323495
30396853
21349291
30316767
30371065
30399421
30366936
30356273
30354830
30309537
30390422
30494751
22776548
30338346
30284180
30311047
30335309
30418328
30315663
30304333
30355306
30324444
30276281
22523251
30337390
30335496
30333650
30323371
30291360
30296151
30313837
30296338
30313808
30282543
27300066
30339213
30276097
30306849
30284489
30308047
30381429
30296598
30294265
30363676
26702306
30370669
30315257
30337062
30343669
30308009
30345684
30326607
30244550
21271627
30320581
30333782
30366682
30322581
30498661
30369168
31246996
30249884
19923088
30310299
30608390
30291080
30344065
30338529
30337486
30301458
30332066
23340413
30341900
30305744
30344406
30299058
31103298
30331407
30385937
20329226
30310198
30334923
30411562
30287764
30325847
30289945
30325805
20715468
30385411
30318202
30313153
30356315
30324213
30502817
30334968
24953287
30359578
30316046
30338562
30329988
30355431
30290451
23086047
30296635
30313409
30336862
30332349
30268807
30364787
24166803
30335858
30301072
30346913
30310827
30352548
30302417
29625139
30319225
30304244
30363229
30323544
30275674
25257249
30334891
30292438
30465146
30293586
30317974
25430887
30350018
30287956
30364782
30306547
30311529
28942092
30346040
30315934
30405849
30446037
22917267
30350204
30306605
30304617
30342828
21151495
30330604
30409975
30355274
30373589
20673381
30368500
30315134
30373079
30249574
30431458
20049862
30278880
30260151
30319851
30312057
30368518
23107744
30325898
30357410
30319004
30359516
30300176
28353753
30368771
30324149
30319158
30305502
24658410
30396366
30407075
31006707
30390519
24361491
30419522
30379533
30451514
30409706
26383336
30423930
30375237
30432909
20475417
30386617
30389142
30352823
30405177
30531444
25029285
30393155
30398055
30427537
30366120
22237873
30371678
30382153
30407964
30317828
21723549
46406317
30319183
30316711
30338875
30597648
21126063
30376598
30318121
30371581
30378641
30310078
30337514
30390751
30065675
30381222
30349802
30322973
30338018
30312128
18584626
30374713
30348127
30294664
30269267
30272804
30298953
30394842
30299736
25488514
30272934
30295236
30335188
30472418
30246429
30256383
30277480
30324096
23050467
30281769
30319211
30308447
30295562
30302564
30294389
30316015
30280831
#end
