#729a2951|blade-1-m620|jdom@54ed0cc8b7e8deffd5e088305ca7723dc0bd963c:org.jdom2.Verifier#checkCharacterData(String)[generators@bcfe6d43107430b2604e2e34b9151742941652e0:cz.cuni.mff.spl.casestudy.generators.ParseFileGenerator('MQ==')]()
#date=Apr 28, 2015 9:30:01 PM
#warmup=1
#count=3551
#begin
21865616
55007046
24620651
58466136
30412231
32123249
41961277
60126311
35273289
32413290
43422355
103542028
54505905
30546054
25335419
32247364
32175094
30495206
30617017
30496696
25627186
37819192
30429471
30558715
30451436
30479759
31345638
60754307
30714726
30543254
31325382
46401375
25864601
30510410
43422055
52498543
31092936
30449002
30483033
30457013
30435529
30480049
32208278
30447960
25057152
30615343
30405377
31641625
43703428
36002898
30513148
44622108
38686561
30625744
31263429
45566551
42207841
30521884
30616795
30454667
29994182
30458982
30472270
30573054
30628512
30454428
34432159
44115034
44237407
33033611
30513309
30479610
30545654
30474749
20987731
30449988
30506753
30489477
30820257
30497501
30591621
43069045
31266834
31820194
45370558
32855027
30483880
30607910
33899383
28445808
30543423
31277033
36463706
43358451
30453420
30453909
30539111
30436065
31651079
30431395
30511918
30511451
21848227
31356854
30415837
31462487
30480281
30483582
30473185
30448848
30408166
31692801
30469919
30469834
30466856
23442979
30477769
30433207
30566375
30752014
30449933
30480057
30700068
30555813
30455611
30458248
30464313
20885379
30451360
30468670
30494721
30451102
30437258
30522624
30456123
30501612
30463784
30742216
30498722
23527840
36794957
45739141
42702072
30428156
30442747
31350975
30498206
30461448
31119241
30525251
22522206
30417500
30434029
29182826
29175765
29121490
29147160
29139818
29288656
29148432
30558173
25591099
30522129
31326787
30432286
30487335
42645156
30503547
41204617
30464113
30492326
24147334
30486811
30413529
30445151
30480680
33156649
31245553
30460631
30450838
30467011
29282917
30500704
30425043
30450184
30492553
30551575
30471435
30488577
30483606
25590601
30447402
31364940
30459953
30477284
30459800
30518746
30471766
30447440
29226416
30600486
30406323
30454782
30462024
30451106
30694851
30477595
23614481
40026689
30419415
30486330
30492638
30477742
30566772
30468035
23719465
30568871
30510853
30482757
30446227
30498304
38641364
30475733
45964746
30425062
30440037
30400653
30400340
30405793
30411222
24338155
30386223
30371566
30489119
30344643
30363040
30430156
24912516
48194325
30385774
30497238
30417045
30468221
18443144
30408771
30393240
30353755
30372037
30348002
50321054
48592671
46515193
30475940
60777199
30416120
30538204
24251732
30496197
43570466
45594213
30623010
30472097
26455759
30518700
30517797
31652288
30508956
21153636
31325698
30480369
30499410
30422529
30438380
29861295
30665519
58209763
32264480
30553622
29267276
30718843
35498071
54044934
18881970
56885240
32408051
30406440
31423889
22463347
30343453
31583348
49247543
38253807
30404981
32246502
32688104
52101805
28260574
41450927
35783892
30478395
29608542
31130887
30455256
31705215
30420506
23682346
30562404
30510364
31349364
30500309
45477857
22056612
30454351
31626117
30507205
50524213
47353825
40353894
30430162
26100831
38750590
38867821
52244334
41328989
34450099
31211066
26894555
30495557
30473787
30480175
30461802
30471788
30482272
24456125
30503759
30607926
30465444
30470596
30459482
18485668
56212242
31028114
30587671
30509091
55614629
30493826
38997027
39371331
55771667
37876607
30501862
31326567
30496317
30509611
30400953
21339380
30440948
30462211
30444095
30469122
30486860
30404556
30401400
29648922
30456000
30474874
30475343
30434876
30437676
30466520
29763708
31445953
30543220
30583081
30604244
30549004
21099324
46597131
30516499
42499976
32049518
52374858
32150389
46391284
31277565
30421495
30518824
56916775
30539726
26279654
30483584
30444235
31954687
56697734
30482571
46883357
32880665
30440073
30496070
30750953
22268616
46025352
30439671
30427163
30489579
18778290
30480315
30575157
30442975
30448238
30628177
30380931
30413934
30429987
30458506
19087399
34003474
32689920
30477437
30454601
26889742
30771646
30461212
30566572
30492406
29470669
30514915
30476618
33606639
48714184
46759390
56482800
30469704
30514468
23661797
30718843
45031995
45538978
30585943
30490875
23041167
30437451
30523467
30528422
31315906
30522633
31356795
30473720
30645617
57189243
32743416
30752897
30484177
33098921
51341869
29337162
46423774
30475564
30540859
30437990
30508995
20504730
30438806
30451480
30513589
30689631
30491820
30509393
26106980
30473624
31217219
30503887
30717917
30481644
29188525
30207814
30426733
52723102
30257471
59223970
28355258
39284941
49751351
31701527
30248821
19506201
31113962
30246941
30261325
30178363
30401129
31403131
30268869
30194833
30263931
30533228
24520672
42372420
42552328
43056914
43366071
25474391
34300954
30296290
30322431
30226324
30222580
26546155
30256627
30207605
30257309
30197231
20489403
30385771
30336131
30328155
30247651
30289951
26430679
30336071
30294296
30282671
30371742
25087098
30560052
30284958
30294938
30288924
25683861
30269365
30266142
30251562
35637197
47022192
26653953
30354982
30340042
30401824
30410300
20317603
54556582
30346011
30282975
30298213
31222118
30385840
22506278
30410676
30511956
49632731
32999923
49903590
35509618
48228618
33368228
30483769
30470869
30400237
30476237
25697767
31345533
30483991
30482664
30497731
30470582
26616589
30434546
31294067
30462143
30502095
20016041
30539252
30479490
30436238
30421533
31356547
25999844
30430496
30501251
30465766
30437231
24263665
39499281
43828769
44223567
31331946
24772828
30511960
30433282
30460567
30455709
28932025
34005763
30432871
30483449
22467308
30442854
30436973
30458530
30488717
30419913
29903528
30478444
30444503
30437687
30497894
26130000
30442684
31528457
30573491
37380498
30427603
23761325
30438843
30498404
30464709
30465380
30509975
24156800
30540828
30522251
30512638
30548418
30414611
30508571
22771905
30597346
30432829
30505827
30418275
30523418
31332794
30426944
30461304
28170348
30521426
30613991
30481333
30434359
30412078
30447618
30460722
25095840
30522069
30477142
31723974
30499518
30501857
30621447
30497795
30513089
30471446
27291753
31326140
30747336
30703390
30440961
53426185
30561839
37480431
51198727
30501221
25540669
30436577
30468346
30501480
30956139
30533500
30438929
30628482
30470407
31334109
25935036
30317928
52451109
30296878
30346577
31159027
40334487
44721855
30375056
22336572
30298591
30318412
30366287
30331009
30350105
30360869
31151077
30330171
23081958
30943965
30280201
30415714
30360936
30252543
30337466
31134531
48381134
29713471
30338818
30970889
30355997
31211256
30299202
30254471
30277507
26751061
30356180
31307993
30332645
30338496
30305387
30319215
19537972
30374736
30391675
30439806
30385504
43226266
30462246
42896544
41652275
30469242
30430889
31153619
30348013
30490373
30557542
24546464
30353418
32404697
30397384
30472282
31249132
30460171
27963299
30383022
30384239
30447766
30396078
30394518
23813873
30396480
30360313
30406775
32568298
30419584
21417602
50291761
51426307
48799841
30448955
30407275
22429764
30431942
30395751
30399894
30389513
30468677
30433539
21971520
46602957
51776511
30535052
31098936
56844771
30237207
30307841
31102349
28515606
30403510
31442655
30267157
36866755
56721744
35629877
30280109
30252766
30488166
30274149
30245797
30283666
30231644
30243175
30227082
30289073
30231432
19406489
42098574
38717270
37144305
30301327
30403091
30205162
30267055
30244534
29221021
30516959
30266509
30380982
30281813
30280764
30266977
30235921
30350148
30042731
30219825
30256003
30260523
30171240
30201266
30237629
18401995
30321366
30208232
30299117
30176878
30224440
30238147
30184689
23753591
30235360
30204620
30231792
30870314
30324451
30229874
20405140
30248418
30277385
30314036
30391949
30215427
30260277
21002520
30267149
30276441
30239673
30326867
30230675
33476469
53384849
30212630
50010147
41417432
50206159
30450268
30545526
30525500
58681462
32379392
30554613
21017040
31484011
30530758
31359083
30436331
48198485
32985387
30534866
30511317
19171467
30416889
30885232
43167790
30444977
31128938
30402981
54402581
31709422
20614120
31108721
30413880
30621781
30451864
37355027
46055617
30549060
30627977
27584835
30478188
30416060
30409768
30400645
30452360
30505013
30598085
26187884
30448840
30498255
61033412
30545102
39900201
50247514
30504657
30467040
23094689
31836772
41478769
30416638
30471324
30558011
30481293
48376225
39896663
24162469
30686979
30465790
30508287
30421971
54153019
34429651
45245658
19493286
71010184
30228771
31464641
57606831
34794900
30292853
50537566
18430959
49941909
32225100
30211774
31031158
30468193
30309760
30259620
21906545
30223601
30199758
30223413
30307402
30219822
31084509
30225704
30412257
30249362
30224933
30239458
30453464
30238160
30216242
29039358
30224169
30259649
30310136
30237520
30212247
25155795
30483827
30483078
30537962
58126630
30519653
30487445
26601006
31130078
31389451
60476320
34724477
30452610
41010223
33342493
30457500
30484708
30441755
30493866
26810207
37086478
37209138
37754883
37926770
20986483
30455793
30473563
30662283
30539386
30465933
28103192
30491689
31223831
30507316
30428540
26258772
38507092
30483061
30530047
30513410
27872248
30449924
30610751
30445653
20758632
30533868
42589373
30552777
54284634
33717448
24070676
30670106
30525997
59986031
30427406
30465679
30505962
27557675
30447923
30378209
30486046
30406347
38127829
22488179
30404782
30409343
30486044
30378074
30399369
20991356
30387293
30444634
30414111
30900455
31600363
30350276
30467915
26923187
30421431
30410546
30393085
30405502
30548109
30394274
26376700
37838388
30396696
30476767
30437055
30387553
19702669
30344783
30383476
30369455
31566414
30496542
30456566
24627893
42258271
30384980
30446795
30416820
30450240
23226875
30482692
30373922
30423342
30345245
30439622
24584577
30754246
30389710
30426033
30367684
30438786
30359860
31274613
30364749
30468433
30652515
24869809
30600690
30533931
60955037
30560073
30523164
20537875
30446590
53430634
37576715
30398270
30482998
31359254
54225628
23255018
46624090
51965076
30472606
30520050
30412462
30544455
30423584
25964785
31284878
30461559
30593884
58176238
30486566
30399698
40911606
39809062
34879419
30311453
30411124
30849504
30506308
52021435
30387227
47739933
39092121
20902752
50248190
30467147
30522588
53809558
33125966
30517560
53777855
30462481
22260072
30440542
36652622
30481380
30498548
30606450
30520009
30475855
30501555
29312349
30463362
30465501
30470711
30874374
30506584
30491708
30446231
28163291
30517703
30458826
30486160
30442196
30410342
30561681
20616759
30546106
31294757
30647646
30461224
30473116
30492120
30427725
27715205
30482790
30484246
30491791
30459593
30391915
30394509
27625455
30520790
30450975
30506698
30446419
30597660
20438980
30490439
30506602
30465457
30479748
30456942
30470618
26704204
30527393
30459646
30456393
30503797
30589795
26151005
30523795
30491872
30531170
30496944
30490810
27397242
30487570
30458665
32945721
52370371
21458001
31190785
30439742
30509322
30455340
30473054
46070109
30554485
52788788
30777226
30532893
30681694
36086034
41422233
31561986
30397335
30211152
30480842
30437548
32258520
24983494
30744315
30547956
30479811
50986830
30516612
30474266
30464555
30483786
24127054
30542648
33653823
30486489
23378406
59439894
30588993
31563858
23986016
30594821
44027577
44220331
30461553
28386796
30431835
30374196
30551924
21998725
30431262
30417336
30494511
30475999
30432024
29758917
30466673
30445270
30486992
30794414
26336813
30448962
30524730
38844936
36408339
36596912
30770998
36912630
44501198
19945347
30429609
30509919
30498057
51571067
34005143
22743604
31723426
30434002
31310901
30449742
30537187
42763766
31407939
30467304
30547806
30437420
26619377
30526628
30498895
30632837
30507829
26891970
30508499
33154096
30500212
19586762
57547482
30487844
30450760
30485653
30463126
22395224
30532293
30374406
30785383
30995072
30456107
34669761
43922172
56526829
30477583
34690415
25746023
30612068
30476798
30493815
30463460
25894683
30492188
31029465
30531835
30458471
30447395
26117500
30472884
30525775
54213157
32847960
40159816
40658851
23939658
44153450
46090676
30459360
30457942
30550234
30488991
30552394
30440409
30581366
30565866
30494984
30462043
30509660
30524250
30467181
30407638
25832309
31330292
30448712
30472844
30386735
31068792
30444244
30738604
28073067
30466151
30404353
30519200
30411387
30749648
30492797
28059105
30523908
30429639
31328306
59411331
30663288
34893936
21068885
30517423
52282809
43432269
30505835
30471107
30541090
23142447
31388644
30478800
30471628
30519888
30523393
31369047
28446796
30490908
30440584
30465506
30516117
31104145
25025545
31101278
31334680
30484906
30467766
30485584
25603754
30583979
30478853
30428749
30484773
18665099
30491898
30458591
30559281
30559675
30461443
24226389
30564999
30499346
30481293
30516939
22335742
30491248
30435231
30455377
30461620
22510977
30477044
30409638
30562527
30577820
30499436
22746830
30512941
30457889
32162487
30495270
38996326
48854882
21273111
30498250
30508229
30495875
30500718
30441257
30470315
22599826
30567200
30589570
30503230
30479635
31313402
30496690
30491324
21642474
30594593
30431478
30474586
30401471
30441351
30566433
38236328
20537035
30474762
30478178
30515082
30481733
30468749
30529875
30756277
22784588
30470720
30455928
30484301
30510100
30471836
30488914
19013214
30456055
30495480
30504959
30462117
31401507
30467142
30500117
29962761
30508324
30480329
30428187
30440609
30438735
20747910
30463051
30442369
30495362
30463788
30731388
30523605
26973182
30507144
30448440
30557004
30454305
30440973
24745668
30451742
30486520
30456702
30442305
30495900
25830409
30542298
30437598
30559588
31066057
30422706
31290280
25242582
30481438
31413195
30488110
30425686
30506935
30493384
29625548
30566449
30495704
30515398
30505802
30564033
23410255
30453593
30419928
30449911
30529251
30597011
22117767
30463435
30481193
30487544
30458260
30513725
23285551
30505782
30492193
30493682
30455605
47312838
27320922
30474860
30453271
30503624
30452315
23262907
30443589
30455680
30464526
30444904
30453446
18566917
30473467
30494721
30466676
30430195
30436886
30500820
30606787
22354635
30435080
30477877
30506550
30486093
30496375
30505606
30539675
30451384
23681717
30439473
44638983
30471129
30462651
30476987
30477409
30638793
30433191
26292782
30446917
30420204
30504255
30578662
30481627
31380942
30434117
30456784
30474629
21220189
30504075
30472802
30457740
30535866
30435158
31127891
30633989
30458028
30460857
30463367
26125679
30523696
30467707
30488457
30435690
30463011
30474342
30432673
30502924
30442138
26088358
30507686
30482081
30534606
30449104
30605503
30428755
30452236
30475195
20467458
30464620
30513674
30491590
30446206
30447278
30535600
30426009
30469389
19189138
30462855
30479133
30388611
30491347
30566461
30436358
30397106
30989645
22721391
31199852
30385375
30425044
30357851
30461020
30382522
30391994
19643050
30424552
30513464
30445069
30407115
30424972
30422422
30427582
20534412
30460444
30430307
30427808
30363202
30393620
30477455
30457914
24527637
30367879
30394960
30545127
30362270
30400484
30387980
22512693
30414300
30354151
30349904
30511095
30364024
30423146
23491982
30371557
30532675
30375631
30412593
30423719
30471633
45136718
30331280
30319803
30324793
30322867
30346588
24955592
30299418
30270540
30350973
30269604
30311968
24876841
30362096
30449746
30308733
30294881
30340061
28831843
30288223
30243147
30264765
30284885
22939769
30285769
30257498
30356977
30272022
20618979
30318623
30347060
30353418
31083187
30299073
30386569
28364583
30946429
30307084
30311596
30322831
30343682
27990900
30408002
30260478
30294915
31142423
19730357
30567429
30295704
30320909
30290722
30298635
24728908
46309181
30209004
30430568
30244898
30211547
18931916
30172924
30226664
30266091
30222644
30252653
30274347
30265289
19863961
30259754
30245807
30890020
30271896
30214416
30320561
30288411
30210882
30221323
24860913
30274042
30408663
30252642
30250077
30256696
30239965
30351683
30169316
24117703
30372460
30248696
30238806
30171967
30212065
30281178
30237162
30298935
29527844
30254047
30249191
30217286
30316776
30288065
30401384
30196598
25394422
30309037
30267643
30260916
30232776
30223065
30214483
30195749
26940850
36153232
30229708
30241449
30345778
30254750
30287920
21954829
30187847
49387512
30264134
30239278
30290911
30271912
20346977
30303192
30228927
49174382
30222379
30202967
30292138
21971700
30267518
30311569
30208916
46421258
30225316
30217307
41461798
30328291
30295626
30308575
41350231
30272758
23908468
30500197
30366696
30366371
30374191
30457798
24249196
30366406
30359044
30408057
30388358
30360948
28479966
30438636
30487907
30394769
30403467
22969103
30376091
30354377
30415957
30333333
20872808
30351978
30371056
30439116
30378347
30396353
30445020
30060545
30429422
30394476
30347025
30390642
30342933
30496571
23284622
30411776
30386068
30401702
30389558
30362156
30415389
30345074
30406847
23417455
30456299
30401906
30414386
30353453
30362993
30400495
30350277
30406400
45746522
30375405
30387603
30361420
30346660
30486175
30387840
30381838
25268315
30496954
36847792
30441318
30385010
30499546
30418079
30411400
27749052
30386755
30405135
36349637
30404883
30378807
30381411
22487035
30345793
30346456
30413382
30381838
30355940
30418520
21486797
30445113
30434706
30400179
30394622
30375924
30447515
23040381
30398311
30384365
30494513
30360602
30414789
30428143
30419086
21615737
30367270
30407081
30381115
30381006
30397853
30450022
30382144
30398096
30407693
23388093
30374804
30424229
30694522
30350727
30382674
30316356
30430952
30375382
30449818
25200120
46548194
30410320
30618521
30458255
30464679
30745169
30437475
30448396
21850070
30400964
30584731
30413079
30453751
30462919
30477867
30571533
30469179
22068700
31520446
30487355
30484501
30439178
30480596
30618626
30447682
30456930
26828343
30479029
30425041
30470824
30455870
30458175
30503589
30500399
25371576
30513711
30439451
30478027
30474872
30523766
30417900
30473544
29388784
30550944
30482953
30512667
30541795
30493726
30515917
23490915
46554748
30471553
30600741
30509869
30451704
30531919
22880063
30423446
30435057
30432593
30474486
30447165
30443577
25299638
30494956
30394711
30516372
30421742
30444671
21529152
30529366
30501219
30494511
30500482
31329262
19057052
30582897
30449442
30458680
30455013
30449705
21246290
30467694
37013984
30465986
30435379
30474653
23648512
30449154
30723746
30472582
30464995
30480913
30476230
26289253
30474748
30474859
30653604
30463464
30416204
21773439
30408135
30477655
30463986
30494289
30504263
20347235
46402526
30398789
30457017
30407869
30314347
30381665
30407504
26097256
30726121
30414755
30388644
30451644
30384404
30557278
30379222
30426144
27927968
30377339
30402991
30356784
30320673
30395520
30428909
30394571
22667797
30384620
30356871
30412407
30348824
30542842
30344167
30421942
21707201
30680632
30422591
30396091
30389696
30425511
30374002
30340595
30418245
23935149
30431838
30409627
30443131
30369342
30334823
29175492
29066733
20440475
29111435
29098040
29146011
29077545
29150128
29128642
29149861
21017720
30485119
31067614
30547853
30381531
30369838
30395670
30432113
30512524
24873007
30495714
30409779
30407250
30353565
30460733
30415465
30385338
30322008
19421235
30436957
30401268
30423293
30388353
30382931
30459933
30359285
30458251
30374778
29849212
31244460
30398308
30361271
30416329
30329471
30525286
30371846
21076285
30343675
30369596
30296696
30331125
30312782
30415538
30349281
30308128
30006459
30303916
30291845
30339151
30324520
30341313
30297162
18738753
30343675
30328198
30368894
30317749
30360565
30307034
30341981
23377372
30410288
30353260
30520057
30333878
30374788
30419299
21322400
30506191
30404733
30423322
30509862
30402278
30366021
22345751
30382240
30347823
30405622
30411228
30350778
30333889
26481593
30458028
30444760
30540526
30394015
30396096
23558672
30415213
30384531
30367767
30362638
30369571
23435484
30377796
30368115
30378580
30519357
30437541
26210109
30416166
30375973
30459955
30405708
21312511
30409387
30396722
31250480
30383580
18597570
30398846
30453446
30399189
30427422
30385780
30409084
25996892
30390173
30530220
30406864
30378373
30419626
25848705
30370495
30347396
30295302
30323824
30378985
30256711
30341327
30287345
30315415
30318196
23196794
30335540
30298787
30423007
30226471
30288718
30340930
28774015
30345904
30350470
30306527
30374407
30246490
24506430
30350278
30305315
30324159
30312440
30361195
24265509
30313429
30277667
30322102
30258680
30264894
30299723
22191953
30301204
30276016
30262165
30306853
30265358
30357305
30313100
21232901
30380369
30369655
30322058
30280064
30315309
30322751
30336802
19737383
30396171
30337560
32505069
30348949
30281287
30301178
30335841
30297068
30290349
22226866
30313934
30272680
30360870
30302180
30290231
30968938
30398443
30300589
30275853
24600205
30306882
30336934
30335924
30312026
30276016
30330200
30267434
30338974
21871790
30333831
30296753
30292269
30368827
30350919
30324824
30326358
30318009
23085280
30259787
30261367
30352740
30281571
30295165
30282431
30315389
17988629
30316691
30643143
30280225
30284956
30263585
30333520
30279283
30372508
30278211
30315722
27315368
30298400
30427758
30312936
30272140
30291247
30318925
30437806
30299940
20403646
30287831
30308111
30300141
30307716
30384760
30458662
30319987
30303456
30263603
29621022
30317876
30317133
30297373
30327260
30292067
30274330
30278373
20115939
31068557
30415334
30447804
30409614
30429631
30688248
30389359
30420333
29118997
30268102
30299013
30327398
30381902
30300582
30309074
30318366
25808679
30380909
30294637
30390542
30327469
30287024
30324284
19465390
30337624
30373576
30306566
30306824
30345767
30350689
30337024
26304440
30349044
30280462
30287987
30311031
30247513
30645375
26665846
30353804
30364776
30312311
30295907
30261942
20310771
30326375
30281696
30333711
30384217
30272191
30378149
26564119
30294560
30306062
30319155
30289712
30288193
25794339
30453370
30358031
30452789
30415302
30358464
29209083
31396262
30369313
30460321
30348811
22348300
30431509
30381649
30532846
30440194
19450380
30399747
30404964
30383911
30371008
30307260
30392022
25527586
30405773
30380498
30445518
30392834
30394709
30467622
19328385
30368438
30462406
30406517
30412446
30541113
30472140
30410362
30386749
30406800
29377087
31196038
30308827
30223765
30230720
30278042
30292992
30285047
20327527
30236960
30265353
30271211
30201847
30184452
30524859
30198062
30326262
26484323
30259951
30257087
30288147
30253351
30156974
30211682
30252360
27043059
30416227
30339286
30312675
30304633
30312911
30309758
21043160
30384315
30367809
30308225
30283222
30346274
30296958
30481523
30172984
30367867
30253477
30311549
30429353
30323414
18971848
30280284
30276460
30275922
30341317
30341016
30292609
22967836
30293687
30250749
30246738
30239409
30283098
20060629
30233765
30254188
30210021
30229379
30237953
30336205
30276787
23715128
30299158
30246133
30281031
30200140
30249931
30214234
21597664
30275102
30266756
30245693
30248678
30229620
30264067
22792803
46309747
30271167
30331547
30290022
30470708
30336623
26468560
30412377
30317318
30345591
30309672
30257089
30360724
30330800
28264880
30367780
30305331
30301287
30300014
30277834
30305646
21767299
30285740
30290278
30356625
30366291
30359017
30342331
19886883
30309747
30339455
30352744
30326221
30507718
30342152
20685066
30302260
30294623
30308100
30284218
30315735
30279443
24564942
30277333
30233614
30258982
30283909
30296969
22275578
30256047
30232014
30273171
30320793
30276385
21889136
32218588
30317106
30958956
30342780
30295251
24274776
30360617
30360824
30287392
30263939
19342564
30269949
30361029
30334900
30333815
30333371
27697904
30307544
30347531
31173636
30356799
27151221
30334742
30300673
30354173
18981528
30492976
30328653
30314331
30303913
23072336
30331154
30274547
30466193
30279166
30265852
29602016
30399381
30340342
30374432
30326222
30458166
21951045
30333236
30367173
30357891
30350680
30309213
30318694
30308491
22394104
30290345
30251235
30330638
30331371
30339727
30322252
30334891
26610829
30380569
30323238
30359976
30299815
30326655
30422457
24050247
30255394
30327964
30277100
30306006
30263156
30317898
26047225
30361986
30321237
30334883
30258992
30304707
19181171
30287282
30311739
30330324
30342539
30261867
30309943
26204610
30309809
30335338
30382835
30332693
30304175
25962308
30324585
30284998
30343011
30276065
30283578
30225939
30328076
30303284
30423510
30304133
23235918
30347483
30331605
30276558
30331157
20865623
30316767
30281936
30348082
30340528
30341856
30349120
28975898
30396833
30315617
30330991
30322336
30285733
30308553
23075879
46523447
30385480
30402596
30349176
30490533
30392886
21920502
46328817
30297953
30334174
30291644
30335322
30312433
23854028
30370053
30367262
30376748
30338331
30410853
19182791
30419157
30447940
30423470
30421715
30565975
30349111
30417416
25302231
30418487
30338987
30464995
30378704
30390997
30414064
30462149
28158848
30409517
30457410
30348171
30390006
30420813
30413345
22821992
30340729
30391422
30433973
30398113
30670281
30380616
30362544
26103186
30395455
30368935
30425615
30365856
30356212
30373757
19366509
30481108
30403471
30400051
30305991
30401106
30556560
30401665
30392616
30391693
28255627
30408120
30390641
30425875
30355493
30377482
30440707
30471399
19530405
30387615
30443719
30439062
30376326
30427084
30425542
30425451
30388900
25864743
30392205
30373635
31281354
30377486
30363307
30383451
30337454
26099038
30508935
30381831
30411971
30393912
30357747
30509129
19783255
30410656
30416042
30390784
30541886
30420876
30472624
30433973
27431562
30474931
30379920
30442948
30360674
30368741
30441589
28803183
30419320
30394213
30349268
30388629
30447517
21337507
30394364
30429200
30428636
30419066
30378651
30407380
29205769
30398156
30510735
30459504
30365623
30493095
27913418
30342597
30356451
30412839
31133487
19234058
30420549
30419158
30431002
30393891
30363471
23816623
30411307
30343936
30427349
30352510
21181314
30393708
30354489
30452922
30389024
20646981
30402547
30373237
30406383
30453942
30357291
19621554
30366902
31032669
30418714
30400482
30420916
30399568
30401302
26907285
30477497
30413038
30430855
30327737
30399620
30399761
28052442
30333556
30363333
30374156
30413930
30396815
20874761
30362466
30380193
30511002
30417035
30454560
30423773
30421931
21906774
30465870
30388560
30429643
30429166
30399699
30379144
30386388
23065452
30384567
30405834
30404748
30390789
30389802
30409464
30371755
29453000
46634430
30504731
30409467
30464690
30444635
30524316
25965616
30489493
30450940
30438926
30585818
30431107
30466851
28362989
30561320
30536666
30483824
30403857
30429232
21946868
30521381
30502161
30457957
30443228
30467909
19244984
30837543
30493348
30483248
30479446
30451804
19376835
31054939
30609928
30447625
30415616
30465415
22299795
30531358
30454786
30528318
30426217
30423820
28975703
30447822
30453975
30537966
30485242
25340957
30575390
30441373
30498521
30425519
25414126
30582432
30450099
30632288
30496964
30497909
26076018
30434570
30488965
30457583
30449357
30463189
29855527
30510053
30458164
30471363
30496575
23189058
30443162
30461024
30534892
30422895
21227100
30504238
30502666
30478082
30459951
20888203
30413531
30469686
30554368
30570500
22814872
30498124
30403316
30465253
30611448
26916967
30495362
30456554
30431693
30526630
21809957
30428566
30557711
30524422
30520217
30469282
30475989
25730511
30490282
30471993
30435497
30490762
30654112
30450260
30440077
26269748
30401243
30428082
30479724
30411173
30441708
30437188
29216067
23954857
46653464
29164505
30165204
30419171
30450621
30528242
30448812
27907599
30477647
30447559
30588051
30408358
30446833
30548115
23034183
30467305
30456595
30789959
30406552
30432248
30452518
30454926
23387886
30600443
30405817
30450671
30416262
30443419
30481822
30442646
28860663
30608906
30452618
30455749
30426653
30461053
30374858
30424169
19076556
46536907
30391545
30418428
30387589
30402408
30396838
30376739
30386059
30392406
29863772
30386587
30346964
30489262
30376031
30415784
30414463
30319258
21336833
30336062
30367369
30423117
30399820
30413813
30442464
30412315
18033445
30391040
30379410
30374874
30441987
30365578
30350893
30306667
20047653
30416520
30461222
30419620
30399654
30605088
30384128
30389018
30420724
20768981
30427007
30669632
30421557
30378248
30463958
30394549
30453744
30383975
22096878
30443533
30398669
30372246
30429731
30392198
30449225
30362111
30371616
30390446
30393633
25514621
30426927
30421791
30420062
30388918
30390531
30440097
30466531
30394825
30519019
19016938
30401158
30419842
30418175
30533961
30422387
30357389
30389873
30393004
30374422
30443113
28825617
30415900
30366446
30379171
30316940
30406876
30441562
30430493
30387795
20937704
30387759
30399035
30473526
30419298
30407731
30425291
30438298
30377021
18056885
30401562
30366931
30360953
30364828
30346105
30390866
30403744
30392358
20808970
30432104
30384413
30444560
30388082
30420853
30451618
30376276
30722870
26512569
30421724
30457004
30429427
30430659
30353509
30463964
30386377
26351872
30540780
30413233
30431015
30684242
30332284
30517586
19929978
30369760
30422986
30398684
30386510
30440489
30443604
30334109
26859090
30421856
30372496
30421606
30424271
30388327
30432003
27686803
30270949
30410093
30238338
30217880
30258655
30303724
30441484
23410622
30254808
30301546
30920896
30318957
30287205
30313647
30388580
23488311
30319320
30290543
30335669
30393756
30354709
30322953
30313920
28787787
30496968
30307673
30327227
30292148
30332838
30473103
24724508
30432500
30298196
30280877
30245882
30297973
30298515
25354891
30275911
30276722
30309966
30305867
30333435
19174604
46180570
30310442
30263149
30254732
30242015
30237517
30237459
19519525
30211778
30252856
30283513
30257016
30246193
30291262
30256074
30296245
30257066
23891311
30200247
30268660
30387786
30507267
30209329
30261944
30256509
30227267
30206244
30291354
19653811
30189193
30263227
30264376
30276964
30184416
30384446
30255893
30250474
30214491
30226101
30195913
24944624
30203947
30189360
30350887
30218580
30254087
30291167
30251191
30216280
30225642
30171501
25830883
30276618
30274302
30295102
30228392
30225782
30270266
30515115
30199818
30295851
22029252
30428662
30219618
30211369
30298223
30244758
30332153
30201534
30217740
30260543
22791445
30379274
30194603
30260616
30171536
30290004
30228212
30265130
30271560
30313367
29667244
30231477
30224760
30196254
30206807
30238171
30219687
30241134
30269042
29485542
30227284
32947223
30284009
30281994
30263129
30260363
30210981
22023750
30209706
30247398
30326916
30310263
30285231
30280965
30244971
19845015
30179944
30249758
30359380
30183848
30247271
30258025
30459299
21310228
30243071
30217349
30227549
30280231
30180535
30299790
30249358
26439273
30288148
30234753
30247609
30305349
30257778
30269680
24987533
30334798
30198176
30264638
30242702
30244149
30320347
27220916
30268775
30213592
30246667
48884861
30138867
22699804
30281512
30295143
30257694
30283580
30280791
19421895
30224646
30246013
30298314
30279915
30270047
30263007
30208267
25684695
40888195
30266329
30343471
30275600
30284335
30304388
30311050
30326246
25339571
30292102
30262848
30309913
30252749
30285586
30354356
42413066
19845924
30265222
30337240
30292760
30281523
30239216
30339567
30272335
30289204
29928061
30275672
30302529
30337302
30341936
30277556
30279791
20539591
30282248
30437200
30365175
30284482
30506526
30310178
30283880
26047700
30374104
30311080
30326753
30353164
30327142
30334457
26058234
30354046
30309464
30346045
30269924
30361642
30336829
28271174
30338775
30326320
30546400
30309273
30308357
22655082
30286842
30291733
30308450
30303758
30351524
21058358
30344577
30353960
30391274
30390833
30321720
21827387
30278986
30292580
30409709
30331204
30327489
30276729
20873657
30310231
30928392
30331914
30496669
30293953
30319591
30304870
30347435
25663291
30260203
30296405
30296373
30301693
30274922
30342463
30312402
24684308
30334478
30333416
30317005
30307805
30323804
30286538
30351035
27378691
30317052
30303744
30365287
30395784
30321225
30363315
23111627
30291406
30296573
30357256
30320393
30409955
30332742
22411831
30351655
30304694
30360769
30265496
30319064
30333060
30260561
30338783
29067895
#end
