#729a2951|blade-1-m620|jdom@54ed0cc8b7e8deffd5e088305ca7723dc0bd963c:org.jdom2.Verifier#checkCharacterData(String)[generators@bcfe6d43107430b2604e2e34b9151742941652e0:cz.cuni.mff.spl.casestudy.generators.ParseFileGenerator('MQ==')]()
#date=Apr 30, 2015 1:55:26 AM
#warmup=1
#count=3891
#begin
21956525
45554996
32533321
30449197
30329084
25594057
30502350
30414773
25419598
30361784
30431407
30988378
30408362
30381387
25457875
44886392
30473430
30931974
30394376
30266400
25563301
30379809
30456439
30330012
30351151
30341680
32711330
45113409
30271449
30371042
30350627
30307386
25692541
30318668
30347718
30331280
30339267
30318760
30317587
30324974
30318459
30370053
30363296
30310702
25403636
30295035
30338960
30331687
30364417
30304904
30316385
30359737
30445040
30360424
30335696
30291071
30510582
30378136
30350346
30333788
30113696
30336386
30459204
30267249
30296342
56260261
30337158
30384296
30398349
30318535
30345574
30335543
30350600
30507830
21938650
30308164
31151734
30360932
30482638
30341838
30290352
30462278
30309011
30308893
30310873
30316257
30323404
30290829
30367744
28362960
30318876
30368346
30389209
30357202
30470252
30314860
30296109
30436379
30383637
29453168
30318080
30403462
23244587
30400055
30385062
30503749
30305136
30307933
30321636
30280987
30500681
30350471
30330055
30286632
30225420
23918210
30417537
30381104
30398166
30339474
30315945
31172876
30331053
30361943
44853504
30506810
30312471
21971806
30366291
30325157
30394083
30328449
30323124
30361348
31193838
30363448
30394337
30297825
30346583
24070216
30360161
30375847
30349246
30344637
30452727
30288787
30308207
30347231
30362055
30453436
23260613
30403952
30369387
30376049
30458024
30343836
30340971
30348062
30354342
30470610
30308716
26885859
30459943
30319164
30319842
30281927
30317966
30363571
30353453
30320881
30339738
24754199
32360983
30383089
30373811
30309431
42430800
30325549
30306920
30290764
30347345
29365745
30365506
30310684
30309967
30329471
30314934
30355602
30309047
30298420
26070809
31182429
30361187
30293298
30324262
31160627
30259227
30337445
30355897
30073778
30315835
30375640
30322823
30359771
30313809
30359588
30321558
24817481
30491759
30388420
30351148
30341249
30450535
30520691
30348672
23787957
46263227
30318553
30414231
30325867
30344942
30283716
30351042
28772478
30315609
41229914
30290100
30411668
30338928
30311148
24528302
30391012
30351186
30325280
30324033
36493001
30317098
25505993
30359855
30265123
30367828
30333985
30302276
20219901
30360995
30352918
30345823
30972100
31203371
30347047
25495339
30481259
30269133
30366973
30325405
30268758
24620681
30365604
30337693
30366097
30330366
30461086
26571233
30398509
30389290
30343691
30446086
21412901
30471861
30374646
30376231
30385680
30344204
30310468
22274582
30418624
30348713
30384302
30296188
30437786
30363521
25521576
30402218
30316420
40204316
30253019
30287406
22475006
30435984
30363797
30282321
30370094
30399139
22209751
30380257
30326822
30414171
30344516
30368527
24020280
30380975
30454875
30414716
30395759
18920007
30413022
31243033
30391909
30411031
30367453
30367848
21312991
30378089
30373952
30412722
30372031
30421731
30502426
30375407
30341111
23713894
30380899
30315740
30331458
30275373
30375260
30313504
30389244
30378043
30424420
18494095
30366167
30296909
30405013
30396838
30342229
30352667
30395287
30358588
30384652
30353993
30428580
30360142
20532197
30419101
30340887
30404980
30318749
30353153
30330773
30381005
30447715
30427102
30379757
30417929
30350751
29872327
30385913
30355254
30372036
30293284
30339775
30306542
30359622
30343322
30420455
30407074
22311192
30390851
30401319
30354686
30419762
30334089
30303317
30336931
30332726
30351255
30515757
20533889
30392382
30727072
30416067
30363101
30354121
30352577
30426275
46012192
30342926
30351168
24543017
30412164
30401837
30361880
31242280
30376061
30342391
30280918
30376601
30412995
23929432
30304378
30372665
30329126
30362716
30380956
30308621
30367358
30415366
30367849
28634735
30393344
30380122
30349575
30372345
30378615
30352969
30351095
30396561
25632442
30384653
30428433
30387416
30384306
30350820
30335529
30479993
30401899
29825365
30401837
30422771
30379606
30370854
30390506
30313203
30340704
24442648
30369603
30396669
30357431
30350570
30309531
30319793
30342997
24671136
30390108
30317480
30430160
30355958
30360686
30348414
18277544
30375342
30374802
30295829
30535608
30350040
30377962
30332822
26107016
30376900
30426071
30378106
30334569
31487706
30330440
26766696
30348097
30363927
30348078
30335898
30485104
30357315
30401418
22803831
30327371
30402863
30365294
30382455
30699062
30354242
30376564
30354412
30408729
22007781
30343991
30373031
30515472
30338060
30311115
31239951
30368333
30358269
30342024
30338702
30398224
21633421
30368237
30566750
30420579
30320120
30556526
30428161
30368371
30321322
30377873
30335009
30401893
30312687
23579880
30470186
30379767
30403270
30366050
30333239
30303240
34729497
30410757
30367789
30354064
30352567
22511813
30385870
30366602
30382303
30362656
30369573
30373026
30331568
30405036
30351933
30377209
30399575
26666601
30330140
30302838
30294205
30331613
30387225
30339807
30355306
30360653
30358416
30363029
26283889
30444373
30473084
30368225
30341414
30321550
30357865
31387189
30411189
30441685
21257073
46647738
30485551
30612626
30507100
30498257
30480231
30505629
30511636
30518275
20991119
30419622
30348342
30359011
30387629
30398771
30408206
30396310
30372525
30382072
25295842
30549835
30504466
30777717
30489711
30449771
30427478
30444487
30469537
23906483
30508736
30494665
30565323
30589473
30494266
30510416
30511304
30488553
27949836
30522474
30506084
30496684
30492624
30514383
30433691
30538177
24182269
30465702
30424627
30475735
30534153
30476964
30467373
30497070
25178271
30488780
30510293
30488096
30496275
30499415
30505159
19511897
30568282
31520135
30618241
30586424
30608984
30738005
30589885
28694341
30510453
30617517
30634795
30637588
30600015
18468521
30566233
30630864
30586707
30577829
30572904
30596486
22760144
30565091
30642550
30601591
30613004
30586828
30540137
30597959
23735121
30528722
30518275
30598793
30710616
30646704
30587480
38136792
30573415
19070292
30525381
30604249
30539535
30577793
30592746
30582575
30523028
55849489
30574693
30575537
30594208
25548612
30632626
30626974
30622586
30623048
30682942
30667077
30566235
30563820
30587962
30688716
30578552
30614071
19753783
30568995
30608386
30585473
30615137
30622081
30641608
30579435
30615895
30569955
30820932
30618263
30591511
20570281
31412913
30592857
30630273
30604355
30668384
30634170
30523920
30582614
30626841
30597205
30612996
48955120
28555181
30637419
30584351
30588391
30535704
30622405
30537195
30565909
30592270
30589152
30504239
20225848
30581636
30662248
30622626
30767406
30609616
30617615
30569677
30617110
30724644
30649923
30566955
30162129
30601537
30622174
30573511
30675205
30662546
31217156
30609941
30633469
30576439
21682917
30610262
30574302
30615179
30656635
30571101
30619668
30649770
30648870
30734741
20139609
30617751
30572530
30612062
30571634
30751312
30580876
30578846
30581848
30568795
30618644
30644606
30599228
29821111
30660134
30631057
30646995
30622769
30575052
30610428
30684265
30916747
30588296
30629806
21873470
30615266
30636717
30587172
30607308
30590442
30583684
30593760
30521539
30612337
30578551
20952376
30676445
30671626
36638137
30663966
30648392
30643402
30591795
30665802
30615303
30637280
25420533
30688204
30581011
30592464
30670792
30591944
30613449
30642950
30589317
30600957
24455055
30613882
30621452
30734351
30674984
30613317
30645261
30616542
30640492
17992191
30643259
30624970
30611638
30636526
30581623
30554966
30581436
30542010
30536586
27332309
30614499
30644832
30619643
30585548
30677891
30524933
30577489
19376010
30610004
30572335
30669582
30556566
30615117
30628212
30550365
30537498
26469046
30588700
30579626
30604688
30666240
30614103
30580902
30646157
26970260
30598274
30606011
30587192
30554595
30627164
30598546
21085900
30607564
30583786
30579361
30677822
30622062
30652449
17931129
30559662
30591884
30584153
30652062
30647126
30699860
19341702
30613966
30602148
30592460
30611777
30620156
30577259
30561804
30811607
26570076
30654803
30705175
30578607
30607446
30639115
30621500
30718666
30600041
30588728
28189698
39559964
30615236
30625428
30590368
30624537
30691694
30568388
30542070
21847213
30581284
30629243
30554975
30578914
30593795
30543751
30648237
30573626
21493944
30558451
30532357
30662317
30576850
30537775
30511811
30589897
30674677
24569970
30377131
30382827
30446177
30431155
30313461
30271460
30319489
22292637
30398998
30411389
30362502
30447074
30431748
30384833
30394577
23344870
30353940
30347075
30350737
30398446
30339960
30433729
17958849
30332653
30363600
30406849
30550838
30403846
30356145
30407165
30385240
30294485
30320737
30390442
31107990
30433597
30386591
30373931
30446104
30522897
22456767
30418804
30386959
30353585
30361451
30464991
30499193
30523020
20600699
30381704
30428477
30423238
30535308
30398591
30361738
30362726
22104440
30352436
30374742
30398928
30522148
30496021
30387349
30424920
28406249
30549186
30476717
30373971
30358016
30383902
30535506
26091020
30386006
30389273
30390840
30377060
30374751
30982278
29546937
30376736
30453453
30369601
30372331
30502286
22924289
30427801
30478530
30399089
30371553
30358056
20990780
30405796
30358291
30375473
30385700
30417824
30437970
30340793
26186121
30368807
30380726
30404537
30330018
30340884
30392944
30430516
30415864
26678664
30311998
30425393
30367328
30386995
30389616
30391609
30399346
30397816
30451994
19280272
30366896
30376482
30396940
30317956
30468168
30372033
30382307
30512479
30421941
30389360
21961241
30448224
30532668
30344161
30389791
30402342
30371440
30515369
30423366
30387184
19454666
30401471
30319907
30398069
30339473
30341831
30374301
30371829
30325144
30374900
21853652
30389447
30379411
30392618
30400114
30430822
30388062
30329549
30361327
18395304
30406299
30385908
30402631
30383937
30363592
30359469
30435262
30406728
19675550
30358182
30352938
30389772
30384466
30407053
30450697
30418315
30350236
25090887
31098740
30368793
30355291
30388327
30399127
30391810
30373093
24061294
30434886
30419939
30367918
30355015
30349095
30318338
30345762
27376008
30380971
30352199
30669556
30373922
30337969
30266017
23432811
30420231
30341098
30322840
30314580
30379525
30532639
23108017
30544559
30369288
30347277
30385528
30394446
30326774
25831703
30295994
30359020
30374872
30465051
30279781
21849316
30371173
30322585
30486902
30675002
30340844
20506550
32271077
30372869
30380948
30309907
30386917
30351407
30394340
26918310
30379849
30384037
31226789
30363886
30356662
30336456
31117879
30398407
30344147
30371989
30342402
30381344
19738504
30407973
30397005
30368487
30316244
30333415
30379815
25518006
30430242
30396890
30352905
30298564
30401644
24239311
30401638
30386673
30340440
30352573
30315618
25836964
30336519
30386744
30408862
30484461
20136056
30368897
30350917
34483575
30325830
30273462
35968068
30381420
30376877
30358523
30357078
25385736
30395725
30323068
30310522
30433471
26454124
30371801
30332628
30342331
19689830
30378308
30380613
30355571
30324867
30377488
23299734
30419560
30334973
30381970
30371775
30352148
30307642
26273296
31272464
30386491
30339598
30325244
30347616
30408670
30440174
25266208
30321160
30391419
30366908
30336860
30364374
30382640
30435471
30384173
30316482
30209080
30409751
30414759
30342113
30316692
30319960
30353629
30326568
30453828
25729440
30312282
30322353
30313069
30457261
30344035
30270576
41354304
30337589
28749072
30349960
30344978
30362974
30296505
30537148
30362662
30396740
23250718
30350283
30371593
30432406
30330245
30346907
30315384
30351784
22829587
30440406
30375896
30351934
30315837
30428073
30346318
30368313
26159418
30350937
30374436
30376315
30408880
30361246
30340231
22954410
30379450
30357884
30447302
30373671
30374292
30373709
22944965
30379231
30384160
30331523
30376608
30375191
30326553
30321293
18871671
30366142
30244984
30306999
30319652
30388035
30339946
30338653
30377278
30311335
30381693
30248604
30389216
30500791
30448251
30325162
30321735
30388925
30375642
30311676
22343891
30378671
30293844
30308976
30340893
30321914
30492639
30340268
30393505
21150645
30367174
30477362
30346758
30363715
30419493
30361868
30506821
30324489
23360384
30402957
30352194
30335600
30348455
30344516
30362860
30357128
20543512
30408430
30341023
30346638
30345529
30552666
30288896
30390848
20767387
46549227
30526981
30505153
30529473
30538670
30530199
30463422
24676037
30554064
30474467
30537429
30524505
30508904
30496408
22376747
30507680
30453102
30475639
30523613
30509933
30457446
23131419
30447833
30519970
30477544
30518044
30514775
30573337
27642559
30528687
30615504
30541225
30568602
30487266
23877027
30471049
30509290
30503813
30475070
30431087
30446829
30484384
30102078
30457193
30480427
30502838
30501401
30473135
30435879
30506819
30500408
28533730
30440673
30542900
30610466
30502651
30522748
30500307
30510931
20925015
30536942
30523953
30470757
30498779
30501800
30470255
31380707
30497220
29926643
30496955
30510948
30434920
30610308
30427506
30483895
18881641
30438656
30623283
30433773
30481702
30528668
30470434
30579213
23647617
30460218
30442720
30476882
30484426
30598103
30481699
22064291
30431173
30499263
30544228
30516004
30648930
30535659
23170662
30477957
30555124
30646612
30546600
33704109
30452255
28995027
30551637
30559413
30490137
30662602
30508008
24829583
30481218
30524166
30645473
30511704
30512907
25085934
30524764
30638697
30502857
30493568
30485735
29304547
30489783
30508204
30494766
30532286
23106833
30432255
30499226
30475389
30535716
21037285
30468464
30423911
30483646
30509602
30569506
30482340
30080199
30412904
30488053
30479473
30480491
30503584
29800252
30542142
30516198
30525266
30498469
20623906
30478344
30459258
30461350
30484218
30489253
30500935
21958967
30479659
30484781
30466761
30482082
30580759
30480929
30584193
19017194
30492968
30502339
30454197
30457967
30478962
30482138
30512617
30506771
22600570
30468187
30422638
30596092
30549999
30496802
30526360
30493286
20003190
30471389
30509324
30519015
30530788
30574377
30486000
30502306
21202509
46649621
30556609
30553923
30543888
30620869
30557653
30537912
25844656
30617668
30531248
30560277
30651170
30610163
30567897
23820052
30557226
30499726
30601032
30639314
30607470
30594987
30637148
30604537
29440644
30610181
30603393
30612528
30628655
30619751
30551513
30578710
25466357
30572909
30638786
30584043
30593269
30627762
30594944
30628473
27051489
30562744
30581866
30561099
30788877
30614665
30527533
30533482
30582679
22962732
30564077
30635555
30591079
30567019
30622533
30635070
30582297
30590740
23198892
30581867
30552368
30561482
30584956
30679482
30509517
30541017
29259604
28887085
30598932
30563439
30499011
30614012
30609951
30576151
30659411
26082969
30640561
30695724
41752129
30602426
30658162
30609773
30592608
29799337
30604666
30611908
30615143
30568422
30486588
30601251
23410375
30553453
30566206
30728892
30621428
30559105
30524244
22639691
30784993
30635353
30530316
30601733
30616778
30553011
24674201
30591525
30555808
30577595
30579424
30602836
19967810
31163036
31484453
30577344
30627969
30607942
30809636
29972759
30611685
30651357
30612110
30543790
18787776
31463271
30601696
30564364
30657135
30617641
22464397
30577818
30575900
30551715
30566091
30596430
30534186
24435401
30544256
30539358
30553964
30631403
30555767
30597106
30607196
23107058
30565106
30613077
30535688
30512967
30548580
30602424
30595231
25515039
30580568
30607806
30600957
30563306
31445017
30557947
21349046
30566087
30589283
30595968
30604764
30631220
30576315
30635595
30564188
26645688
30579433
30582053
30587550
30626119
30567412
30546580
30587545
30536475
28848466
30565349
30737079
30524369
30582482
30614585
30538008
30541159
22712800
30597209
30560433
30502257
30540392
30582762
30595401
30609726
21535313
30575872
30502844
30594364
30746011
30845814
30599239
30560272
24070992
30594729
30564627
30512577
30553403
30537525
30610843
20483582
30503241
30527554
30467592
30618278
30577829
30468907
19870070
30772621
30535675
30566974
30573704
30512204
30609819
30532141
30570131
25285438
30538629
30561413
30529367
30511604
30539215
30506522
30518328
24530737
30471893
30526055
30551696
30530143
30521714
30497615
30527603
28911381
30550737
30624284
30505138
30503455
30534559
30552384
23908285
30512071
30564277
30677913
30539690
30578213
30573102
23664186
30621427
30566170
30514564
30500584
30561787
30672479
30581853
21313716
30661312
30527901
30534644
30559621
30553267
30686268
30615899
22510497
30388425
30359377
30387533
30382800
30366403
30431599
30482288
18264973
30372540
30409015
30547587
30368120
30377934
30417333
30425091
30523920
30405131
24264593
30449457
30384036
30353831
30345043
30350313
30415051
30368506
30380228
24264749
30362587
30401077
30420744
30419962
30381033
30413562
30412476
18423557
30339160
30480873
31306002
30432211
30404993
30402586
30356777
30428304
26737134
30378842
30421449
30367238
30451502
30356143
30366383
18023318
30353007
30353451
30337818
30989172
30431630
30290551
30372974
30422021
30363962
27758514
30369544
30410064
30356976
30314638
30396740
30345295
30343273
20041716
30431593
30343887
30364096
30337114
30964683
30372064
30353749
30332612
26752327
30331440
30307380
30352534
30336813
30378895
38160191
30318280
28427975
30341498
30386264
30337729
30331651
30466482
30382273
21668674
30434027
30407357
30357604
30357628
30364353
30331213
19371773
30345765
30358632
30349520
30367622
30324556
30391920
20636288
30384943
30494133
30428480
30377940
30392317
30313782
24117643
30308905
30329335
30380491
30354043
30474179
21363324
30389665
30400482
30425375
30355049
30314424
30960587
30357471
25605175
30351174
30383642
30358158
30394704
30311057
30359800
23304628
32366146
30499388
30386871
30360904
30372153
30368660
30552815
32250811
28192569
30358929
30411357
30409214
30400245
30375604
30350307
31003478
24981585
30372074
30396509
30459760
30361945
30298469
30343706
30359602
26587631
30365236
30344509
30339009
30362871
30556789
30303702
21694190
30414791
30379535
30513355
30403564
30323456
30331597
20499008
30457949
30346189
30370597
30334959
30334436
30415259
21935809
30392036
30349107
30365431
30462660
30334222
30340878
26720648
30339157
30534648
30413033
30322702
30416892
24271018
30442035
30413815
30449298
30378148
30368435
30320842
19587799
30384647
30396758
30427186
30386778
30339776
30359320
30372755
29943550
30317438
30424242
30385355
30380143
30419188
20321967
30416582
30373713
30417982
30318618
30348818
30405399
30388604
21644326
30395326
30416323
30341691
30418651
30403659
30369846
30345644
19528866
30407604
30350380
30362008
30378187
30368078
30428593
30420500
30365990
29448873
30372489
30435502
30407422
30312853
30351622
30322484
19726990
30391718
30327479
30441352
30385460
30346916
30349086
30427897
25220945
30415845
31057465
30373095
30394711
30324451
30363238
23853551
30436409
30390013
30396465
30388504
30374487
30316695
30373464
18239748
46523127
30465924
30559826
30512902
30548666
30535920
30528037
30550430
30535958
23581708
31261263
31224230
30371333
30426599
30350256
30317922
30414500
30383082
18442178
30311457
30338681
30423309
30336691
30301007
30319065
30326940
30316758
30363138
29853743
30304429
30374751
30384878
30415300
30359413
30363191
30337180
22073577
30392537
30352299
30367659
30338237
30318509
30326206
30297655
19375406
30366831
30384831
30408113
30325178
30537018
30377776
30324191
20894787
46614791
30449764
30659548
30460276
30451249
30536059
30485704
25599317
30472100
30529481
30534694
30550427
30535563
30464599
23757841
31092508
30550488
30549188
30516263
30808586
30665562
25665988
30450846
30593964
30492761
30549730
30487695
20265198
30470618
30445908
30467288
30480945
30491911
30480318
30514709
21643726
30432178
30379693
30546433
30422167
30316991
30325656
30366096
26725199
30321148
30376436
31219351
30424482
30349578
30397002
30391420
30350065
26788292
30414219
30371483
30434620
30404184
30334995
30422867
30440006
21334346
30492137
30358191
30263631
30286931
30312333
30526442
30325240
19480364
30347013
30291782
30522028
30335807
30298135
30332399
30324677
21446009
30504949
30483013
30475458
30551521
30552843
30512887
30526733
26863095
30469699
30466663
30436913
30524122
30520663
30441661
30462584
30502108
28387581
30524075
30491822
30490006
30440164
30590462
30578171
30489886
22188674
30531008
30544147
30486720
30480742
30535113
30491373
30496783
20893971
30482107
30502424
30488167
30528287
30527937
30535249
30510804
23031200
30461108
30549173
30477778
30525982
30561271
30524485
18961860
30462811
30518592
30528588
30588913
30525806
30552793
30477530
29931568
30510346
30572504
30452049
30539548
30519744
20853272
30516493
30496341
30577068
30497684
30518480
30493295
26094662
30535088
30693739
30472988
30542090
30544828
24212052
30375178
30346461
30367133
30356965
30307038
30470117
20396336
30376514
30399096
30439624
30465282
30357845
30351515
30390242
30350534
21626597
30429012
30373844
30425711
30370030
30417802
30311567
30346453
30391942
30421920
27267015
30383018
30327873
30366184
30372170
30386825
30346705
30337601
30298175
22531592
29130563
29160451
29054823
29096327
29137047
29080169
29137531
29074519
29028956
29014473
18890572
30376057
30378339
30341313
30349458
30364783
30390333
30377548
30357196
30388911
30355749
30362736
25682883
30382086
30335513
30329656
30346362
30404655
30305522
30299866
30309393
30334534
30379548
28841548
30298914
30346131
30324545
30383272
30418772
30376315
30358228
30364323
30414964
26281481
32325195
30494033
30622951
30586755
30481029
30498127
30512167
30466404
30509422
26376480
30511981
30500602
30535315
30524530
30550382
30507475
30519249
30493724
22721227
31401333
30449955
30480743
30518158
30485700
30498213
30538973
30484124
23222287
30465833
30518926
30510673
30520231
30506415
30540403
30572401
30457965
29687433
30441769
30506075
30472044
30507835
30504743
30522826
30475011
26657351
30484250
30506533
30500853
30516351
30545664
30497382
18978380
30489213
30518164
30471595
30516084
30524713
30525659
30460062
24787108
30494613
30577907
30455008
30526690
30505356
30522129
23925774
30450298
30496579
30542575
30507533
30510897
30470755
30541895
19467882
30519180
30526295
30596654
30493855
30529615
30510567
30537701
30622572
30495208
30538657
28426544
30510926
30525396
30538303
30457244
30535004
30471593
30525882
30501896
30472734
30529273
30457477
25134758
30484839
30495116
30449311
30539835
30495437
30641228
30546725
30502789
30481580
30513666
18140616
30420724
30482384
30510253
30556884
30482302
30531418
30449947
30508564
30519533
30504694
30496873
28860172
30591128
30455433
30490518
30494440
30514982
30601919
30505349
30491384
30442040
21857703
30519955
30509762
30522764
30511326
30486106
30566319
30430988
30460318
30500278
21146105
30470370
30459508
30544666
30481024
30500006
30519453
30493799
30494882
30475444
24519116
30458928
30521444
30504744
30514328
30519901
30442970
30458924
30514390
22874285
30559793
30448668
30500781
30505061
30502053
30510427
30468393
30446407
25288296
30472675
30533640
30498246
30496629
30553533
30488156
30494919
21812136
30510271
30500952
30638237
30510613
30475662
30533629
30464974
22294450
30470646
30488962
30550325
30486781
30649082
30468366
30525482
26024138
30569150
30648903
30535655
30430380
30503288
30829739
23466924
30472158
30439720
30530500
30498211
30575834
30505204
23765339
30494148
30551387
30661343
30547711
30553639
30504375
29248241
33487539
30506909
30537308
30466863
30498495
24393671
30444392
30532770
30635697
30457269
30430033
23981590
30428635
30577544
30473106
30527955
30457090
26387809
30496191
30597053
30525206
30647009
21286918
30469220
30460494
30504212
30597568
30452666
30212238
30482133
42775454
30526437
30518078
29606813
30608637
30606132
30539408
19787403
30553059
30697001
30527286
30598478
23346488
30632302
30712733
30575012
18908925
30652968
30588224
30564166
30588088
30557021
26281564
30580655
30560257
30605939
30656393
25391156
30592608
30615726
30640511
30575611
30547235
24017921
30599284
30741022
30604596
30626208
30651606
26031590
30618873
30566071
30567122
30607253
30592393
40479965
26186320
30585986
30598735
30554376
30591968
30575909
30569655
30760979
22263620
30587314
30646686
30566002
30649009
30581119
30639235
30755078
22205334
46816481
30611877
30633050
30559206
30774559
30632744
30589083
25768590
30686094
30830343
30646535
31405411
30564795
30561451
22920954
30664377
30642413
30655568
30644808
30592598
30612629
23157407
30596082
30648062
30638109
30617249
30626014
30605826
30631193
19508319
30656570
31305851
30643486
30552490
30582039
30616273
30685279
19540582
30599221
30566650
30649001
30638917
30593257
30579426
30617630
30663759
30613734
23859319
30643828
30631482
30679705
30669773
30613726
30654175
30652096
30628581
22706730
30643313
30567222
30581648
30613109
30644228
30565371
30730583
30645286
25661908
30607747
30639206
30847103
30609219
30614740
30615213
30602541
22578075
30632775
30619358
30620731
30610670
30641919
30640272
30609775
23190287
30605792
30570416
30606035
30577346
30595464
30699223
30627483
28980970
30598624
30646207
30572797
30585478
30601973
30562455
25408189
30639139
30607933
30624626
30654322
30646095
30596086
30619792
18229540
58224164
30659114
30649902
30583163
30566004
30633871
30606551
30669994
30589671
30601286
27806150
30559366
30645748
30609437
30727414
30587612
30632517
30591299
30666179
20521137
30518683
30537628
30682519
30602947
30492940
30572255
30533287
30667577
30513698
30559533
28843467
30510179
30689985
30480564
30520456
30546902
30523535
30538958
30466537
19636539
30374591
30369420
30342442
30382729
30359746
30406389
30398706
30414091
30408486
25989739
30440269
30440444
30380726
30341407
30378759
30359902
30425065
32454233
26816212
30358013
30561844
30432581
30375518
30505493
30315445
30436633
21779960
30411731
30397466
30463247
30493160
30487924
30411053
30378768
20660006
30447444
30446262
30374284
30385142
30379924
30378902
30445859
30334577
30361211
23062991
30388926
30482388
30418335
30341449
30408256
31599970
30443993
30374308
20260871
30412456
30332525
31221592
30431337
30373760
30547692
30374840
30307411
30380222
30390140
18847441
30373306
30374106
30354782
30337991
30363236
30359117
30422035
30362889
30382771
30378189
30532451
28840298
30348522
30378931
30423170
30389609
30360866
30383333
30424227
30383477
30382404
21361562
30981661
30381913
30358537
30397686
30392091
30425797
30377754
30358324
30380469
20359289
30445513
30387907
30358475
30374693
30406773
30426229
30406404
30364653
30394514
23378728
30410028
30386155
30405797
30364517
30473617
30451799
30324229
30351233
21537764
30405786
30385240
30358258
30410946
30440282
30415638
30385195
30338837
23498942
30452116
30461786
30354845
30375673
30379686
30422846
30695026
19858390
30416313
30302529
30356911
30383360
30398678
30414062
30418827
30335213
30340649
19520294
30385155
30400128
30384697
30337042
30333402
30356686
30302542
30393787
30380502
30366049
23392206
30410566
30414259
30367253
30440215
30414996
30442368
30418686
30409310
30412460
22403957
30429271
30388496
30390382
30425437
30393742
30399489
30391100
30416487
30368824
25884745
30394049
30499828
30351722
30361848
30409276
30373492
30401449
30415594
26398440
32305168
30572071
30518826
30483706
30534433
30628860
30519575
30437375
26519091
38053323
30537984
30473475
30589139
30530797
30539686
30516802
22735971
46401457
30414798
30385854
30399326
30366095
30413260
30366891
30432516
30357892
22460546
30535779
30435286
30387406
30405922
30402209
30391491
30459439
30362284
30372441
26891669
30380356
30436149
30405338
30392109
30355085
30372751
30418957
30372086
25515864
30373119
30350402
30416542
30406057
30479719
30429260
30448806
17736055
30318573
30374120
30404236
30355418
30357800
30370559
30569753
30408266
25358104
30438098
30381531
30346214
30436806
41468504
30369569
30326197
26125045
30400898
30389394
30323537
30329716
30339591
30336489
20777825
30356076
30408424
30357148
30502165
30382887
30405554
30396278
30271945
30481671
30345535
30331680
30397170
30421117
19741343
30381501
30332017
30352822
30279745
30299764
30316179
23424851
30337602
30356684
30350577
30378619
30293627
20959852
30290165
30305333
30322013
30308385
30542866
20839699
30330065
30339274
30322907
30403883
30317079
23262455
30309998
30335426
30490655
30285135
30306220
30310407
24245245
30333160
30316760
30340960
30330642
30271607
18201769
30330184
30285327
30308852
30235762
30284131
30290920
30284841
19617468
31483473
30974336
30259874
30309093
30325909
30339748
30376242
30306060
30342100
29368271
30366102
30379260
30336173
30341185
30359045
30334282
30327004
20367024
30313732
30349968
30528177
30284689
30320267
30253450
30256155
30481958
19921970
50245588
30367031
30346529
30348373
30356346
30389174
30298167
30343944
19830403
30399852
30272838
29037763
29030736
29026429
30353773
30394118
30343520
30352341
30394904
21391504
30398953
30379554
30368869
30326013
30405923
30374484
30376673
30307962
30362498
30338175
29408840
30377749
30324562
30365202
30312324
30555736
30286351
30292796
30306098
19519552
30341171
30413140
30319142
30432226
30350331
30342986
30401758
30357374
30448084
25359849
30421461
30452138
30361997
30485618
30368868
30315730
30351575
30383308
25971482
30375047
30945816
30362416
30412156
30370260
30361583
30328162
20520357
30373589
30366333
30336016
30339509
30588848
30323855
30365480
18433864
30365640
30390046
30301360
30372857
30370242
30378095
30421363
30369018
30413796
21085428
30383942
30392500
30403265
30360771
30343065
30411559
30392268
30353099
30371820
30481176
29260106
30330056
30483376
30296087
30266856
30319572
30320189
30437069
30367047
19613719
30356300
30371407
30491321
30250840
30269186
30353171
30367262
30451541
30313946
25529179
30350598
30351873
30294691
30341298
30310285
30496409
30293184
30343520
26099456
46451400
30429040
30413289
39154390
30347034
30396564
30380716
20853449
30437653
30369704
30371896
30397742
30308965
30417185
30398665
19362753
30447367
30470613
30492113
30479225
30485136
30551855
30504658
21774419
30479954
30500650
30565777
30520507
30556692
30488111
31354321
28749450
30496688
30490884
30420678
31366320
30641131
30510450
26728345
30542462
30553180
30475967
30589472
30493111
18836890
30472453
30466535
30472951
30532084
30484175
30482904
24266187
30474562
30489805
30487227
30514831
30514197
30457528
30511704
26948734
30509322
30521153
30498248
30470670
30591557
30454242
22995212
30484675
30562026
30495228
30538397
30538055
30501175
22191538
30456072
30433289
30498457
30509502
30513006
30521735
24501842
30501993
30541649
30472173
30529318
30548497
20577181
30439787
30483378
30505824
30489893
30475929
18130302
30318299
30423858
30368611
30419897
30401515
20516590
30381675
30413327
30319296
30480717
30417140
30375204
18936496
30372220
30381522
30423062
30341800
30378010
30391117
30525930
30329329
24147245
30348160
30376011
30558640
30332631
30432815
30278507
30333831
30341120
26159571
30373171
30390424
30416877
30380725
30370325
30381278
30391217
30416260
29006497
30400033
30469573
30337434
30360236
30364610
30373109
30411986
23475486
30374169
30316266
30379709
30341738
30340889
30352169
30350180
22916670
30408408
30397335
31087959
30386961
30412640
30349752
30372700
26207291
30395846
30383741
30332797
30402025
30346033
30357002
22906856
30419673
30376606
30531662
30391782
30342406
30394800
23046411
30542075
30458275
30375294
30344181
30384133
30519962
26214476
30316196
30357097
30331587
30323463
30445573
22513215
30564406
30331926
30275923
30333440
30577411
30479220
30338657
25781057
30362894
43909525
30411828
30370184
30378227
30380793
30400253
30381858
23726881
30347065
30489128
30378355
30319133
30290053
30292820
30552818
30338927
30339743
24037954
30405410
30346320
30367791
30390051
30393823
30319958
30289796
30355859
18958307
30371667
30337251
30297233
30503947
30382791
30334145
30344277
30373200
30380144
30332213
30439304
30468439
30519202
30596883
30534510
30514586
30627206
22090707
30471762
30538255
30503415
30708980
30499179
30507357
30540522
19380816
30531868
30484328
30470982
30545262
30429204
30491040
30552588
20681600
30475893
30491582
30499412
30461257
30530818
30501555
30520161
25284622
30526694
30535373
30491100
30491986
30481284
31309805
23281877
30506142
30499327
30541997
30559130
30530310
30461820
24946685
30467307
30533158
30461911
30566959
30492417
19519382
30454613
30472642
30452059
30505796
30478160
30562828
26929767
30464900
30470513
30505011
30503348
30571579
27572213
30476390
30442151
30564624
30534024
20099949
30469190
30505961
30453831
30605392
30567173
25405515
30501038
30525844
30499577
30547452
23135803
30509510
30516637
30477371
30493641
23172538
30526622
30549486
31186292
30550560
25470711
30494566
30442619
30485305
19455742
30502827
30519806
30492564
30499633
30492310
24663101
30551248
30495894
30537413
30500236
30447907
18711190
30464835
30631844
30496033
30504558
30478108
30537731
30505729
20216460
30451658
30470913
30481158
30442062
30422113
30860093
30487522
30495937
30493346
24839104
30445826
30488959
30517004
30536018
30600708
30446999
30531531
30459942
30477718
27933341
30474768
30766857
30464337
30460422
30545271
30517975
30522760
30530017
23865170
30478787
30510293
30485865
30512630
30522031
30519484
30534230
30491484
25107338
30574321
30537089
30565610
30513487
30506925
30448224
30542193
20543455
30459448
30498996
30535764
30479610
30485349
30485499
30527867
19360233
46317060
30287251
30363386
30337793
30302712
30361513
30333099
22199540
51098448
30541949
30380610
30331049
30326596
30353897
18410800
30313896
30330050
30346564
30333367
30333556
30310108
30325231
29778808
30321199
30338305
30345936
30268645
30320991
21031489
30347109
30367507
30361585
30451033
30388797
30406360
26739332
30367164
30496056
30392051
30317616
30367508
25370688
30351095
30309249
40831363
30317453
30369267
26761892
30367464
30378751
30454073
30311939
20863185
30423206
30299853
30569555
30352599
30317653
27850299
30354513
30501349
30413497
36338480
25934554
30362147
30311799
30309818
30265516
27219651
30395307
30316176
30351909
30294020
30332987
29874134
30311693
30316342
30295587
30321056
21967449
30397901
30380797
30365403
30368995
30374302
30321263
24332838
30377562
30355648
30356870
30408194
30984439
30327202
30304247
23314439
30369284
30345436
31237804
30283571
30514984
30330844
30332400
30287747
30314235
26364018
30337628
30320224
30345643
30346473
30306959
30319109
30297090
30398180
23966650
30305891
31203763
30320936
30274513
30331991
30248331
30352577
30366226
25240378
30338067
30380420
30351148
30400632
30560764
30373953
30347222
21072056
30365471
30430828
30277547
30303511
30326339
30282309
30403711
20709593
30352866
30379374
30379879
30348864
30365582
30384182
30328142
23515766
30351089
30348174
30431830
30395113
30388337
30332334
21303553
30402524
30542817
30410456
30279684
30332091
30323211
20779381
30354713
30425413
30387026
30302120
30314507
30412413
23382531
30341461
31490560
30407125
30362444
30268292
19714739
30401675
30295568
30352182
30320640
30276196
19359373
30328741
30422713
30367792
30371160
30359831
20691243
30383097
30550973
30420837
30376793
30344715
30373947
20952756
30362507
30364826
30365712
30381149
30358024
30324636
23613486
30334220
#end
