#729a2951|blade-1-m620|jdom@54ed0cc8b7e8deffd5e088305ca7723dc0bd963c:org.jdom2.Verifier#checkCharacterData(String)[generators@bcfe6d43107430b2604e2e34b9151742941652e0:cz.cuni.mff.spl.casestudy.generators.ParseFileGenerator('MQ==')]()
#date=May 1, 2015 5:40:12 AM
#warmup=1
#count=3771
#begin
23566839
56755333
43897578
41679251
30249589
31071953
41574719
30366942
39679071
32737247
43381949
37409835
30477008
30927038
25584522
32773861
32169729
31845450
30370218
45740575
31123442
30480533
31289749
58562623
31531281
30413967
30423269
30660565
30334253
31296220
31241900
30351431
25292332
30365640
30364534
30458744
30378378
31332301
30373461
30385002
37349930
45279225
42572987
42267174
30800156
30510066
30364680
30412038
30384513
30344200
30347716
30450888
30350291
30397406
30379966
30357867
30397664
46215869
45743062
51440166
29954067
30423228
30393689
30393587
30441728
31372528
30417057
30424566
30370018
30477921
30405929
30396362
30363549
30369174
21126109
30384164
30436680
30376629
30371793
30348024
30325171
30370342
30476033
30303365
30379464
30345362
30373749
30334824
30329602
27827685
30391806
30401313
30367625
30353470
30464253
30353561
30383640
30362097
30359602
30337551
30307720
30329283
22759514
30470593
30802378
30398838
30400582
30344942
30460371
30329107
30299676
30420984
30392180
30323479
30427144
22916494
30460889
30385140
30427264
30606560
30435727
30466925
30376787
31234587
30406551
30393022
30357991
20871739
30336595
30392736
30417513
30395289
31316009
30426378
30892345
30373298
30699455
30393486
30359206
23427717
30391066
37700220
30388874
30403553
30401306
31266513
30396140
30515757
31020449
30423526
43855485
48167521
32613957
30649180
60307247
30445771
30471573
58738855
30435434
30489640
52149505
32594257
46721246
55857639
34141525
30597497
31302062
30593546
30486441
30546247
30465907
25092582
30456155
30441239
30556371
30453050
31312207
31082923
30446424
30475140
30498097
41168169
38007919
33558988
30464028
30498770
30418793
30452711
30417042
30441582
26151849
30443978
30562570
30589738
30474868
31273680
30530035
30456221
30434396
29159291
30488209
30447934
30472028
30518030
30466180
30412313
30475825
24387068
31489199
42953157
42789089
30374524
30438367
30413744
30411182
23624052
30490189
30367605
30415124
30348017
30405767
30395540
30383257
30419167
30381427
20646506
30282809
31185587
34965778
30249944
48111223
30397445
30276185
30277749
30371573
30273533
30322767
30279869
30233533
24317322
30319593
30292902
30328995
30221929
30280160
31038081
30319976
30304048
30439573
30274512
30308262
30458484
30395824
30270276
29791134
44770568
30307773
32624670
30314807
30278210
30287807
30446462
30242469
30302906
30304537
30279360
30297767
18452655
30288665
30323836
30313478
30253683
30348313
30391973
30289140
30273803
30358049
31143487
30299529
30250156
31182738
25881879
30341014
30927934
30346685
30359478
30303368
30348077
30367856
30902852
30311569
30283863
30306444
19332432
30334617
30438360
30282885
30377975
30425691
30335519
31107602
30284149
30334427
30423442
30253231
18315864
30307280
30351050
30312667
30322493
30321132
30302971
30254173
30324613
30303580
30250293
30269836
24436334
30291498
30273964
30365242
30301189
30298091
30276530
30276284
30303826
30316875
30432046
24612478
30326455
30324049
30478967
30308356
30319394
30307174
30278731
30301067
30304746
19814249
30306782
30335382
30339468
30351222
30294120
30393316
30281065
30313042
30217341
20418284
31147715
30298596
30314145
31188369
30276378
30323081
30310396
30452696
30345440
25369300
30429427
31278666
30439698
30338277
30405335
31264353
30449713
30421483
26946192
30372956
30415608
30370951
30417604
30575775
30293194
30412223
18043105
30423716
30440868
30397993
30360280
30410102
31211623
30364273
30405220
26132807
30470124
30388189
30415448
31243842
30453842
30374762
30344747
28568555
30496953
30531990
30409029
30314774
30409188
30422190
22358468
30431364
30520741
30373859
30385055
30427182
30448313
20951956
30351093
30352724
30361309
34135533
30283936
30366371
22308282
30380957
30296883
30338569
30345620
30324509
30322651
30303960
18771208
30321295
30341862
30302583
30437048
30364617
30286838
30316174
30317931
30272109
31296333
27247113
30307133
30295664
52265298
30333722
30341106
30380906
30390524
30342193
19970713
30371252
30357649
30307991
30355366
30254042
30408748
30260218
30310273
30304944
28000656
30346877
31152396
30334620
30339422
30313050
30281153
30310835
18581190
30294202
30315519
30283250
30291105
30320698
30344300
30310547
30333152
24422279
30389204
30318280
30360280
30287156
30356520
30337786
30310407
24073084
30314476
30434995
30291851
30284089
30271947
30334569
30255887
28559977
30299444
30337959
30283733
30307978
30262036
30365146
33938145
30258847
30328274
30344866
30288491
30309078
30321487
24092258
30340789
30302512
30326073
30302427
31019451
30321294
28504558
30317144
31170365
30366609
30315746
30312127
23431500
30304682
30287931
30305844
30289362
30306659
22700205
30339601
30305213
30317571
30243492
30306031
25103551
30320660
30329773
30320217
30311069
18170473
30262775
30365415
30300096
30308533
30352985
25462741
30367105
30358162
30397412
30309828
24276885
33263433
30306925
30448766
30324215
25791211
30418113
30316833
30368603
19076756
46502487
30434145
30443857
30391992
30399980
23205672
46370850
30321049
30349095
30362162
30331809
30289287
26182815
30329236
38340392
30344135
30303853
30287789
30276636
30293896
25712185
30915285
30316647
30294160
30313262
30258874
30382713
18477045
30278104
30372931
30282771
30316598
30281511
31195807
30315470
25278510
30284666
30322198
30316520
30393859
35082650
30355742
25357800
30321157
30330327
30326331
30302100
30283104
30280340
30204273
30459566
30224167
30250189
30230714
31063123
24269705
30248122
30214685
30244479
30198500
30283973
23225916
30243378
30329751
30208426
30209806
30258974
30262309
20376274
30233796
30305964
30432167
30245086
30267380
30208287
30212662
30200587
22325635
30280924
30265072
30277315
30191764
30224297
30274560
30237078
17839192
30189220
30306846
30197729
30915327
30266284
30193887
30222602
30215916
30233725
30218754
29094274
30269915
30232451
30306751
30334898
30244205
30280277
30209845
30274854
21763455
46389630
30299827
30305999
30257525
30353475
30307652
30299607
30307840
30294371
30280694
30283333
26557979
30325168
30434505
30376655
30262012
30289017
30306862
30334643
30416980
30399582
30331867
26844381
30315511
30416509
30358481
30548356
30361053
30284706
30295531
30389706
30292173
22162254
30325056
30271031
30317927
31189927
30319313
30333124
30291159
30329268
30309469
22466648
30323487
30305391
30290808
30230940
30275982
30312781
30396673
30347211
30388697
27901877
30282604
30280994
30359680
30271603
30305608
30284491
30253978
30304508
26416469
30374601
30301815
30392778
30301483
30332408
30358748
30319206
19942454
30297493
30362146
30334849
30266708
30331817
30327201
30492224
30323353
28175233
30314013
30320588
30336695
30238189
30300463
30281967
18044351
30251716
30399919
30314747
30321204
30259853
30320340
30461578
23281337
30345371
30297635
30309477
30324433
30318241
30303673
21719504
32186728
30861721
30391531
30271967
30238614
30201531
30233625
30319665
25133282
30233805
30389324
30212307
30192880
30217929
30270002
30350929
22922865
30246689
30252240
30291598
30157351
30231435
30254313
30245904
24373133
30232293
30262790
30212279
30207174
30257669
30265157
19463575
30242409
30267485
30402029
30277918
30225933
30739614
30233367
29743525
30252174
30284673
30393376
30878910
30201902
19861261
30275192
30280380
30326345
30285282
31190528
30368884
24452097
30337365
30253833
30238878
30252575
30265663
22445049
30238907
30193271
30221864
30229687
30345818
22753814
30248354
30262846
30314286
30231500
30265777
30228620
21380437
30254990
30233794
30248305
30191616
30265529
30249934
23011134
30192765
30283196
30301886
30258725
30274583
30268745
29605302
30251569
30223854
30256991
30282642
30171095
25677596
30291469
30248609
30408998
30269640
30311040
26228844
30249097
30251825
30234926
30236864
19505077
30214471
30221698
30255647
30287716
30278689
30169920
21323437
30237787
30204732
30320894
30243289
30221467
30258278
30184861
19364024
30246853
30234898
30227974
30253663
30264214
30231212
30321609
30240900
30231158
21191273
30274738
30395031
30257574
30201016
30211452
30225518
30359702
30287075
30216098
30164582
26790188
30262264
30264381
30252289
31050598
30239928
30206626
30209182
30251525
30228446
28680171
30245885
30219687
30231820
30274842
30390033
30198178
30204434
30261313
22842945
30388797
30401957
30367699
30516241
30352336
30345076
30399964
30336386
22545537
30399004
30369753
30463535
30365846
30340914
30437647
30374527
30418973
26578920
30352318
30485855
30442613
30388667
30416776
30451151
30419873
24359242
30402378
30533135
30408011
30385247
30469162
30412833
30380313
26303764
30366008
30567139
30499658
30385154
30381312
30447620
21139585
30427269
30401522
30374259
30384238
30372229
30393221
19537208
30309293
30341435
30322122
30349333
30338369
30391785
21812334
30333735
30319188
30327186
30368127
30308185
30276974
26220238
30327571
30313678
30333266
30289971
30296566
23860012
30307303
30290680
30273860
30328605
30260063
24423138
30331831
30270078
30297756
30284391
30345535
29092247
30304434
30446339
30384938
30327964
23200004
30280929
30416827
30333114
30321424
21360310
46214294
30311481
30302089
30203903
21829399
30381665
30253502
30228065
30263731
30238418
21940189
30231777
30241576
30235105
30208525
30241316
30196839
20513577
30245138
30246715
30205741
30265087
30203876
30244847
30272133
30230449
24412313
30220998
30217500
30281270
30294944
32244623
30254956
30194771
22441603
30232324
30251411
30437442
30214118
30283560
30243680
30268760
24025719
30270620
30249031
30274560
30212594
30300722
30412411
30257636
30209363
22806951
30224251
30299056
30270878
30215994
30252427
30257002
30246760
30266047
21810707
30202321
30278005
30268720
30254858
30211000
30243453
30224578
30238007
24412664
30252460
30267768
30261574
30221140
30248600
30264022
30227943
21460764
32234458
30234066
31102819
30232427
30203500
30251993
30211826
22122587
30280339
30240329
30259805
30245935
30269176
30275473
30213207
26401582
30280327
30242482
30299135
30200660
30384511
30280245
23853084
30383433
30227612
30264416
30255626
30280254
30443643
24996349
30303078
30227347
30252742
30227129
30221107
19180491
30236407
30256422
30206580
30210009
30239207
30301434
26089216
30212923
30270943
30256469
30228156
30243217
26036487
30216813
31057836
30361409
30224866
18232567
30229294
30274632
30285645
30237705
30283338
30273915
19450568
30182188
30276260
30242731
30246665
30254479
30335182
30246002
30242991
26761125
30257238
30211466
30289082
30218960
30254798
30186543
30234983
29315758
30251537
30239861
30252034
30283291
30420991
30280776
22455608
30253189
30256418
30215227
30222315
30187454
30216545
20466048
30223927
30254165
30222274
30335256
30237601
30230607
30254601
30210323
24743852
30241917
30241940
30527915
30242129
30206366
30265397
30222015
22515059
30234248
30281024
30255225
30218358
30373228
30240049
30216369
22900180
43445516
30252900
30220205
30209718
30197406
30316873
30284783
29408058
30299251
30378952
30281831
30309127
30236780
30282338
26318548
30255604
30218080
30222583
30188963
30240580
30254380
29185591
30244054
30216227
30222959
30208462
30215984
22507399
30279289
30488155
30235698
30163985
30206186
20184116
30262265
30394913
30290507
30251441
30266944
21775503
30264337
30361451
30291246
30195346
30245080
24466951
30303235
30207214
30235062
30296183
19869430
30220894
30228027
30258000
30258231
30239358
30180491
24485453
30260571
30269494
30298669
30201307
30268498
21407062
30223544
30277902
30266531
30337424
30138242
30250867
30254556
25724052
30280540
30259253
30236661
30323794
30223573
30304100
24022663
30243270
30295853
30285653
30246322
30240077
30234938
25785363
30341284
30228489
30478929
30230078
30268560
20563369
30222385
30272882
30277467
30247560
30213711
30206620
45836246
30401688
30410091
30411735
30470838
18123207
31042423
30426228
30374655
30508713
30394396
21617501
30382040
30397093
30471040
30331206
30356231
27340862
30418780
30394322
30449639
30355104
24883096
30420026
30385518
30396553
30371501
30300274
22507255
30385437
30370572
30412631
30344855
30353455
30388507
30659786
28427229
30424072
30388553
30440526
30554719
30410122
30461298
30406967
21824140
30438051
30399235
30397693
30344881
30369446
30996775
30400391
20293497
30390182
30436224
30413980
30548606
30401997
30399809
30419682
21992118
46257194
30346543
30339786
30288484
30418500
30277472
30324798
28654537
30300438
30431414
30294642
30321408
30340666
30300531
41367478
30297060
30242583
30216178
30235428
30224989
18174238
41643894
30350391
30262789
30333861
30291184
30312661
30333658
30334771
27552255
30325028
30280113
30380747
30263780
30310931
30308485
19631211
30308407
30385469
30314459
30331734
30335967
30331840
30309689
25092898
30417375
30342233
33805577
30338093
30286642
30281505
24111927
30319027
30309007
30345074
30249069
30427767
30328638
27381568
31174496
30276536
30261359
30266778
30252882
21939245
30231906
30238480
30271197
30220138
30218100
20385498
30188758
30431273
30303418
30226991
30219492
21293715
30316951
30264809
30227052
30214264
30224709
24799410
30331548
30220278
30200231
30230289
30178967
30266858
28139905
30260940
30243002
30272374
30460622
30237094
22734921
30213016
30236729
30325634
30250434
30207055
30256338
30302789
25035245
30235513
30231769
30280621
30203169
30159149
30299405
30269204
27811602
30257096
30254240
30249083
30200236
30234487
30179735
22894857
30202417
30275175
30278432
30230809
30220253
39830461
21737528
30236171
30229235
30289156
30210445
30248533
31104605
30365473
30221509
26351767
30270069
30203464
30239634
30236809
30232856
30241438
30287431
30246609
25077749
30253729
30254291
30198198
30188351
30274902
30276213
30219167
30271611
29931245
30255824
30239972
30294084
30256173
30237828
30239851
30239616
25157545
30248759
30271262
30288783
30289249
30246076
30232794
30220462
26023798
30379558
30280904
30372427
30335404
30293125
30362182
20708179
46468094
30413873
30432889
30418221
30448709
30364444
30393211
30113947
30424584
30395882
30368189
30354217
30491646
19353490
30351062
30447115
30369388
30459000
30315153
30404849
23403809
30373700
30397784
30409085
30405058
30436530
20704122
31213954
30386851
30384714
30543931
30428958
30403918
30459155
25188109
30432475
30432198
30400546
30399898
30393879
30380052
23167280
30372608
30415138
30383579
30427842
30337651
30401991
30348451
30368535
26750275
30446767
30415171
30406230
30362143
30464753
30358453
30446817
24007148
30408964
30424721
30795499
30381574
30392311
30395882
30441215
31193630
30501202
30511770
30486491
30415644
30466386
30792994
20703575
30455460
30515831
30444666
30487779
30418701
31120209
18664062
30449949
30481699
30503589
30483364
30617275
30487669
21994661
30405766
30498582
30513664
30488851
30462375
30412675
30515074
30426862
29873239
30500160
30526510
30520979
30515418
30453240
30505329
30477286
30455711
26319329
30434589
30458693
30460677
30425999
30457917
30498164
30420720
18442591
30455286
30519413
30488594
30416258
30486240
30426768
30435113
30546237
25278349
30543442
30482202
30473860
30399642
30430270
30501090
30488038
25322318
30426466
30484700
30471755
30375929
30502511
30476506
19386247
30444677
30557177
30475422
30506077
30509311
30405371
30480920
26663985
30509303
30462489
30426209
30485208
30428330
31236262
28073377
30528701
30482848
30476904
30427036
30478324
21328722
30514122
30529258
30533144
30442855
30432011
30517043
29290854
30533703
30431687
30438378
30445864
30445980
28279159
30471636
30485282
30520489
30488050
20169380
30594302
31124388
30498118
31334755
30485657
24201928
30453182
30431224
30595370
30524417
22444593
30489137
30478271
30642721
30453204
21977016
30499219
30448673
30520549
30457444
22813790
30485826
30451100
30487278
30437599
30430452
24511988
30538664
30714353
30510200
30427929
30475902
30424229
25043456
30466186
30451849
30378594
30387496
30349887
19136112
30450095
30394537
30404872
30380634
30423613
30393353
30320540
20684034
30267198
30339613
30714574
30296140
30280176
30314847
30298418
23081785
30287484
30292568
30354655
30283863
30269967
30321833
30339189
30418927
29512157
30396966
30384542
30439651
30452727
30361003
30438508
30423784
27236336
30319627
30296260
30337125
30286979
30310522
30328678
19851090
30303404
30378173
30339468
30327510
30274508
30334489
30399613
26097557
30347171
30340751
30350520
30340780
30328156
30312087
25750123
30350589
30301778
30357830
30250813
30265990
18187685
30317218
30352084
30331307
30276634
30293849
30305386
24181891
30341413
30401670
30390742
30280244
30310720
23245138
32464326
30297366
30294253
30232660
30328644
24273429
30315516
30358814
30342831
30273703
18099949
30346582
30334987
30260697
30308370
30308114
24804654
30403542
30477053
30376933
30371904
23486130
30373417
30320439
30314089
30271292
31512313
22417262
30323369
30321842
30336093
30294981
30274825
30293422
17987923
30385880
30315495
30269807
30248589
30357144
30305903
30333180
30310478
26548413
30446991
30316123
30312788
30290232
30324957
30411962
30341444
45959803
30231013
30249716
30266191
30260307
30203093
30188174
24513744
30276558
30300715
30316834
30281344
30315069
30371316
23753421
30518977
30324902
30320828
30447938
30325492
30298270
24101709
30365003
30417360
30337991
30242840
30273736
19246765
30360742
30363496
30294527
30333953
30273602
30296813
27740508
30352973
30301693
30396289
30308013
30346073
29340405
30316129
30264475
30336400
30332164
21297758
30250595
30303013
30371107
30429509
30235636
27000514
30373109
30273835
30523224
30263122
25094192
30572137
30377182
30412108
30380431
25516306
30457284
30392035
30364484
30410104
29848199
30412860
30403853
30382358
22608026
30392274
30375088
30421250
19286138
30379351
30431460
30372629
30444424
30365793
27367630
30474559
30378011
30440244
30356625
27532876
30437081
30363094
30443915
19230175
30428817
30431678
30375469
30588159
30404538
21998665
30375433
30378437
30437720
30383784
30399395
30348104
23464009
30384808
30508126
30448324
30380891
30386100
30407628
20799874
30363816
30400300
30386337
30445717
30394391
30343458
30412459
30369331
26478228
30418293
30473817
30441769
30351745
30401409
30390680
30381904
29416609
30472906
30481540
30455519
30489304
30411520
30462068
22780972
30396215
30480247
30473602
30478135
30475904
30467295
21812515
31005454
30452778
30514937
30480413
30495162
30423370
22717799
30457830
30470435
30461832
30459504
30384837
30521590
28473792
30496980
30590781
30487969
30428186
30477587
24888597
30498222
30448624
30450597
30402483
30432102
25393992
30477945
30468644
30570788
30459567
30424735
30228613
30586448
30478495
30412162
30494880
23550486
46220324
30325678
30324180
30230047
30339924
30328897
30369934
30388426
30363047
30367235
30367707
30344047
45177494
30412838
30441154
30425591
30393975
30411617
30402724
21965435
30383447
30403971
30464841
30536982
30423730
30319276
22322273
30471031
32371678
30438373
30382271
30423104
30421513
30428806
28564224
30396487
30408349
30423809
30393649
30446548
30417335
27757032
30401291
30389533
30464185
30364996
30423818
20181242
30409831
30554220
30431170
30360727
30451489
30376840
25884403
30450267
30369422
30439937
30419002
31210487
24602693
30413924
30413293
30432839
30407567
30516727
26215969
30449321
30406140
30400267
30494287
20475430
30393542
31270918
30400821
30372866
30435091
30451675
23182678
30414549
30374501
30426288
30372125
30394065
18937731
30389753
30432111
30376104
30408339
30398061
30397722
21420173
30468324
30501700
30494541
30519906
30611928
30530299
30496874
23935732
30770688
30447466
30496866
30420267
30422043
30462148
20814896
30502731
30466101
30496035
30463793
30433086
30531595
30511704
24274475
30576894
30477573
30444127
30496849
30433557
44556765
30519011
30331400
30486325
30451526
30517530
30447572
30476529
30567255
25858616
31383404
31474948
30519755
30554805
30520955
30550998
30672926
18170618
30575657
30584787
30548570
30550687
30551982
30492940
30509306
30549757
18659041
30549275
30552364
30506042
30502029
30550134
30571281
30477356
30519493
21256660
30532495
30564995
30545246
30595755
30561926
30509207
30533280
37878008
24185802
32540812
30535849
30547644
30569800
30692646
31195238
30715997
23197445
30530778
30516504
30532934
30699817
30557637
30542831
30493369
23742645
30504610
30535502
30585495
31433975
30571789
30523948
21802788
30565071
30529715
30489524
30563825
30512419
30505711
30514271
30530246
30540077
30564983
30865050
30706041
30496328
22162237
30785055
30538873
30708453
30531408
30500626
30507419
26391364
30597422
30563943
30584554
30617474
32572668
24767730
30523444
30547809
30575820
30516033
30594993
25603741
30634715
30750488
30579634
30499095
30543240
30022032
30627443
30486604
30439517
30482327
24973669
30386115
30437757
30488542
30438804
22715039
30473955
30450715
30441537
30474477
23101756
30460155
30486367
30510204
30481500
25934230
30485135
30433386
30464393
20726143
30567855
30477964
30472869
30459300
27785587
30877039
30462695
30515295
25696647
30504908
30490437
30448246
30478443
25928787
30545522
30487439
30566860
30480169
30015676
31849725
30462657
30467662
22857881
30465771
30432031
30592884
30456200
30484733
29726333
30489488
30480638
30480045
30531613
30467862
22415020
30476028
30443279
30473745
30513146
30488764
19482348
30439251
30435099
30440461
31096507
30477375
30470055
30406211
24204367
30504974
30489168
30461444
30431786
30448584
30479279
30496893
30457328
23893239
30485557
30444177
30454400
30424169
30411911
30507226
30457462
30461113
23629736
30438471
30489147
30492467
30612579
30472431
30411079
30462744
30470104
30427716
31328753
25391244
30458982
30606784
30466320
30538441
30596832
30499555
30481753
30417277
30404833
30581346
27068106
30465335
30428349
30476117
30734502
30449813
30504006
30427216
30441815
30473617
23398783
30445826
30418853
30459024
30468649
30460127
30489035
30463646
30455075
30464228
25026559
30553810
30443578
30470351
30492895
30621246
30491461
30488645
30440362
21051729
30513168
30495041
30462678
30472418
31095834
30468903
30463150
30515404
21673804
30470291
31119110
30629075
30466524
30453619
30442697
30485014
31354740
26010313
30468240
30468669
30520093
30411619
30471142
30440033
30411653
24235554
30458644
30452437
30461578
30456352
30473907
30464518
30662232
26427614
30364808
30327600
30326063
30705503
30288245
30294495
22031092
30298808
30289537
30330542
30259940
30384218
30343011
21267863
30351475
30326259
30362949
30297188
30263758
30304024
30353389
30292384
26030092
30295825
30308454
30323914
30323701
30351720
30304665
30340324
24650938
30375724
30317960
30376982
30420484
30394690
30302986
30261254
27907374
30325575
30263359
30392682
30424495
30321120
30236027
23208357
30262883
30336311
30312214
30269189
30276957
30289604
22467748
30284978
30320880
30464006
30278447
30283815
30347222
25037927
31337668
30329580
30318986
30296323
30246294
20629630
30319138
30341706
30319204
30277620
30290455
18846577
30350651
30302557
30304545
30266343
30364176
21950835
30351017
30330298
30340929
30346231
30270767
30325878
19669377
30288392
30307202
30307860
30303367
30326994
30331053
30334342
30309636
24446960
30326427
30318729
30434432
30253952
30244343
30346763
30323743
30284980
30241589
22892239
30313068
30322615
30382126
30448464
30291894
30315200
30389875
30304511
30323567
30346966
30306429
23715032
30363135
30300324
30355302
30292585
30271702
30361342
30310687
30410235
30289084
30312315
30301971
21829052
30328377
30289325
30350324
30424600
30298048
30327786
30305705
30284540
30401891
30325080
30321807
25241631
30336906
30340744
30280333
30352942
30437990
30387793
30381582
30291275
30328526
30324296
24259273
35338404
30429499
30338247
30286504
30315892
30273300
30381320
30338282
30202772
18210864
30357991
30313831
30296651
30347978
30383516
30236918
30312757
30412782
30287384
30318033
29179468
30335077
30309540
30375938
30246518
30279107
30380473
30528995
30289318
21713352
30302506
30303584
38090708
30284277
30336009
30334219
30340403
30352745
20054387
30304642
30358008
30320586
30288637
30319228
30329944
30330458
30289103
22485673
30334224
30287617
30334580
30301157
30309202
30305687
30330607
18889909
30289864
30319364
30288487
30235289
30341167
30350882
30342465
19918279
30299358
30377559
30386729
30344215
30293980
30409431
30322595
23337352
30287869
30347488
30303811
30331491
30313764
30269021
20978643
30296029
30356066
30327245
30419175
30555531
30330357
21707106
30305567
30320024
30972596
30277376
30407311
30313017
30291760
30288678
30278716
30328572
30291748
30344671
30360560
30223994
30336476
18778275
30292615
30336376
30292529
30380449
30365584
30299042
30376039
23204126
30281735
30326277
30393333
30238117
30276574
30294753
21150938
30341567
30291193
30343743
30282073
30276142
30233353
30322583
30344049
24088821
32302786
32281294
30434560
30396098
30458109
30460143
30396782
21478941
46180173
30229391
30289049
30230825
30365437
30217427
30232996
22531964
30233634
30248026
31082722
30254472
30176990
30268791
30253838
30256942
30213073
28956139
30246065
30218918
30246900
30331546
30233449
30271027
30288584
30138700
27832732
30302380
30224557
30294838
30245379
30265758
30238536
30214905
21026965
30350978
30252438
30301856
30285751
30242325
30422732
30889174
18195326
30275667
30318211
30237120
30926850
30275518
30260949
30173711
20467275
30248625
30259498
30274065
30278263
30250632
30303232
30305368
25136275
30359362
30298736
30238468
30231340
30320913
30183394
23281822
30245935
30212029
30211004
30263650
30270153
30244495
25062449
30338240
30257763
30223323
30201283
30195844
19850063
30404055
30320209
30500900
30230260
30240531
30492260
30254595
21738450
30230706
30280550
30315834
30234460
30225355
30227934
30233208
26684104
30260717
30262273
30216005
30274307
30221162
30310475
25215650
30228781
30260664
30238827
30257909
30246366
30250632
30230196
19556559
30281002
30239058
30249493
30416591
30285691
30325367
30232137
30264611
30364920
19551831
30263858
30261483
30236836
30221870
30902710
30263231
30359496
30236430
30244187
23503144
30273076
30249725
30236525
30205455
30334369
30223778
30304888
30253551
23537285
30231482
30191387
30247431
30249610
30205194
30281484
30228021
30227600
25742700
30236041
30268404
30244480
30236847
30199107
30294232
30210843
22839250
30268289
30261160
30258272
30180795
30805174
30288169
30223158
23746986
30261291
30236945
30276084
30228589
30185833
30281851
32250542
29607618
30286102
30227018
30308100
30270638
30232669
30271196
26049149
30259039
30205707
30275215
30235133
30235822
30252651
27236122
30386837
30371289
30441238
30523016
30447749
21167087
30315934
30381269
30409422
30371822
30386737
30436086
30293747
30426858
30376384
30398795
30456357
30389333
30155418
30460338
30972677
30540792
30383686
21041628
30472884
30427615
30582295
32467831
30384320
26311351
30440091
30422308
30448839
30407584
23899645
30380625
30343562
30366980
30366933
23437078
30407789
30379384
30352089
30388846
25631209
30376426
30425978
30434533
19426231
30411722
30448397
30418182
30420125
30382584
24331499
30413215
30412224
30480142
30365889
30399842
30426664
30372829
30406959
30424648
30428645
30334791
30401234
30340113
18778381
30459595
30401783
30385073
30398722
30423457
30357231
30450636
30346664
19593100
30407417
30423942
30446007
30440563
30442884
30354082
30390199
30389996
19935572
30368128
30395051
30440031
30358905
30429570
30461502
30415881
30397902
30357170
30335246
22477675
30391077
30420800
30410247
30413015
30347728
30518621
30450308
30448642
30388469
30330138
24924940
30430455
30370145
30458086
30401517
30396631
30442944
30395180
30565254
30348869
23115022
30415980
30410130
30543771
30369225
30390149
30445631
30418820
31233547
30419441
25563282
30441171
30396307
30365278
30467689
30441170
30405730
30392984
30426857
23175791
30433311
30475664
30426882
30408680
30397326
30393552
30415226
30418877
23127989
30520800
30415793
30407886
30479893
30404140
30397404
30365595
30346744
29634342
30402477
30390155
30406946
30515943
30382396
30356442
30408598
27405496
30383570
30407978
30376315
30412951
30405413
30361964
21756095
30379804
30406304
30391971
30385264
30375000
30414990
30410522
28618283
32296066
30368426
30459636
30437891
30435106
30371756
26117765
30472231
30445247
30438247
30375082
30369133
19974403
30437491
30447755
30435433
30422642
30373095
30368560
25317760
30372314
30407717
30464299
30495305
30403577
23170140
30380800
30413813
30534924
30410051
30420704
24349913
30459132
30396522
30413638
30393331
20537597
30477530
30458796
30353740
30427422
30380045
25629683
30433832
30381810
30434251
30578446
30353400
20977826
30426084
30977598
30443909
30432115
30369635
30571364
30388782
23482528
30350553
30433602
30474631
32402913
30393165
30395500
20385533
30395802
30414697
30454453
30393140
30421173
30436136
30539500
30358141
21673457
30352785
30369357
30428968
30432866
30400351
30373615
30418578
30415353
30439025
30378462
25674866
30324260
30333373
30493704
30366742
30276544
30329351
30315380
30275249
30224936
30280240
20469019
30327862
30331182
30372024
30337766
30302380
30331518
30312442
30288477
30262692
30260425
30263489
24534255
30372562
30308095
30309174
30274387
30334204
30354909
30303791
30565430
30315451
30335198
24371613
30397672
30314359
30307391
30320147
30373133
30439446
30334689
30324716
30302149
37917208
59627701
43369423
46574997
30455515
30502599
30546240
30467395
30473938
30416270
20863839
30308157
30313253
30356160
31106948
52254336
31238585
30274309
30347107
30259940
23919175
30282240
30989499
30299506
44401924
41678187
30326404
30336871
33469158
23196809
31187580
30297503
32698284
30308455
30539258
30280362
30339643
31059683
26347422
30516788
30345880
30341662
30329995
30306864
30290847
31044774
23477284
30319367
30274484
30244854
30304002
30280016
30288643
30305762
24373722
30309974
30295637
30298342
30298224
30278285
30472049
19158334
30615096
30299820
30294800
30282853
30346462
30284944
30253007
27423069
30399233
30295102
30350343
30300864
30311711
42188311
30176902
30316773
30295051
30346545
30281406
30273336
22809603
30287689
30266896
30355896
30304551
30311718
20064925
30340085
30280371
30334147
30312760
50885115
19999282
30328848
30485158
30329740
30248738
30234325
30325096
30315498
29964810
30339238
30259727
30381442
30357526
30235210
19536389
30360424
31584515
30291897
30314086
30331524
30322820
24422896
30333265
30304862
30301388
30446652
39401969
21147797
30345127
30314248
30322683
30329071
30348196
21663331
30297078
30306816
30483886
30335522
30302215
23645888
30607742
30381165
30316510
30238798
18958500
30310478
30330165
30291975
30296667
30348377
30301566
23370196
30295831
30529317
30325847
46244665
30353491
30315102
30326176
24360682
30309416
30292178
30379982
30319999
30254532
30329109
19614132
30278435
30481655
33425738
30257462
30392842
30279653
30426751
28744146
30327130
30306695
30365466
30279722
30297876
18907314
30329829
30380542
30352419
30280862
30337704
30352033
23218647
33023415
30235315
30252616
30220867
30204471
21113213
46335870
30317985
30355994
30301493
41248178
21337402
30336778
30320738
30397340
30299273
30260332
24724319
30295415
30309649
30315418
30290309
19359474
30309711
30340435
30300422
30309317
30246259
30275896
23754123
30315704
30326944
30336949
31007785
30309607
21397865
30308531
30325751
30489768
30320230
30345568
30389591
32298938
26107872
34034056
30238631
30318400
30244344
30310695
30281084
30246032
30309503
25821376
30313100
30326773
30337077
30279211
30294274
30313359
30392416
19980600
30288379
30329507
31166774
30350340
30318253
30426840
30268975
30308642
29111994
30583698
30299668
30273280
31265700
30342646
30447917
19928950
30266313
30384938
30332033
30349642
30303758
30231827
30343169
24531969
30336354
30240872
30312642
30412524
30275028
30308909
23191237
30325620
30254091
30361453
30287183
30298420
30333776
25018829
30445669
30334660
30342220
30298708
30289637
20363288
30319731
30326660
30326415
30292967
30484247
30302277
29308742
33119836
30304467
30323822
30297065
30274296
30124081
36732806
30314951
30345046
30282381
21640831
30328822
30325862
30438806
30292769
30281364
27934782
30367898
30334887
30297558
30316407
25249894
30286122
30325098
30281836
30280964
25589493
30354564
30343169
30556499
30359653
29732390
30306832
30288864
30289186
22551789
30289591
30336025
30352169
18781615
30338394
30331898
30299621
30226725
30355947
26783232
30390168
30432171
30321182
30296966
26779082
30332605
30264707
30352571
18630549
30305905
30394144
30291218
30309044
30312831
21605624
30399801
30324744
30318582
30255057
30303333
30291939
22638839
30375417
30274749
30300351
30301212
30887099
30318813
30287509
22204367
30334286
30335037
30338199
30273935
30318661
30356343
30233227
30272100
30300766
20783721
30497486
30342058
30334264
30345677
30290126
30439198
30270967
30271137
30326302
21551893
32291326
32272956
30420306
30349147
30399210
30452468
30432498
30424418
30403462
22435830
30360496
30408217
30387060
30407396
30411480
49890483
30373013
30376482
30369299
28890102
30437098
30386542
30502346
30534798
30399604
30373115
30420708
30367540
28520064
30431960
30376669
30397938
30361673
30391485
30388895
30416357
23175933
30403303
30397864
30482065
30379689
30425396
30407415
30388658
20220740
30392571
30440598
30402480
30456477
30520800
30316037
30363384
23040624
30376731
30505366
30395837
30355944
30451786
30429179
30345473
33635312
30508697
30369884
30450713
30366316
30439890
30406749
25072147
42596428
30450453
30483773
30472633
30473432
30587777
27049774
30439591
30492766
30487517
30454729
30478433
21176478
30444615
30459804
30472385
30480915
30452868
30431376
30447995
23225354
30439539
30448134
30626495
30479958
30471176
30524373
30441417
30467357
19248313
30426363
30472647
30449524
30422820
30465793
30446213
30468695
30432320
19621191
30473819
30501102
30467663
30507069
30456233
30710534
30472897
30440305
24024505
30492040
30463863
30464661
35420399
30416678
31242568
30473567
22908876
30462276
30501613
30461814
38485471
30465022
30574468
30396976
25115923
30558118
30433402
30457440
30486221
43637575
30443062
21126592
30511611
30579491
30483773
30498737
30470278
30445084
20566675
30539867
#end
