#729a2951|blade-1-m620|jdom@54ed0cc8b7e8deffd5e088305ca7723dc0bd963c:org.jdom2.Verifier#checkCharacterData(String)[generators@bcfe6d43107430b2604e2e34b9151742941652e0:cz.cuni.mff.spl.casestudy.generators.ParseFileGenerator('MQ==')]()
#date=May 2, 2015 9:10:38 AM
#warmup=1
#count=3722
#begin
23100665
54373602
48257493
40623213
30261057
32006770
40414263
30598401
40014109
49879424
43617620
37056289
45022383
56513882
24580850
33948334
32269689
30670588
30493221
30481800
24544200
34001467
32145576
30522993
30521675
30527318
30596139
30786570
51157711
30879283
34869174
30430322
28768508
30421631
43473920
45232722
30519475
30517217
30508899
31275053
30492195
30536508
30462815
30404242
25692950
30449856
30437740
30543417
51568989
30570973
31516940
50242434
30471520
30463908
30519995
31305627
46131670
34869839
30533232
30495409
29984054
30449904
31304951
30468725
31073274
30526546
30544269
30495310
30453260
30450844
30579082
30435825
30444293
30412305
37495727
29146853
30462161
31639286
30507048
30465373
30498764
51860080
50146236
42899646
44414255
30396662
30484271
30438282
30461947
30400919
22683287
30489460
30453158
30528558
37030672
48980947
47958586
45384779
31330183
30451341
30447942
30409555
30452568
30453193
21990819
30447045
30452801
30465759
30536749
30596795
30520839
30563871
30624472
30418571
30500104
30457295
30454771
30412496
25433077
30468024
30437447
30466621
30469362
30522619
30531546
30472868
30516122
30450511
30465429
30524095
30457648
26595986
30506860
32883457
44088951
30537777
38541171
31331909
30484033
30462442
30607998
30485189
30603261
45938279
49312553
30547986
45151969
34608899
34716527
33014011
30433444
31337333
50166003
30531735
30411884
26909866
30496053
30469238
30578150
31338653
30502282
38176454
58576478
39408503
30468987
30497198
25468695
31330631
31146622
30535446
31605380
54315638
30557521
30535602
59476143
30505271
19691651
30322889
58708681
35317849
35135652
30423707
30358473
31148064
44109632
30426151
30287469
29081702
30282209
30242005
30384704
30371193
30295478
30356929
30509589
36321514
21260601
30366902
30266938
30428622
30333891
30337902
30341000
30365369
30274895
18827930
30314829
30287697
30405588
30359762
30412906
30292901
30334950
30364701
21859505
31343584
30482786
30673200
41858193
30610048
47481276
30940007
32236587
28730030
30533093
30826526
30461033
30476895
30536563
30520114
30652217
28829805
30574355
30476324
30497881
31712545
30480698
30525021
21840939
30619530
30486749
30483070
30419022
31430256
30503542
30510218
29858061
30511675
30636430
31461951
30478709
30506033
30608811
30381953
31092056
30446555
30498131
31380476
30526052
22341749
30510782
30564309
30550345
30488446
30956152
30516988
30517541
31279902
30463289
30470127
30484422
30503075
29258988
31369597
30451422
30423984
30574453
24860972
30617212
30466442
30487892
30573231
30466890
24227858
30436855
36335564
30495562
30480613
21573114
30742643
31377768
30507720
30463559
20856803
30668423
30441538
30510072
30461482
30509788
30702785
28479773
30549130
30534406
30519610
30504290
30525366
27752068
30457035
30426687
30507608
33168246
19206397
30517562
30492073
30477726
30442124
30515492
26272667
30432958
30691510
30442922
30498513
30609576
30498082
24530402
37978034
30524552
30513829
30496941
30457324
30668374
30516453
20574087
30476366
30617273
30506717
30461629
30572673
35929238
30515362
30456642
30663339
30561946
28758961
30652468
30484202
30524991
30501351
30506891
30526929
30478864
30448728
20126333
32261531
30614517
30471573
30995003
30516279
30487795
30532274
30505469
30494033
25882470
39278494
30459981
30529357
30479179
30509826
30527653
30492993
30504152
26686721
30443715
30452363
30485583
30492030
38359907
30500220
30652932
22215860
30545326
30479158
30516253
30508784
30550437
30510124
30550895
20855536
30481284
30481368
30493075
30474015
31427924
30520828
30603377
23263798
30472947
30524866
30558090
30724526
30600223
30515691
19573876
30481637
30459191
30557838
30675634
30493353
30445064
30521984
30195208
32417051
30458449
30489008
30522054
30501186
20920805
30457686
30442798
35073054
30528848
30508531
30568041
26483351
30523057
30484846
30470697
30521104
30514466
24741404
30411931
30377107
30434506
30429004
31382582
26057082
30453342
30398284
31242756
30388578
30474720
30401925
27007469
30393057
30372131
30495789
30427773
30439291
30364733
30434106
18121596
30331111
30466557
30386506
30361973
30467817
30430160
30450213
30381437
30408011
30347671
25229927
30358849
30424460
30467327
30432940
30459828
30612790
32396271
30429644
30358580
26833258
30466938
30417142
30384860
30400574
30359551
30429295
30399997
30377251
23054378
30543809
30390653
30422149
30503889
30398471
30444143
30401591
30377565
23663732
30401653
30349773
30523784
30405317
30448671
30439082
30390290
30424698
29129821
30370368
30351567
30406149
30353055
30416842
30485737
30454749
26176136
30465608
30402251
30448848
30431858
30444288
30442501
30466691
30209580
46637777
30500813
30446646
30600397
30494895
30526753
24455260
30485788
42725995
45446909
30494419
30636135
30480911
23959423
31163120
47263306
35778826
30547048
31327400
48232583
25151438
60619429
33932579
30464182
30493258
30481561
20589406
30501580
30488619
31366933
30455666
30516146
18000183
40214081
30720503
30441438
30445756
30507651
21041162
30445618
45069883
34282598
31435380
30424029
22868161
30763921
47051068
43624450
30410845
21435417
31313871
30536815
45203665
38805130
30985114
31890208
30589266
35645536
48061494
30527749
38760470
31388793
30491087
30592566
20897012
30508264
30450071
34860932
30558673
30554108
23816448
30762693
30479684
31286019
30524918
30564305
30602915
26282883
30472700
30513272
30492665
30488722
31376621
30578384
30583049
24075980
30469320
30527740
30818652
31410513
30549580
30588863
30453551
26311785
30497751
30541681
30488995
30482349
30542230
30515529
21984597
30499138
30451833
31016788
30536131
30531432
30526617
20989140
30520876
30472735
30520688
30608412
38308303
30550015
23150823
30513530
30434954
30606510
30652348
30526818
30501995
30533886
29988427
30449489
50520042
30510282
30474224
30538495
30533524
30484393
23708593
30478201
30483855
30462279
30503237
30521626
30465013
19817092
30524173
30525349
30503131
30657059
30572459
30907436
18978749
30572709
30520480
30474089
31356009
30595013
30493995
21498195
30519757
30463742
30506272
30494973
30472145
50432820
26871987
30492159
30437534
30505053
30493988
30486028
27873863
30517525
30479157
30525255
30486536
31052857
26165113
30543095
30467573
30492957
30494329
19572401
30652132
30542515
41546686
30689112
30501897
30849910
22440546
30522922
30483495
30496966
30463926
30518284
30504889
28746476
30498613
30422542
30501941
30523009
30521526
28412553
30503244
30477088
30462321
30503382
30575144
26720716
30268896
30234169
31409955
30338680
20542439
30244669
38205032
30226325
30295676
30299851
26634959
30302933
31857850
30355518
30373342
30557566
22009265
30283495
30274244
30339482
30303445
30383942
40295964
30320633
25110038
32060847
30488144
30551993
30496426
30488286
30472375
20463691
30464711
30522179
30624610
30479550
30605786
30462006
30531781
30484962
22540177
30435795
30498375
30492782
30563400
30505684
30506582
30510013
30462917
30467857
25922654
30523717
30512069
30506807
30511133
30523526
31379472
30451570
30506530
24689859
30559761
30468454
30487466
30403684
30463494
30537404
30423517
30607554
29229340
30490233
30436948
30557363
30670068
30444857
30541688
30454021
24753436
30542871
30457233
30772904
30540844
30475542
30535561
30497093
25651914
30483716
30508026
30534621
30512607
30531115
30667228
20358270
30470531
30498548
30514271
30504044
31437558
30525698
30488973
29577095
30515022
30482429
32482362
30484386
30468406
18931203
30527424
30580984
30515608
30428607
30516113
49585818
23251533
30634177
30468530
30501475
30500043
30445122
20577696
30480411
30491448
30525588
30478250
30492555
31132207
30570082
25081054
30530090
30470890
30648657
30472571
30531404
30463530
23169105
30603774
31159507
30723181
30594648
30559352
30551795
24220067
30567022
30692870
30586126
30575272
30536275
18297856
30596524
30526875
30575746
30596113
30558502
30564079
33157892
30554361
30513100
30723895
30534373
30579662
26115770
30545615
30565746
30537535
30587330
18170480
30554190
30653828
30524991
30547899
30682920
30540280
20021542
30554419
30536816
30575820
30557157
30573226
30643768
30572548
30545002
28789315
30598104
30548023
30562142
30515573
30635464
30604020
30561726
30491504
21859763
30538937
30546715
30564331
30584224
30703197
30534900
30534477
30554106
20541141
30513402
30531080
30571021
30794887
30600346
30619686
30756134
31199545
23429055
30540501
30502731
30525169
30609247
30619462
30716821
30645763
20472602
30595041
30536472
30588435
30635559
30586873
30578806
30582786
30574208
30555048
26803570
37164735
30526142
30622373
30579129
30545428
30591700
30605746
30546462
23300631
30533411
30526984
30733132
30636859
30531664
30608097
30601508
30637335
30544471
30739841
21125388
30687113
30533012
30575545
30583934
30627286
30635826
30558920
30559225
31665156
30515719
23806554
30643233
30585655
30618666
30593163
30610239
38070201
30600059
30463922
30466605
22026731
30507216
30576346
30553835
30542618
30639224
30569758
30586188
30540835
30527752
24668457
30609388
30533729
30563757
30523336
30568713
30842850
30522484
30713670
21994914
46566461
30517699
30656791
30526515
30555946
30472387
30505257
30636088
23373549
30415833
30497333
30429071
30505906
30505749
30539257
30449736
19096743
46570201
30463656
30400582
30417568
30419060
30413668
30402924
18806305
30420844
30583489
30394091
30421031
30441707
30403122
30561166
21819790
31077422
30422559
30398119
30429155
30400160
30470727
30513355
30267565
30386547
30417446
30454350
30556384
30459762
30531524
30393620
30451388
30460343
30460085
30390907
30573087
21756283
30429704
30542939
30435914
30450184
30389604
30430114
29019576
30467215
30404982
30538703
30415479
30379284
26576790
30446948
30490021
32644075
30377533
30467800
29952774
30395053
30460164
30373902
30585772
22482742
46446894
30294266
30327907
30330829
19172162
30295658
30345547
31172847
30371147
30364969
29893301
30319642
30296509
30312194
19460410
30332982
31168258
30343225
30300680
30373180
20883652
30281662
30262695
30325073
30304056
30380880
30405662
20840981
30348873
30296498
30333822
30382529
30365109
30344083
30345485
30350218
26247609
30521524
30329089
30329144
30369779
30345522
30525307
30343091
30332642
18565881
30297476
30328673
30324294
30308740
30352886
30352686
30392991
30355555
30247513
21359793
30355011
30295019
30475153
30298792
30399789
30368262
30402057
30475291
30333029
30340857
30304625
24125527
30347804
30311426
30314997
30244398
30430488
30348816
30327436
30302238
30315906
30484995
30338727
47839522
30333973
30306009
30290320
30412229
30328841
30310207
30315447
30330449
30303285
30355846
25670719
30319306
30281023
31086635
30346238
30339638
30309233
30336036
30393569
30321468
19328827
30328156
30298981
30334153
30265394
30288902
30294329
30327797
30283709
30339620
30284563
29559110
30353615
30280757
30480462
30335598
30344182
30377833
30304793
30267855
21457024
30313580
30288206
30303405
30360353
30374025
30332050
30329428
30321949
19085311
30323237
30322123
30319249
30309356
30335816
30328947
30372758
30325762
21264200
30319308
30296511
30282793
30343089
30519050
30355709
30329613
30273262
27817838
30377166
30369755
30342842
30314026
30336162
30327946
30442409
27713512
30342416
30360717
30354544
30309940
30305975
30351115
20949236
30307537
30321119
30333014
30312461
30282035
30417980
30393600
29147159
30357113
30279069
30348791
30337095
30297166
30983360
29775332
30289733
30503638
30288146
30360687
30318018
21599574
30326162
30312440
30304050
30267033
30370773
30387387
30313608
21913030
30345320
30285312
30288026
30335871
30992074
30373869
30366833
25488472
30323471
30303737
30299027
30379464
30312954
30540815
23109160
30487239
30264895
30334760
30320069
30308365
30312758
24559048
30296127
30285954
30311391
30342433
30311975
30331077
27422688
30347318
30327098
30357016
30286356
30384906
23472181
30316288
30437003
30365016
30331180
30281812
23205116
30299836
30301293
30387100
30444760
30277289
25311760
30365018
30369934
30331240
30343124
20438291
30300442
30354080
30332280
30321492
30370974
27944356
30327682
30350285
30357600
30318940
26867118
32817508
30272140
30298714
30326074
30332970
26012121
30354464
30396347
30292660
30344185
30288438
30303934
24266312
30326228
30234396
30484108
30335878
30352158
30421511
30345126
30315464
25856398
30342827
30435023
30305629
39874059
30312938
30376058
30326743
30348592
30263071
41009211
30495853
36661725
30486201
30474433
52969129
31636190
30543203
31397122
30589081
30427521
53374775
20643068
39367035
30579982
30528491
31347691
30516903
30555159
30481575
30452200
30476666
44127802
42967641
25411549
50333474
30486440
30423863
31192466
30487264
30475142
31341200
30491664
30478166
30463024
25643270
30404298
30458304
30472200
31310969
30487757
30569170
30513753
30462953
30450450
21308115
30449335
30667231
30458275
30476113
30543051
30496091
30569444
30488456
30484924
21701780
30507429
30469171
30475637
30492702
30513522
30548513
30563940
30490760
30439440
26623030
37517280
31988943
30477826
30496718
31365807
30514995
30496324
30466722
26003159
30450870
30472813
30463380
30565798
30494880
30508307
31069623
19341807
41848296
57255383
30287899
30366826
30313413
30358251
30315028
30337614
26999509
30349842
30317494
30385343
30381947
30327551
30358622
30352789
29769583
30317848
30449000
30372453
30340820
30274398
30355356
23837007
31652613
30408286
36099172
30484999
47952819
30477235
21461099
30498592
30481579
30476988
30443670
30552012
30495860
22905054
30423751
30464630
30537473
30527762
30544391
30531280
28632114
30489293
30458692
35448235
30469146
30483724
24971567
30456575
30513279
30487142
30528128
30483960
25298605
30492851
30495320
30495528
30555937
30498492
30105107
30542180
30476348
30525070
30498661
23598371
30477950
45064458
30493344
30463852
21703650
30451942
30440151
30482922
30450218
21818921
30526895
30461435
30504279
30769848
30471376
21881945
30463535
30468539
30537488
30511518
30538577
24578186
30547956
30535595
30480459
30470193
20408035
30467877
38727719
30478890
30660297
30551139
29148446
30528712
30444113
30455440
30595002
29083082
30470473
30475397
30471232
20086792
30490797
30548717
30653653
30479515
23831702
30489765
30494212
30642975
20313319
30439831
30465866
30459020
30444089
30551988
28901851
30626979
30408076
30432215
30482370
30491631
24577883
30433499
31048025
30500433
30459135
30461842
30540208
18111190
30487496
30468051
30470767
30517179
30530778
30481624
30513982
30494177
30546482
29176478
30487913
30433448
30460620
30497452
31353302
30607649
30464615
21104579
30426242
30496209
30504176
30638477
30470800
30546790
30538042
30483665
29915352
30497431
30455040
30472140
30512797
30488970
30533819
18865123
30440580
30512911
30474803
30515079
30497224
31027287
30553442
23569077
30429472
30565537
30550812
30491016
30553043
30526683
21849032
46291898
30488690
30460879
30493977
30561363
30545951
23158754
30453142
30452280
30456353
30521266
30533824
30506343
28308289
31471781
30516906
30540693
30531939
30583797
24537578
30525339
30632890
30602769
30549575
30613396
24663528
30607583
30535495
30647124
30554117
30601469
28435490
30575982
30552709
30558082
30569770
22839828
30693686
30578640
30549162
30603075
20617073
30702145
30589808
30513080
30989946
20481664
30585927
30561650
30588616
30591742
30782964
20379130
30540549
30570328
30528808
30562459
30540753
30664690
30591204
45805953
30456482
33051085
30490744
30498623
30500368
19008307
30452668
30461642
30570995
30527150
30549806
30504810
23661708
30449637
30433582
30466760
30588411
30512303
20764581
30458880
30463869
30447595
30468444
30470862
30540590
30435362
25189987
30636459
30449419
30460633
30510530
30492675
30512180
30570139
30698201
24628649
30523473
30483291
30498478
30454937
30633997
30540990
30510590
30428688
30306829
30529792
30544275
30438820
30494238
30493431
30488400
30473862
26241900
30537814
30621373
30479499
30487393
30467479
30509979
30488549
28511948
30644095
30437927
30480084
30486604
30471346
30477716
22550415
48409442
30438060
30544466
30486655
30510322
30502806
21004105
30483042
31761715
30508902
30499098
30499790
30556386
22729985
31358327
31501578
30443354
30412601
30437510
30399918
30388080
21200177
46400554
30356104
30334784
30352479
30414453
30394342
31228518
30336672
23055687
30311117
30282389
30353498
30312171
30318706
36233305
30418524
19742377
32163164
30222925
30251431
30272798
30407567
30301408
30239138
20529469
30291302
30241336
30230375
30250094
30372334
30344522
30359844
30193574
24443311
30278029
30231753
30302827
30239300
30259642
30265625
30251989
22921203
30228367
30232234
30225213
30238336
30223687
30286063
30293197
24510746
30395746
30213631
30298535
30236447
30310411
30359862
20325280
30226595
30272687
30254454
30238569
30303551
30302711
18856777
30295484
30248982
30177308
30234287
30348769
30320107
30261209
30223513
23913443
30254321
30191195
31085862
30385079
30250767
30341562
30224017
30223943
21250540
30312358
30215256
44805223
30248808
30262713
30284160
30259253
30505684
23102749
30180073
30218020
30251282
30234483
30300219
30314615
30337401
18905407
30273145
30288336
30308393
30262127
30352884
30316324
30306625
18517932
30228819
30205251
30910643
30229589
30303220
30280073
30325197
23105521
30268332
30232118
30292882
30224796
30266027
30287482
19166427
30238832
30248311
30263451
30267723
30318779
30285071
19454058
30238051
30254401
30288933
30259114
30268949
30329049
30334157
31206356
25372446
30283282
30250031
30290062
30310018
30248932
30255540
30219471
27574257
30391504
30243903
30248371
30268156
30255873
30381131
19567777
30259007
30294093
30319009
30241080
30306433
30293338
30271756
30253716
30230604
29148276
30340489
30247340
30298927
30306753
30233790
30298750
30287022
20579001
30256901
30246671
30241115
30225761
30247478
30301716
30343433
30259987
43117912
30419733
30381843
30287363
30345824
30333974
30388415
30502288
28997585
30335377
30415919
30307415
30331775
30343444
30328332
21825390
30388637
30362153
30435944
30416336
30374205
30379930
19401149
30398064
30406091
30456724
44309162
30394989
30424432
30459844
30405788
22477357
30443947
30403115
30430818
30479411
30414191
30454801
30427257
19640794
30401466
31112005
30442046
30354060
30457088
30464144
30456309
30588257
19133757
30388993
30438551
30379589
30447213
30408003
30429471
30406789
30413645
30368802
19813848
30367520
30417025
30410309
30411267
30426369
30460935
30409501
30412867
30359657
24807294
30414074
30378729
30417142
30374110
30408035
30461631
30467404
30393351
24543922
30384351
30366955
30441146
30410744
30419002
30364824
30375507
30379106
29822128
30404940
30400577
30464762
30424355
30419637
30425433
30381641
25703364
30525811
30341908
30462929
30453388
30413659
30470886
30413049
27712211
30433398
30425251
30410471
30451471
30455096
30499561
22239014
30344133
30397956
30374618
30385746
30424262
30475957
20488195
30411351
30428068
30431688
30359318
30547649
31044645
22164937
30400432
30410227
30468795
30391276
30449453
30511032
30441940
20294107
30432594
30416680
30386789
30419506
30379559
30423829
30439846
30448608
30417619
28482042
30528726
30422915
30421294
30547464
30452046
30457152
30393393
18939118
30542444
30431847
30423833
30533917
30427588
30410380
30437240
30406585
24747979
30493569
30425895
30410911
30395720
30503267
31236913
29161263
23305529
29071610
29112601
29144985
29165427
29124273
29157665
29069589
27339294
30226193
30407040
30461330
30438296
30452282
30411064
23967770
30481365
30511096
30513610
30571349
30493075
30471826
24031926
30456806
30517122
30511266
30501897
30467428
31110412
28120116
39545419
30556125
30566579
30538520
30526884
23462942
30511804
30538209
30546473
30597859
30745963
22530697
30564139
30541044
30620983
30574238
30564921
23987775
30651250
30580139
30564584
30558275
30606895
30636968
30566124
30552102
30572904
30577003
39916552
30455151
30477862
30513846
30494762
24053347
30474425
30509737
30486918
30534313
25612037
30438520
30518339
30515017
18895443
30484200
30502835
30439575
30515111
30656661
22930396
30469693
30430724
30512655
30408050
30501733
30489513
25794030
30560364
30460524
30494604
30557705
30485987
30483331
30459895
25206785
30485935
30455403
30543388
30495515
30449578
30553317
30556248
30222067
37132522
30553924
30559139
30587770
30588140
30736225
24872624
30496939
30513506
30559422
30563707
30578779
30524982
24726010
30595217
30511628
30587551
30577252
30528556
30534895
29562797
30562306
30544011
30551673
30558302
30548206
23888990
30502051
30539399
30816258
30552678
30575803
23072685
30556952
30653271
30520661
31180389
30581864
24484104
30558592
30524322
30552991
30547862
18743783
46457797
31317594
30443543
30450017
30454882
30511564
22604232
30481484
30456176
30508286
30689374
30483719
30473201
30488362
25663289
30425435
30443900
30490326
31318669
30493607
30520841
19833092
30477915
30462867
30485354
30478868
30504487
30470582
30523860
30494464
30454815
30009556
30463191
30488575
30475026
30457466
30484989
30507448
30475213
21353382
30448162
30490069
30446466
30516595
30522353
30515890
30556442
30472648
31047458
30438675
30575017
30433569
30517175
30489642
30485994
18411789
30421702
30516224
30640459
30458761
30503812
30511533
30522207
23224489
30473624
31051737
30527440
30502711
30525958
30507809
21111985
30632833
30481006
30504130
30425673
30506954
30530453
30551271
30460093
24248771
30575882
30446959
30515573
30544577
30499795
30492033
30511453
30459041
28964063
30493044
30431753
30480457
30505445
30494742
30483560
30519042
24848866
30495475
30446266
30534252
30483993
30458399
30542219
30494750
26181696
30517257
30759993
30690555
30476362
30512039
30480822
22763781
30462293
30450686
30516753
30488499
30505169
30517449
20323125
30449899
30498324
30481942
30447111
30531695
30495906
20435489
30463742
30772811
30521879
30475575
30510902
30518257
30526679
30453991
50235942
30522111
30452800
30487039
30496437
30519122
30492351
19017662
30473949
30606130
30478124
30474739
30504188
30455402
30644479
23992736
30397286
30454242
30603852
30685589
30471020
30478873
22639175
30488115
30457131
30490980
30437042
30636106
30522262
23905210
30438773
30470727
30501670
30479102
30503893
18441986
30484148
30433480
30620930
31279691
30570078
30521604
26229689
30523677
30516533
30512730
30492204
30530824
26719541
30482386
30464124
30468224
30488847
19402802
30455405
30463211
30475999
30489357
30464721
25199020
30524849
30421486
30518253
30513909
23177313
30501296
30719537
30471634
30478146
23293049
30474275
30417875
30438362
30476764
25621728
30476891
30445969
30504230
19949118
30577388
30475899
30435885
30521849
30515220
25231560
30771856
30492851
30500456
30485853
30444348
19568353
30446871
30474637
30468442
30515989
30457422
30507119
30453219
20707977
30495595
30491869
30513578
30466206
30504911
30536115
31348244
30529636
22060443
30434132
30499874
30497288
30630261
30478851
30460842
30455920
30525061
23359420
30485028
30456394
30468459
30449024
30453370
30515935
30481081
18673450
30304067
30347160
30305509
30301547
30359426
30339622
30346590
30354909
29779384
30329891
30313139
30319649
30473017
30384735
30303869
21390857
30353449
30449779
30330509
30334056
30337689
30337608
30496795
29106082
30355831
30283353
30315651
30304655
30335500
30375868
28911276
30300693
30295269
30374153
30362184
30294309
20620426
30269658
30348354
30319682
30506071
30319551
30323889
26530826
30325271
30264435
30405991
30315805
30297871
25304004
30348984
30288811
30328453
30336109
30297369
27008390
30441260
32369108
30380119
30317179
21122534
30283230
30330825
30501008
30344529
30378387
30446338
24546759
30243906
30323440
30353159
30335563
30350675
30326844
30351307
23427296
30340415
30392595
30400470
30390555
30432881
30448784
30421091
30387312
30392602
27689812
30443346
30400013
30430128
30413582
30459817
30439920
30482527
30389907
25027563
30397207
30403831
30570442
30428794
30413786
30420713
30397104
30572236
27926658
30384111
30337991
30304393
30544779
30324994
30389553
30338649
23270104
30289802
30302755
30331417
30400662
30342315
30325223
30373233
23305199
30431913
30334749
30381778
30364846
30326046
30417351
31000841
30343356
18106349
44770848
30357136
30320563
30321446
30279744
30328288
30342190
30351729
30298231
22813725
30304682
30399269
30368549
30351640
30304640
30325395
30312200
30270929
21914625
30274658
44152639
30294629
30339150
30345690
30278320
30347877
30288956
30291111
26496395
30321497
30281869
30380507
30336011
30298282
30325229
31302420
30232007
25877108
30346235
30297744
31527511
30403360
30308400
30343440
30387288
19314226
30250134
30309129
30370344
30354982
30344891
30378815
30348450
30264035
27026882
30280442
30309636
30383070
30308753
30341502
30304233
30245184
29806506
30287119
30310655
30293898
30379757
30388882
30370615
23093936
30296924
30308411
30351873
30337691
30366313
30341916
21403435
30310838
30251938
30358773
30311216
30388073
30310053
22736979
30243940
30273675
30255286
30324306
30310193
30281802
28256288
36786767
30404650
30417494
30414933
30385629
24767177
30491973
30413450
30486862
30400244
30397160
25071370
30433642
30502699
30395209
30420013
30421395
29838452
30381469
30428720
30395697
30399476
23450448
30423593
30420153
30408455
30395001
21445166
30433233
30408860
30405202
30397810
21595209
30424117
30410978
30419080
30410700
30447798
21671778
30387040
30391718
30396206
30421509
30433001
30504953
19832640
46550384
30496128
30585595
30418431
30479455
30489414
30516027
30482469
24845342
30481862
30582997
30511469
30539115
30494091
30504999
30630393
18384352
30753176
30454830
30460373
30487133
30550948
30455686
30501291
30377566
22429819
30473736
30490084
30530306
30500704
30457044
30565979
30465792
30511013
30495511
18614674
30510621
30663161
30469442
30506859
30547900
30534811
30600183
30564324
30501909
21770479
30447418
30489168
30488535
30461853
30612683
30550579
30472713
30509582
30474424
26013519
30467809
30696321
30482044
30557615
30417481
30472198
30446215
30473446
26292702
30563846
30528904
30601128
30608664
30544920
30568129
30527181
20579681
30687552
30536019
30540024
30560872
30564312
30680666
30600046
30553451
30534626
20389644
30524117
30540626
30634422
30553706
30631422
30608799
30592404
30521237
30541782
24216048
30518338
30497424
31221431
30650213
30551401
30629606
30624170
30537675
23284464
30514282
30518829
30552372
30567080
30672253
30611082
30609681
30615917
26175220
30584295
30545440
30598866
30586939
30555853
30569315
30584775
22970710
30558964
30555599
30572255
30620495
30590771
30621404
30584762
23468948
30516756
30589613
30626227
30574073
30575990
30631328
30690895
29267497
30583866
30545566
30681037
30561990
30532169
30588160
25390902
30519355
30587301
30593693
30551877
30552957
30531864
30590346
18335215
31303302
32414263
30464760
30631745
30518953
30529126
30548931
30511178
30479464
21654902
30478671
30473984
30496704
30545373
30526336
30589002
30482449
30462793
30482895
24307159
31314895
30450264
30564617
30548013
30471960
30524230
30476187
30434953
23433751
30618324
30435727
30490071
30487525
30506777
31601792
30504011
30490325
23413419
30432084
30451977
30489744
30518994
30523275
30518926
30512833
18913176
30471179
30507717
30508677
30498935
30552699
30511011
30512848
18887143
30447242
30563532
30474150
30496086
30622350
30479568
30500666
30451144
30504473
22212976
30511731
30462542
30504355
30468940
30505864
30562378
30530895
30484691
30468402
30455713
18453102
30522638
30480919
30441038
30488762
30510253
30481247
30626649
30496850
30484837
30465697
30554384
23670644
30545711
30462760
31132308
30618689
30481207
30478362
30633471
30484651
30467606
30483831
22730213
30441887
30466188
30418376
30545100
30469413
30434744
42028981
30488804
30566481
30454410
28592976
30532235
30463213
30606517
30522645
30457480
30487581
30465940
30426712
30479253
27824759
30674488
30609079
30512788
30524608
30519790
30501724
30501264
30478238
21641797
30545810
30510227
30476019
30509773
30701272
30655879
30564826
30531398
20492138
30576795
30484562
30634881
30431522
30522928
30626461
30533070
30544149
23289876
30497100
30459368
30475982
30549341
30505610
30514098
30618498
20551284
30484292
30513206
30476918
30429867
30531893
30529837
30597795
21278740
30466097
30499508
30448308
30454367
30552067
30528502
30552824
25627783
30462895
30394559
30541185
30525168
30573020
30530939
23512200
30444071
30585742
30505937
30499344
30507161
30511341
30455144
30482871
27003229
30530533
30498619
30458291
30490372
30468453
30467294
30549600
30965741
30450728
22940422
30540482
30390268
30532131
30662215
30443717
30565844
30454042
30472398
30550433
23744519
31096003
30452011
30460820
30455622
30457476
30659285
30449086
30505842
19440930
30412205
30403909
30432739
30394542
30426744
30449790
30444635
30510853
18983267
30430669
30395889
30388651
30564471
30473026
30435784
30426499
30401751
23677713
30368814
30396633
30405041
30440328
30379193
30497742
30526960
21785308
30429631
30406775
30479712
30370665
30588168
30371731
30445453
22872796
30381718
30411751
30407223
30394705
30464279
30402307
30439482
29956592
30432455
30405060
30373718
30430542
30341718
31081760
26875477
30417780
30419124
30414986
30455037
30436808
19336239
30414260
30463429
30388624
30444036
30494468
30412696
23981614
30409200
30382884
30356073
30441393
30385997
22186594
30489960
30426964
30391748
30452661
30555789
22262673
30398456
30415251
30448924
30578057
30416019
25658288
30450389
30458944
30412386
30421644
21770177
32187144
32179436
30365075
30346847
20334509
30290088
30286419
30360817
30475774
35676197
30371921
27533944
30308860
30318917
30364730
30304533
30524968
30316252
22920228
30279944
30234428
30290578
30232062
30312671
30274498
22079118
30181280
30203873
30284388
30218501
30287171
30339715
23470141
30264078
30243516
30301581
30314498
30189979
30274094
29191362
30265291
30233874
30283729
30239557
30244397
25602959
30269026
30266030
30278704
30289935
30240356
26367524
30274054
30279864
30256713
30258464
19541773
46405140
30426633
30441769
30418982
30441351
30404680
21482568
30377929
30364289
30339958
30319485
30461262
30402446
30460160
19768054
30375002
30385266
30386622
30459619
30420104
30547891
30410201
22037343
30410853
30319351
30536515
30420531
30463165
30421734
30414455
28282385
30448035
30378284
31002614
30470679
30422662
30442156
26244255
30559046
30427128
30395242
30451057
30396874
30608086
30361595
30410526
30406633
30409697
30447017
30385482
23410315
30434651
30405975
30378235
30454329
30447558
30556310
30443851
25797030
30444540
30385769
30550091
30440197
30426342
30466133
21707055
30374355
30401846
30410064
30383054
30443712
30422491
20752983
46575560
30516990
30447975
30511339
30531813
30463195
30498844
30578832
25657814
30493026
30469879
30462433
30494061
30479156
30525507
30448627
24305344
30425325
30482193
30521884
30493366
30505243
30615295
30502767
20296426
30480313
30506787
30513746
30444767
30513713
30464540
30506955
30450404
25777106
30455259
30395351
30603321
30548579
30465940
30521191
30465257
30436311
30454820
24300195
30503253
30481669
30500900
30554507
30489849
30533442
30499130
30457069
30443451
29595280
30484482
30426453
30491358
30531344
30520353
30502548
30539991
30429187
25819387
30516170
30452020
30527324
30501931
30491553
30519800
30501471
30471946
29712755
30485067
30501002
30488821
30469788
30606057
30515440
30530133
23976867
30470183
30609327
30477062
30506040
30489622
30510373
30618866
23888878
30491596
30470284
30499491
30476724
30533451
30475880
30477633
29363785
30514012
30507849
30471750
30491784
30488612
30517629
25028752
30488722
30472498
30546881
30500660
30624562
30537373
25335461
30495038
30452848
30498295
30506901
30473944
18612572
30474837
30438467
30475788
30529764
30557951
30536756
30563520
19082769
30440130
30511395
30497142
30484048
30605478
30504942
30491375
30659323
30475722
23386446
30533193
30403402
30639347
30453518
30542031
30516060
30470706
30491667
30436455
29262660
30476226
30444349
30455661
30524733
30470833
30666197
30511153
30375198
26546110
30515500
30460442
30514095
30570844
30493851
30500757
30489202
19327340
30429402
30639312
30446553
30449389
30545273
30554322
30618535
30512637
26204204
30569935
30478806
30524960
30506184
30449646
30627041
30544471
26820945
30512810
30455320
30617431
30488869
30568384
30510613
21080196
48329607
30525333
30558123
30628277
30651157
30628879
18364565
30536147
30576039
30577730
30542647
30616517
30633535
20294040
30537826
30539903
30526388
30743401
30574526
30564206
30601617
30845944
26980184
30583560
30539617
30599157
30559486
30517128
30592955
30616604
29346869
30562156
30554997
30524177
31183840
30536021
30603750
22480659
30586308
30475784
30558409
30520742
30690821
30593679
20597235
30580082
30542690
30601499
30502489
30600793
30763703
21689368
30519340
30491968
30590726
30568360
30588590
30579555
25817777
30554289
30546781
30570492
30554342
30760577
30560635
31194113
27002112
30578788
30571530
30583557
30573564
30545764
30548682
30696548
21621530
30567308
30537266
30569370
30557342
30542340
30644985
30608306
30613165
30556188
27073450
30572353
30548131
30576291
30543619
30573602
30591008
30576521
30524755
26664313
30521999
30394011
30415492
30436302
30376732
30501626
30438499
20922257
30486520
30371128
30401674
30401944
30426655
30533456
30446127
30391322
30133883
30396782
30406546
30384894
30426202
30431591
30479102
19986059
30404240
30430840
30408955
30460588
30417489
30553981
30381748
25016510
30418162
30391434
30372353
30411948
30449156
30397427
23364886
30383209
30361100
30396466
30468082
30398309
30395491
25423482
30466517
30436502
30383802
30400719
30436355
20573368
30381842
30402935
30478620
30457372
30436702
30452033
29822734
#end
