#729a2951|blade-1-m620|jdom@54ed0cc8b7e8deffd5e088305ca7723dc0bd963c:org.jdom2.Verifier#checkCharacterData(String)[generators@bcfe6d43107430b2604e2e34b9151742941652e0:cz.cuni.mff.spl.casestudy.generators.ParseFileGenerator('MQ==')]()
#date=May 3, 2015 12:28:29 PM
#warmup=1
#count=3807
#begin
22015979
45438854
34435810
30415511
30501204
25861943
30400134
30399538
25542068
30403504
30493455
30893361
30543346
30580038
25059307
43223000
30531506
31819324
30476429
30485873
25481285
30612172
30508932
30505991
30405040
41148619
30950048
43713395
45314339
30586464
30490644
31347488
25639204
30468302
30469242
30559742
30518082
30474531
30474933
30477477
30519862
30506136
30648275
30457509
25643392
30488855
30426768
30454733
30434073
30447417
30371394
30434224
30492202
30589711
30492382
30458437
31450784
30475548
30464370
30420171
30079789
30437566
30424669
30420386
30473831
30487794
30482689
30445400
30457055
30403731
30472795
47150463
30429726
30499612
21638399
30365407
30415168
30451013
30456513
30485992
30426552
30485978
30450206
30440760
30545052
30454542
30478158
30623644
30466633
28466753
34824076
30488657
30504744
31308251
30483735
30376435
30441536
30437124
30483853
30417467
30510447
30543248
23144432
30456807
30656888
30547728
30500169
30431610
36513898
30469500
30451322
30414969
30580282
30443697
30471479
24118436
30476724
30537955
30510070
30674479
30468835
30429155
30493075
30485244
30489262
30440384
30478711
21965027
30473539
30497473
30496778
30452515
30443838
30390393
30555089
30475307
30496357
30528366
30476386
24668302
30459584
30487642
30514290
30526602
30470620
30516632
30458032
30608065
30489295
30529844
23495555
30534064
30587104
49774499
30549363
30533562
30561284
30552111
30585244
30587350
30537186
26157505
30709770
30504487
30561442
30554127
30485771
30496208
41469831
30641926
30569175
25017794
32556911
30532915
30602624
30512997
30621374
30521877
30515195
31473118
30512383
29493355
30555501
30693825
30567600
30556046
30585871
30539593
30693392
30513262
25770857
30539680
30578055
30592323
30552603
30538486
30563477
30569689
30513390
29430104
30573431
30739383
30600255
30658633
30592327
30598377
30726561
23802847
33848837
30647510
30587782
30566871
30590306
30621650
30715953
24155523
30528332
30501208
30552503
30012364
30641144
30660046
30537508
29087428
30593015
30607404
30631975
30645522
30562557
30608537
25386322
30619263
30711423
30590437
30550053
30587678
30627077
25737895
30632902
30577714
30678271
30576149
30646886
19825398
30551417
30645776
30615910
31226238
30727575
30524035
25240838
30609052
30591771
30612715
30601833
30606427
28151755
30398379
30434896
30600524
30440562
30484255
26678705
30507306
30488283
30508686
30464651
24788821
30515702
30476780
30475155
30448384
30498448
29999310
30491635
30497858
30413127
30468544
28396495
30470137
30519420
30563324
19960419
30496553
30494142
30456416
30492466
30505173
30513555
30137947
32598614
30487807
30565513
30481204
20882076
46502091
30488995
30487577
30454224
30467140
30433835
30417144
29661230
30479748
31183369
30480629
30432355
30338740
19598846
30449782
30454061
30464010
30470937
30480620
30456542
23342971
30434391
30508708
30478602
30475655
30428284
19687644
30386771
30476316
30446582
30478417
30483656
19404539
50059670
30424789
30502298
30488995
30660602
30392925
30462568
25866547
30428491
30407953
30461725
30454544
30418251
30444486
30461426
30482711
26186689
30421409
30482329
48989803
30445801
30389238
30410624
30427897
30496642
30474784
30442677
26679269
30439569
30421089
30581512
30437293
39801279
30462007
30436560
30491500
30469684
30445355
31309551
30394786
23181074
30458502
30615508
30460990
30422437
30338013
30412497
29164396
29171728
29074374
29180230
29126398
29111281
25819392
30436102
30472075
30468404
30428439
30431369
30442789
30433638
30438431
30475053
30488632
42770615
24433837
30428280
30442379
30461018
30440076
30419817
30398078
30355766
30401991
29967123
30467819
18586934
30656864
30589956
30451708
30462838
30431835
30405489
30490756
30464024
30486877
30431617
18346453
30414066
30375391
30403856
30417948
30474455
30428384
30506731
30502976
30562766
30485875
24026389
31036580
30474004
30462029
30464424
30452266
30450387
30426878
30425093
30411920
23463731
30440437
30510315
30450802
30498110
30476235
30449660
30437693
30448237
30495324
29788217
30451662
30479924
30793499
30433088
30439932
30451006
30372784
30473333
27160963
30510436
30474780
43716226
30403949
30452582
30385816
30449820
20621646
30432620
30498644
30402849
30641873
30476537
30417295
30447691
30399089
27872974
30477255
30407220
30572660
30369860
30449593
30598264
30442520
29872544
30448433
30440494
30432937
30437913
30487117
30588071
22813145
30436737
30499389
30479196
30417759
30434302
30459573
20867002
30370252
30431200
30525824
30530563
30563719
30474593
21805781
30373407
30457479
30372717
30461159
31315716
30488158
26008188
30387544
30449026
30415914
30581226
30361981
23114975
30483000
30507533
30592059
30458061
30451846
23116349
30421314
30420955
30467916
30451296
30418776
25865052
30480627
30445221
30445146
30424807
21188317
30360418
30422425
30422604
30592415
17830637
30452181
30454831
30452752
30487740
30435411
30380372
25678328
30493289
30518594
30481209
30631808
30450110
30455664
20369881
30515178
30470876
30557892
30484939
30492977
30532675
30475575
30457634
19423844
30440097
30488224
30514466
30474104
30509133
30435393
30468215
30533524
30490222
30512655
20701622
30590670
30452306
30425909
30467172
31261380
30424295
30534861
30516262
30626593
30493369
30507122
23240184
30446127
30558520
30440178
30426499
30405594
30421613
30457929
30483275
30515251
30531895
22295678
34125676
34133865
34170014
30465181
30432515
30484579
30495555
30475966
30459133
30446767
23874777
30467898
30497104
30600837
30504312
30424343
30586168
31138607
30486189
30724414
22434477
30460526
30526380
30017565
29930601
29150778
30497026
30594635
30465013
30438635
25096163
30459304
30532017
30568149
30431614
30633979
30511893
30440760
30466386
22598741
30443516
30489822
30447555
30451600
30464299
30492998
30519385
30517190
28211509
33990867
34024616
30493061
30473757
30470299
30482286
30444997
19867718
30385265
30398814
30409638
30450417
30639602
30474770
30531346
20692937
30422315
30455406
30468202
30529713
30493406
30468139
30453220
22714974
30397302
30472891
30427031
30500200
30503266
30443848
19241422
30438332
30464473
30451344
31088111
30441421
30450253
19599192
30502793
32460473
30773217
30547718
30478220
30518391
22892828
30620960
30579149
30576735
30555971
30520775
18329679
30699345
30562440
30583995
30587722
30579242
30495424
32980632
30550779
30622926
30551346
30609279
19508982
30520708
30581141
30576813
31400798
30714083
30549637
19711481
30545852
30546655
30542952
30607071
30563284
30582939
30521171
30620168
25649128
30590778
30507452
30720712
30581654
30539650
30584006
30573950
25395661
30504906
30622477
30561878
30562070
30479181
30586060
18956505
30506140
30582350
30595977
30631877
30544380
30556861
30548802
26034587
30665670
30578266
30589509
30526249
30595305
30648032
26284673
30555495
30515795
30604515
30539084
30585670
19866492
30535537
30564844
30571579
30614569
31219105
30566608
26453691
30559284
30604586
30555452
30591772
30532322
25527556
30548519
30610715
30544380
30527344
30590084
28447669
30645214
30545413
30542122
30528810
22171735
30541078
30554577
30508669
30589128
30595475
30539302
25390790
30623057
30585353
30595521
30607089
30547281
21998989
46809017
30634197
30663316
30669794
30666326
30659174
30615044
25436046
30680221
30655606
30682637
30612424
30593393
30577600
22759051
30821978
30635023
30637328
30665914
30633676
30626098
23202725
46949721
30718545
30631805
30604086
30671208
30644817
26650662
30712405
30696014
30666720
30667228
30693933
23146068
30718602
30692147
30703531
30661331
30603679
22681196
30700250
30703615
30711426
30671481
30638133
30572695
19943236
30619010
30634653
30614844
30652139
30678995
30647903
30636997
30557126
22433416
30643978
30704433
30596163
30683708
30637990
30632423
30660226
18490642
30571002
30628390
30607406
30597601
30656642
30621537
30640618
30584066
30653737
19074067
30644545
30699042
30592839
30654068
30678853
30672679
30643340
30654521
30676088
30595186
23741679
30702646
46454273
30606948
30677462
30630881
30758428
30698028
30632101
30659568
17973355
30673687
30754225
30595952
30636624
30641779
30585782
30628153
30638533
30812589
30646444
30684599
30646844
22736210
30722682
30664073
30763674
30694850
30679279
30628837
30721719
30662746
30709368
30682121
30766307
30628584
26578263
30717958
30680868
30837638
30664615
30579249
30837055
30687510
30668806
30658550
30718577
30624823
26408120
30668759
30696289
30689339
30630455
30712309
30657551
30664068
30690084
30665873
30799668
21880276
30685688
30689490
30706121
30621919
30645179
30723515
30611417
30701225
30641479
30672574
22663146
30700124
30694324
30685021
30767888
30646848
30611303
30679222
30705319
30596333
18292393
30676684
30655953
30691148
30648921
30673183
30645451
30681113
30692159
30963077
19787341
30680042
30591341
30716368
30642554
30599948
30640163
30587920
30651828
30741050
24928563
30684492
30713028
30696948
30707593
30662178
30663261
30668022
30672354
24522624
46760947
30618626
30658717
30669352
30572969
30595143
30627780
18108196
30583228
30670346
30581735
30671709
30600808
30598388
30624837
30616635
30598091
30668822
25415459
30718360
30620652
30608748
30622464
30579363
31241800
30567099
30666295
30907449
27832867
31492897
30603613
30587135
30587475
30531066
30608340
30561933
30480247
23091302
30542873
30564635
30619677
30529378
30592475
30616681
30579742
30589833
23555771
30559261
30602495
30570039
30637532
30529280
30679515
30654884
30656424
29423785
30563695
30631119
30537079
30548557
30631243
30571401
30664948
26452568
30578084
30629957
30548797
30576573
30687468
30602024
17881481
30537639
30605031
30593156
30645424
30659524
30586030
30592493
24062893
30604997
30567257
30581404
30612720
30722081
30623189
23441291
30566822
30597071
30550564
30598835
30560160
30604061
25770839
30676371
31237223
30607520
30596445
30568080
21213378
30578108
30622038
30639546
30608551
30603113
19112027
30562848
30651783
30620170
30583288
30627986
30573573
31218094
24992200
30586308
30556091
30664323
30595266
30611000
30655166
23941193
30714961
30672009
30615682
30580592
30596401
30633746
26679477
30610610
30629457
30627573
30640468
30611555
22298912
30755514
30631840
30704259
30701540
30629645
20599690
30615659
30624157
30623299
30671411
30628513
30580840
30628955
26408357
30576912
30610577
30647179
30631508
30640377
30615615
30668562
30594724
28718145
30654143
30681170
56012817
30590034
30638356
30615783
30691406
23040909
30650948
30780789
30664211
30590266
30616119
30601460
30621767
22011579
46729444
30603615
30667937
30604093
30584067
30739006
30585979
24687953
30635128
30591120
30603455
30650950
31231723
44146852
21471631
30614819
31497030
30599675
30701304
30563383
30578022
21087707
30563318
30638895
30616144
31456117
30593893
30531970
23413493
30625144
30599989
30683913
30596053
30618484
30617865
30637222
23248342
30692379
30661612
30575169
30624348
30570613
30498935
30632280
26165296
30703933
30546346
30668806
30597640
30625194
30572211
22712768
30578136
30676148
30619148
30605934
30603666
30527358
22706128
30586098
30571544
30581959
30549048
30546518
30585573
25673135
30634272
30599808
30614197
30629103
30543800
22050862
30565899
30621537
30587757
30582634
30612449
20865204
30619793
30625831
30664137
30679448
30553553
30555158
30661463
27881387
30641308
30586719
30624955
30574407
30573490
30555908
27822172
30553495
30533486
30584233
30549524
30574060
20607857
30588272
30593298
30597010
30721432
30584215
30566348
26589170
30591035
30596215
30640430
30615146
30488811
25505617
30612721
30568266
30582657
30713774
30571099
28001294
30481007
30598704
30664985
30702708
21792127
30510811
30627564
30552167
30621786
30581946
30242867
30580383
30635114
30603537
30560886
28246984
30639670
30649417
30638116
17979204
30523554
30807403
30515743
30777972
30626177
20548837
30699546
30536844
30629372
30595724
30632952
24266233
30589539
30540009
30582991
30599077
30615388
30617498
27855726
30641053
30583935
30656741
30611528
30560685
23195711
30598877
30606262
30739525
30554744
30534964
22311477
30557466
30570106
30611563
30591377
30550068
23620308
30560512
30606395
30630652
30569435
30571175
28929349
30788297
30557193
36336894
30565859
23916559
30564772
30568112
30589551
30553775
30602359
20129807
30588977
30616442
30576397
30617696
30600101
30809164
30635737
23223332
30602934
30635351
30733703
30600800
30841092
30705121
30623477
30599728
20980300
30598753
30584262
30848490
30611140
30590148
30585582
30610238
30575019
22881167
30599775
30742642
30609090
30600857
30587848
30556900
30595601
17901674
30769663
31388588
30591932
30613968
30588077
30590895
30900668
30561791
30257078
30589139
30615235
30634789
30573939
30554617
30604475
21888357
30553324
30575424
30594925
30587126
30541131
30629255
30683109
30567229
20225653
30705987
30637551
30578888
30611584
30544008
30525331
30574045
30602802
30529879
30610357
22606494
30492507
30588353
30522208
30623755
30597300
30633404
30642586
30561726
30768284
19859947
30565582
30624968
30613835
30612208
30577235
30547926
30564825
30597324
30608353
22020342
30554451
30559131
30590841
30567080
30545694
30602237
30541370
30634179
18128020
31312902
30624895
30572071
30580046
30648883
30540216
30649083
30627659
19787884
30541071
30605743
30569964
30553260
30617640
30584050
30555956
30586933
24721687
30660022
30509020
30566707
30495253
30430122
30411175
30515570
24177076
30505864
30482802
30464026
30509633
30482551
30499175
30495106
41575225
30466914
30455343
30446320
30384018
30434884
30393975
22895463
30414582
31379166
30422413
30466956
30548893
30456437
22073007
30441060
30483595
31072083
30453657
30428860
30439439
30450557
30446595
28948601
30439762
30504738
30504855
30448273
30576031
30474784
30446162
27198338
30435741
30430168
30475755
30435131
30578202
30471553
20168300
30406062
30485461
30512116
30512336
30462777
30492073
30470282
26537966
30475442
30441894
30441969
30424622
30434624
30562223
26603997
30435346
30442524
30423118
30379440
30441619
19267952
30458546
30440578
30472381
30417491
30468002
30422757
25351693
30459957
30453146
30427433
30443204
30487404
24286922
30453515
30544245
30507868
30506355
30419238
25756628
30480220
30481064
30511108
30464856
30430642
30491920
25529157
30446048
30442789
30415070
30553629
30450189
17917936
30487484
30475470
30390385
30484558
30442674
48445736
30467382
30469290
29897135
30426051
30461087
30457903
31121192
30567781
30453091
21523051
30476669
30431091
30366920
30436931
30493242
30452988
30415494
30479503
20007830
30424264
30588281
30420053
30420800
30438777
30426187
30469384
30462961
30463839
29362260
30461713
30442952
30439957
30435049
30438359
30518961
30444766
20440771
30473144
30458741
30442253
30465073
30397605
30418866
30446604
30563111
26290140
30418822
30487895
30475087
31044782
30445090
30389611
30469604
26353206
30485249
30437666
30530115
30571028
30395818
30452157
20170624
30420055
30459651
30479702
30500831
30481215
30383919
30498642
30395825
26202436
30394491
30471695
30462099
30555357
30457493
30437103
30414771
30434793
20976222
30440375
30515131
30595690
30437203
30451000
30468497
30495882
30377824
18979951
30383525
30460816
30459156
30465991
30546821
30470724
30443032
30460130
30449902
30585855
19227064
30405534
30469493
30429483
30456921
30532715
30402998
30465373
30413473
30399648
30369109
19611981
30467482
30465376
31026091
30401308
30385644
30402386
30559857
30432684
30510815
30444153
24605826
30868503
30487343
31100850
30497081
30431154
30429271
30504462
30407801
30597498
24796669
30418309
30391223
30457642
30427415
30451863
30428038
30421789
30405966
19537522
30383927
30442791
30363013
30452251
30480906
30444400
30423116
30430068
18768861
30424802
30460471
30493402
30478044
30444374
30438933
30433482
30488068
22404398
30503455
30464010
30451338
30500960
30440871
30354913
30441741
19649231
30675032
30475495
30449173
30492795
30461884
30433886
30459255
21071269
30398153
30385898
30399958
30506753
30459946
30433021
30457873
25584510
30493948
30459217
30476904
30406826
30399137
30581777
23579991
30462233
30456777
30413544
30452108
30430104
30459285
25278465
30463571
30520164
30462409
30465163
30465633
19929525
30379360
30424182
30456609
30541091
30629428
30464704
30467598
21501368
46664667
30476898
30416233
30513833
30464004
30457408
30516800
26171096
30476251
30533383
30634617
30435685
30509155
30589690
25338849
30456455
30443260
30434878
30428913
30523333
30478764
26897550
30508833
30361209
30465477
30525984
30439433
22470677
30456206
30429395
30498138
30475008
30477966
30535475
30256044
30442624
30511231
30534186
30464804
18912517
30448784
30531239
30503482
30494894
30471142
21921056
30498453
30511262
30484482
30427990
30471168
30422406
23446552
30456195
30503872
30448548
30455164
30782610
30458884
30478824
22992019
30490637
30485069
30607151
30465095
30514306
30565701
30474618
24042237
30441724
30472449
30470875
30514322
30453013
30440356
30523672
30112856
30437338
30470357
30496889
30469293
30471649
30521392
26857184
30516635
30437875
30497884
30463962
30399526
18720817
30452560
30531039
30467530
30499628
30412579
30493740
23576846
30520833
30551748
30597840
30589693
30603390
21523370
30532687
30574233
30593057
30599855
30649243
22114389
30493583
30553347
30532388
30576544
30604637
25269689
30560928
30564492
30502386
30614400
20956454
30644272
30523428
30582758
30616301
18444024
30579983
30574718
30562442
30566365
30581161
30473224
26531631
46598080
30484391
30492037
30516019
30518586
30524599
21730366
30459823
30504890
30516477
30542399
30511497
30469158
30471948
30426896
21996714
30689695
30451004
30526064
30474480
30513144
30493650
30433186
30573362
30493924
30503107
24974079
30517988
30495977
30484743
30553530
30544384
30510269
30529373
30497929
30481197
30498256
29915740
30504482
30399564
30458421
30480084
30508868
30527500
32530190
30503166
30555008
26264066
30439487
30467261
30524059
30410473
30401515
30488300
30536659
30542275
18895151
30374403
30505749
30504931
30532398
30474898
30492179
30514630
30584061
30496597
26431508
30464291
30416886
30503442
30527719
30485833
30500836
30488859
30484878
29685068
30617135
30409238
30522345
30421827
30605308
30527188
30495285
23445391
30443809
30466266
30539941
30511716
30456929
30479427
30480498
23291855
30511610
31128676
30496219
30522264
30600907
30488080
30503120
26328738
46495677
30431922
30466831
30510593
30453381
30422288
22930285
30466243
30401177
30457751
30458604
30381204
30480861
23166529
30386690
30418693
30437859
30444637
30450344
30402733
30466921
18997136
30392726
30436318
30596186
30428953
30458633
30475419
30483638
18929231
30403782
30507091
30563729
30518736
30474484
30492660
30475009
30466590
30456588
22681757
30410511
30473478
30465637
30500105
30388331
30502476
30473935
30474057
21194631
30393830
30438675
30580041
30475879
30433486
30530032
30456373
30506071
30455347
30455902
21054914
30454535
30464001
30487586
30437076
30416377
30478035
30404916
30497225
30452417
30435399
26028847
30450306
30569877
30512377
30455129
30430258
30461619
30450798
30486557
30438462
26083805
30446907
30456254
30519066
31046717
30577966
30392415
30401136
30420713
20890081
46807698
30514144
30584739
30503635
30548619
30560735
30589917
30603970
19734510
30665475
30579789
30591302
30612506
30531924
30525735
30578581
30574108
23042021
30580044
30589936
30858482
30610154
30680125
30540648
30560368
20445571
30485946
30540423
30591212
30600835
30544454
30528602
30592485
21160154
30637055
30761065
30545668
30627448
30587259
30591898
30466504
25618499
30548241
30612553
30580747
30588077
30566538
30547798
23691781
30537015
30596860
30566027
30591303
30543762
30594506
24775052
30609066
30598675
30564639
30568090
30542736
19217047
30519368
30602086
30716524
30541362
30527225
30559264
26525541
30498955
31832223
30598693
30547149
30565359
26586880
30564177
30584924
30600330
30557919
19299517
30663273
30572424
30544115
30558141
30503905
30659559
20800426
46570244
30477576
30467406
30530913
30500364
30506200
30488389
30487143
29658620
30399353
30447543
30459635
30501359
30461555
30464955
19298040
30460858
30513244
30576153
30442887
30482972
30460649
30470467
23996865
30554672
30601875
30584681
30574402
30588510
30587048
22544602
30545812
30540260
30520788
30611386
30547482
30575562
23769185
30507787
30555218
30536848
30579780
30491326
30604822
30348491
30586542
30585236
30758472
30601563
30595455
26152347
30517512
30588751
30603444
30551096
31150459
26325840
30506312
30578178
30576020
30525699
18982492
30554717
30684068
30560468
30592022
30591755
30531481
20793161
30525629
30539630
31134614
30645448
30582279
30535757
25229898
30585843
30602179
30652368
30693006
30600860
22923016
30583475
30566610
30546461
30641705
30543222
30507602
30511150
29270569
30599588
30544882
30532842
30516127
30635769
30477381
26310993
30656337
30642310
30614784
30497696
30616016
30558190
29488315
30618139
30610617
30576205
30526277
30557010
22609028
30567208
30582408
30568394
30720140
30571037
20602172
30512650
30554128
30577628
30590546
30553829
21094313
31187538
30524473
30607488
30558458
30530339
30588897
19086354
30536235
30573996
30562639
30620291
30519166
30573984
30538356
30564384
23273473
30562902
30543670
30558931
30502835
31055529
30530468
30473874
30533484
30527028
29555453
30533214
31219027
30616842
30508322
30515877
30703285
30637117
30567942
27293452
30526734
30547086
30576848
30559887
30536744
30537322
31129625
20725139
30527546
30538942
30551442
30635984
30520484
30615981
30512526
30550147
28576839
30646846
30557291
30571213
30564603
30593066
30498235
30554288
30405637
30535306
30567289
30505680
30502568
30559955
30546086
23105021
30490133
30781125
30511948
30563415
30576072
30623135
21558880
30535819
30565394
30714938
30566379
30512762
30565873
22506119
30476716
30562473
30555228
30569251
30531181
30581886
26757056
30533257
30699640
30867405
37594897
30512628
23724269
30600426
30610952
30568891
30739348
30545224
23872294
30576428
30504086
30596081
30642155
30533257
26896072
30525453
30551898
30536464
30590952
22183418
30520456
30562230
30517499
31429565
19746408
30451007
30588611
30664804
30536049
19581547
30358656
30461768
30390327
30441493
21807705
31086592
30429280
30438181
30452655
25827685
30636016
30460705
30453446
21937673
30439791
30407860
30416213
30484348
19273514
30416327
30459763
30495860
30393070
30580386
30387995
26077969
30425108
30495962
30456313
30446173
30419503
30445845
20470765
46505990
30487578
30471375
30487379
30403054
30559767
30474792
30459090
21214356
30493960
30450642
30488634
30485841
30467947
30493360
30428080
30510885
22218768
30442768
30425679
30488680
30611968
30497081
30469102
30474664
30522297
30480793
30484039
24958011
30511980
30529820
30500592
30495457
30434349
30499353
30501322
30460986
30491769
37504761
30554929
30579233
30668251
30583337
30591127
30630830
30686882
30663741
30606415
25982800
30618437
30634493
30688117
30609202
30598697
30570571
30644454
30656266
26206049
30592693
30724132
30666057
30702919
30658433
30737740
30679144
30668044
24589709
30658766
30638762
30696717
30613039
30667883
30594078
30643035
20795097
30613262
30838938
30633582
30649042
30618243
30665888
30775448
19777457
30630453
30701431
30671033
30694666
30657461
30660782
30643861
23223138
30702466
30633412
30721232
30733519
30712272
30660628
19604586
30570557
30640986
30645439
31012411
30651682
30617866
19504582
30622644
30667579
30706936
31294290
30614260
32389186
22893280
30569487
30646186
30651477
30603673
30645906
18730898
30636863
30643846
30601917
30635573
30625846
30736014
30688091
22605861
30570226
30618888
30600168
30678964
30631817
30651589
19215676
30617302
30696363
30634357
30621604
30664756
30591981
19402099
30574421
30654324
30644115
30642081
31497608
31451862
22770761
30591171
30692612
30660233
30627413
30626144
18605630
30613799
30697550
30642010
30717429
30889035
30607320
29739636
30772277
30657104
30673589
34221266
19897870
30569960
30599666
29346487
29394162
29316738
23337360
29272746
29307409
29325849
29393966
20837856
29322379
30665428
30611190
30641019
20476595
30765102
30638042
30660918
30689703
21744005
30639037
30693524
30683497
30670035
32699466
23342186
30638003
30675210
30721693
30634866
30617499
30711961
23283507
30610057
30682653
30640164
30642411
30627132
30639554
30634157
19154314
30611237
30701643
30667257
30698997
30650305
30621602
30668943
30649368
30550622
28202807
30628637
30774756
30636449
30604827
30688726
30576805
30625068
19774436
30563188
30607470
30648781
30628053
30652628
30629952
30612174
30617608
26189369
30400691
30467286
30457655
30423838
30410499
30417915
30428593
26469291
30432216
30478459
30480171
30422665
30431614
30437346
20651597
30484722
30435631
30459153
30487715
30413487
30443255
30401673
29123455
30565389
30644399
30619789
30627177
30558750
30564159
30169629
30558573
30541097
30618431
30497526
30644690
22178982
30491780
30576319
30804333
30546980
30571175
19175295
30689803
30561278
30518069
30599664
30507981
30556418
30243098
30607526
30647180
30610984
30632930
20827005
30586566
30507092
30516712
30593638
30507353
25447622
30545019
30601130
30658104
30591790
22724661
30542315
30597192
30589539
30606301
22262282
30597712
30588799
30530898
30727475
23505102
30579874
30656763
30621979
30582499
30591600
25879483
30669474
30624300
30585214
30613564
30645888
30619297
26314030
46913858
30634334
30628353
30688858
30665417
30692988
30647935
27921812
30662482
30666646
30647304
30691662
30685585
30754892
22153258
30659986
31389438
30667318
30648586
30683059
30652564
20313672
30654053
30691422
30704048
30674037
30641717
30655182
30684015
30777426
29614628
30728748
30658024
30647072
30596993
30654515
30609654
20045056
30629446
30650122
30661896
37459589
30623535
30660367
30678680
25072133
30710242
30685077
30678540
30707968
30622359
30732101
23339639
30856718
30558802
30581635
30594669
30625291
30630748
25492746
30546517
30611530
30621722
30624777
30626610
20615362
30604466
30619596
30642677
30609835
30614061
30604171
30027269
30584292
30655235
30580616
30610448
18515457
30594632
30779966
30608272
30654293
30597757
22180080
30533028
30582699
30504951
30710681
30560333
30607022
23824519
30822845
30575846
30608589
30599803
30727955
30615272
18274028
30563357
30547841
30587584
30578963
30637380
30537300
30584757
23595656
30594178
30628373
30572966
30594195
30930238
30608753
22084240
30576315
30634737
30546429
30733603
30596815
30641334
23370815
30536064
30517979
30612432
30557508
30602471
30554142
29560813
30653662
30661179
30642497
30586473
30624301
25446666
30573806
30731426
30637243
30608498
30576851
25817746
30627492
30619728
30579744
30635082
18236031
30542462
30609964
30545711
30655575
30622146
30580609
20494675
30598986
30519184
30664486
30637093
30583520
30622077
30673295
30683794
29634118
30620213
30678884
30598288
30552333
30554150
30619733
19696704
30563004
30602335
30607351
30580726
30598062
30614235
30574462
24714390
46780044
30692216
30627497
30705817
30611450
30636726
23422864
30526057
30584217
30621991
30593835
30616091
30589609
24990529
30642584
30684210
30615272
30581916
30755439
30613326
30643970
23240673
46372862
30625219
30661516
30607077
30623377
30655763
30697613
21582919
30576018
30738717
30644872
30607712
30654882
30644908
30579472
23302962
32656523
30585710
30615818
30606969
30620814
30599324
30650959
30572474
19678180
30590037
30581134
30630739
30673186
30569347
30516143
30594766
30610499
30625473
22677151
30653123
30660559
30635052
30611473
30553308
30585102
30667993
31464026
20403888
46532934
30492936
30622984
30489826
30487612
30480404
30473997
30444185
30521448
23813997
30403015
30444359
30466810
30484698
30504851
30519393
30492127
30570295
22086132
46416960
30441311
30393696
30404133
30406322
30454278
30468070
30486856
24296173
30438616
30380829
30402782
30469512
30622301
30470760
30502169
20950101
30393195
30455233
30451666
30516315
38666151
30401511
30448659
21073078
30389885
30443267
30390509
30424697
30338779
30507824
30438304
24942298
30440293
30409044
30449570
30434565
30430469
30455536
22328865
30445370
30508719
32352133
30420716
30388337
30438544
30470944
30454413
25328838
30463237
30465471
30454909
31272351
30517186
30414126
30405840
21930012
30403738
30491172
30460737
30347342
30424434
30469676
30395789
22543193
30420938
30535950
30423989
30433320
30471811
30416662
30442842
26835818
30434049
30401365
30560202
31074996
30437324
30382874
24338462
30441513
30370366
30609497
30432933
30422571
30438051
25431321
30546246
30484210
30479095
30426169
30463295
19445819
30385309
30429842
30581928
30427558
30440850
30419249
30408900
20650201
30421596
30410802
30455073
30477987
30434366
30438796
30412551
30358149
21822792
40027400
30535037
30511358
30514729
30515332
30429864
30404722
30469358
30444608
26682703
30514597
30502487
30501294
30426538
30454635
30477625
30512859
30489194
40982167
30548214
30547319
30620530
30652680
30606122
30562118
30497134
19820878
30623102
30641974
30591961
30573967
30904617
30495399
30555990
30553538
27208958
30516873
30622606
30582469
30581008
30642360
30517509
30579373
30122052
30543800
30551157
30664026
30566854
30556433
30548528
23337325
30566833
30532332
30552424
30552991
30577717
30570343
21475161
30434880
30462420
30437293
30456126
30481626
30503466
23114242
30465602
30533423
30457624
30744741
31099874
30483131
28647090
30459291
30433731
30586115
30450646
30477692
25111981
30452124
30433035
30535724
30447228
30408720
25335522
30428553
30488380
30486887
30593846
30466565
30095683
30476794
30475437
30456339
30446431
23566524
30444607
30470231
30525813
30473360
21952490
31356958
30555066
30558367
30644792
21952039
47867073
30464740
30493120
30496689
23960274
30502494
30524115
30693528
30473860
30475933
26900798
30479800
44526755
30479441
30456510
22362029
30436516
30468524
30516522
30494514
19833110
30434415
30499494
30643553
30529104
30461789
30437119
26968787
30499982
30467350
30507239
32926272
30444484
26966823
30533464
30492626
30518146
30466897
30399949
30578573
24774915
30507317
30447011
30444975
30377437
30455702
30448080
26122911
30412790
30475935
30465159
30462677
30468330
20609617
46722145
31139306
30461946
30577626
30565290
30539567
28960721
30607615
30626639
30593360
30572214
30599854
29005718
30553649
30582789
30675968
30567122
20678387
30597364
30592350
30572786
30629308
30581259
25600737
30614621
30551990
30510239
30789837
23177229
30607248
30523319
30549260
30560091
23088203
30597999
30574229
30724592
30565012
25202105
30560745
30636431
30605197
19310982
30588990
30600342
30643806
30616197
30597097
24053896
30691869
30639893
30634639
30693108
30637950
30552124
29813756
30619443
30619659
30634540
30662591
30650053
30654552
23362264
30653165
30713292
30654756
30667542
30641363
31251630
30637419
30564906
30651383
30620622
30791381
30664670
30658665
30664110
27472328
30546592
30625860
30591748
30676133
30631397
18753152
30585474
30645023
30831519
30669457
30666443
30660741
23691530
30704536
30686000
30621714
30717686
30631612
21802739
30682019
30669638
30648375
30651171
30636817
22392589
30576399
30821919
30647830
30615863
30703724
25466911
30916774
30693568
30710472
30655753
30619235
30713454
27719817
30679353
30641913
30696455
30674734
30688197
22185622
30568042
30617044
30601702
30688861
30646666
30674417
30668679
23872543
30695435
30654059
30651930
30611389
30711162
30589666
30669108
19944070
30645219
30664228
30747365
30730399
30673219
30592315
30619773
30673321
30652786
26375222
30674979
30611413
30803735
30695652
30599177
30619121
30601137
30625510
26969888
30645266
30588542
30697380
30601404
30735863
30590812
30569262
30624343
23989005
30655950
30617268
30646312
30537557
30608760
30613439
30646279
30650523
25769074
30654163
30718793
30696792
30656697
30768759
30577174
30613177
21422259
30589391
30662579
30598439
30651172
30703842
30644271
30630664
20986871
30615473
30585962
30620155
30641991
30684775
30592846
30592615
23699932
30572864
30583657
30603903
30595273
30496262
30583957
20830074
30422925
30473806
30502637
30495544
30481742
30537898
30449404
30430993
22691470
30417794
30488401
30468090
30430015
30442015
30491959
30408522
18060487
30368955
30490661
32395229
30474575
30501507
30469335
30434023
30411466
20023787
30440290
30512673
30411054
30422056
30440670
30409985
30485620
30423255
21293278
30373449
30424197
30439611
31142407
30486867
30416419
30393288
30448851
30451968
30414124
24561564
30575388
30464646
30485948
30485423
30464719
30402643
30440819
30422317
30467893
23291789
31386776
31317718
30479108
30565006
30465259
30465682
30597466
30481773
30537215
26459608
30483870
30426013
30484976
29141062
29163657
29165005
29192020
29432468
23186665
29215640
29179838
29202227
29143961
30514980
30679692
30499673
30525362
26073518
30479140
30471171
30526580
30445133
30401415
30462602
30512953
22363821
30425980
30531828
30423712
30524235
30427397
30474675
30455248
30496724
46998629
21311682
30507420
30511185
30538126
30487461
30540601
30444657
30537429
30469160
30421724
25581397
30571906
30488444
30473315
30445933
30475813
30603597
30509658
30427097
24089748
31045302
30478262
30453950
30500558
30541213
30513294
30558141
30529965
26466185
30456754
30520254
30459487
30580622
30536691
30555693
30441238
22772929
30477984
30497971
30508110
30465586
30518122
30409782
30450458
23158498
30448590
30470350
30480083
30510830
30523593
30628272
30554024
27430057
30478828
30450999
30466327
30491566
30531133
30553928
24424677
30465471
30477715
30525513
30652169
30473354
30433398
25327862
30435929
30470159
30526318
30467131
30480375
19025280
30426158
30460769
30450433
30638609
30485211
30448087
25998805
30441947
30393658
30517813
30377529
30400702
26431313
30486487
30493418
30829973
30512467
30440469
29479117
30478042
30451204
30564120
30476135
22811730
30463062
30466727
30493150
30493166
20491510
30392971
30478378
30470920
30526976
19628657
30407993
30433591
30491190
30477664
30438050
19073376
30657976
30703977
30769506
30665848
30657708
30654465
30673872
26584006
38062283
30647779
30685294
30690619
30581040
30650932
30654166
19277697
30646266
30712064
30643851
30670008
30648097
30727657
30662596
30756792
30608970
28434179
30706252
30667648
30629795
30649302
30643168
30711179
30714833
20081446
30654270
31534653
30582119
30661671
30645110
30579817
30602390
30641128
26368178
30671123
30621323
30660866
30584293
30640201
30618397
30614304
26589666
30703514
30641717
30659703
30627395
30735101
30657902
#end
