#729a2951|blade-1-m620|jdom@54ed0cc8b7e8deffd5e088305ca7723dc0bd963c:org.jdom2.Verifier#checkCharacterData(String)[generators@bcfe6d43107430b2604e2e34b9151742941652e0:cz.cuni.mff.spl.casestudy.generators.ParseFileGenerator('MQ==')]()
#date=May 4, 2015 3:42:16 PM
#warmup=1
#count=3799
#begin
23341598
45485365
34931246
30333022
30466282
25548995
30282734
30341307
25901668
30358633
30396509
30835335
30500820
30513998
25467026
43233725
30502358
30909266
30487911
30466742
25463587
30397077
29095650
29198838
29107898
29138525
29070205
29077038
29153804
31185160
43872581
43676868
25853700
30358382
30428133
30477526
30468066
30434571
30434207
30470240
30490646
32998879
43628987
43613499
25631899
30502900
30392260
30402404
30449161
30454957
30419499
30409300
30416964
33134556
43668828
57840951
43648718
43780957
43704224
43790379
30178117
30463196
30394676
30487409
30436229
30638668
30469031
30482323
30503356
36930070
43621288
43713417
43629293
43672175
24112217
30403187
30423991
30417550
30488088
30428137
30420994
30490122
30406664
30494827
38054568
43611318
43689555
43762564
43675280
28797061
30474900
30432622
30427262
30453663
31593059
30466277
30447437
30435864
35937674
43552771
43662039
43773109
25572493
30438893
30470285
30452809
30474884
30406351
30414388
30410390
30549636
30497782
43614244
43596100
44560590
24827266
30433485
30436104
30405488
30565280
30949799
35223854
30435785
30444086
31242347
43660503
43726867
24129273
30436569
30393076
30445151
30477249
30432619
30392233
30499827
30557942
30471021
39676908
43679689
25108903
30385102
30465234
30504276
30566329
30432140
30437879
30464055
30454264
31664783
43598008
24148787
30416670
30508645
30500775
30473335
30512077
40899841
30444281
30452564
30461629
42467782
26625831
30488860
30419762
30627091
30425712
30469073
30436578
30446435
30432433
34208442
27005559
32512347
30449469
30405895
30434204
30483292
30473726
30467280
30474815
32914296
29604152
30472222
30400778
30840424
30446892
30403794
30461440
30467961
30532484
26601463
30391440
29158427
29153446
30448635
30410245
30435027
30399832
49903685
29513312
30490495
30443882
30414799
30366291
30458328
30451642
30429139
25079444
30510949
30457325
30521138
30449022
30510288
30511593
30456302
35309541
30442115
30418711
31267025
30494120
30482262
30473604
30418120
29237271
30430958
30399511
30438160
38748517
30463447
30482074
25850148
30436110
30440495
30424912
30371982
30425204
30500164
26331315
30395836
30362322
30435164
30544548
30447891
23253936
30376555
30409704
30429882
30430689
30470515
30410660
30532119
30454115
25357548
48955352
30403871
30433190
30432793
30442493
30512082
30488799
30453584
30527216
42819973
22305256
30440386
30440429
30367772
30418410
30445019
30509495
30496380
30486208
30487814
38849436
43704296
43699679
43736664
43652691
26742890
30429276
30432041
31320457
30457544
30426822
30436072
30430559
30435020
34312195
48890097
43648346
43631411
21620060
30390196
30447299
30418144
31473956
30413710
30450867
30478589
31411382
30526114
37412660
43671019
43620930
43576353
29745985
30453369
30423275
30439362
30440855
30432307
30532404
30480244
30474075
36448537
43839198
43673406
32930381
30396090
30457235
30468244
30409525
30501908
30486605
30498753
31106234
31302946
43683792
43610033
25545655
30419660
30512042
30482880
30464429
30458765
31177362
30484553
30456170
33031528
60881243
24017579
30399124
30440469
30494631
30453821
30405915
30441135
30471031
30439912
30479953
41257558
29157158
30444435
30466173
30597865
30465392
30467066
30460713
30486727
30569472
31841325
23566361
30386502
30496998
30403180
30537010
30504899
30442044
30442581
30451346
30453498
24534046
30460469
30416826
30429146
30469844
30379784
46257287
30432420
30427968
23027751
30374762
30434049
30415382
30449815
30398189
30390946
30442680
30448209
23875159
30426826
30484296
30448449
30487744
30568520
30408249
30451588
30432599
30490308
39320420
23771182
30357335
30514006
30427420
30517784
30442549
30474967
30437792
30485975
30446919
41284505
43682319
43626637
22607959
30408360
30537146
30452929
46373822
30436273
30434913
30467617
30488084
30464769
37579866
44494350
43625538
43743091
22619117
30359267
30582699
30422958
30434584
30402944
30533361
30486129
30463071
30472594
38902594
43674564
43764975
43635318
29325185
30447691
30492039
30457847
30464101
30459362
30646325
30461457
30395455
36262836
43721511
43601231
23986123
30447646
30465490
30387542
30503974
30505729
30445388
30455760
30384115
30463447
41370874
43717271
23661206
30461562
30454337
51556154
30486451
30406233
30449531
30443420
30424746
31307199
41142527
43667679
27750895
30436726
30430625
30448293
30431195
30600934
30500280
30505540
41613442
35492268
43648914
29527051
30478804
30421002
30592763
30433413
30514485
30459909
30492035
30579969
36425573
25133594
30426613
30438629
30450659
30429194
30486461
30453156
30445131
30492595
32045967
25677248
30435860
30462580
30363474
30372198
30425045
30414451
30473268
30505846
32882494
30418852
31402655
30451438
30485550
30401125
30453167
30500649
30428102
22457924
30386457
30423129
30444664
30424931
30474465
30494946
30481611
30417089
24878164
30431321
30508388
30477709
30489485
30495273
30467620
30440113
23907576
46384783
30425731
30387405
30384498
30361297
30320428
30416793
30394186
30490766
24502517
48751686
30458688
30469142
30359710
30364374
30420335
30443729
30405851
30462262
28963543
30414381
30418189
30415582
36076075
30340567
30425171
30422606
30568464
27900196
30430391
30389095
30435608
30394736
30423501
30487126
38010353
23197093
30395786
30386136
30403013
30419916
30402078
30395483
30447662
21805823
30314042
30431362
30446377
30436187
30378369
30357713
30370902
28056346
30431710
30359231
30372795
30388900
30357754
30333000
31049632
26248089
30474462
30426622
30570277
30421187
30384494
30453913
30374824
30407953
26483366
30438195
41279202
30447291
30451717
30408004
30415891
30369024
30386333
33659757
43778646
28859680
30391021
30356394
30398547
30384055
30408679
30441186
30395102
30440524
36189056
43845758
43882055
23893987
30402627
30405853
30376489
31005646
30453626
30509437
30473900
51534841
30301287
42379660
43772208
25499333
30354633
30381484
30406941
30436611
30367064
30385106
30455780
30404953
30375975
43170269
67363496
30249293
30431493
30413884
30437697
30454964
30465053
30400189
30478790
30465388
37026228
22237824
30285669
30410208
30350234
30427024
30357715
30404487
30459108
30380211
30442612
38727754
26869601
30319787
30445417
30356482
30445804
30470757
30445224
30540248
30407665
34722449
29148172
30405182
30433744
35595990
30442071
30439371
30450002
30461466
30485349
25018647
30436505
32472759
30465091
30358320
30375507
30370156
30360497
30478354
24950354
46432268
30401082
30481687
30430444
30459542
30570974
30485874
30484239
29628202
30401913
30431951
30388582
30439864
30457767
30426057
30423078
27119141
30329384
29123658
29188917
29132827
29103429
29070919
30504373
30029725
30466518
30466875
30452077
30443666
30903204
30420977
24927221
30455686
30462791
30572606
30432336
30464420
30380848
24520740
30405805
30419507
30418990
30462471
30443055
30466603
30414060
30481071
28709859
30421167
30361515
30424896
30458653
30421639
30501008
30446111
27625050
31345391
30440164
30397696
30478288
30448977
30345125
30410833
30104030
30454756
30413149
30521595
30633601
30445968
30398833
39790464
30472762
30553255
30565059
30573793
30573146
30595078
25085732
37893050
30383184
30414253
30466226
30404373
30507791
26604904
30421568
30525391
30337876
30373489
30374710
23782555
30470262
30436127
30397815
30433029
30464377
23389161
30391693
30350020
30422784
30408857
30382387
30445582
30434004
26661883
30496388
30389806
30470244
30439580
30573206
31084894
26104365
30526787
38269745
30389216
30444606
30419481
30511876
28965070
30444880
30397235
30439455
30459270
30570995
24704039
30400662
30440309
30404943
30414718
30474785
30356273
30429820
27427224
30414477
30428251
29221849
29049814
30502675
30446202
23859108
30361117
30430242
30551535
30463052
30478491
30539039
23583160
30342156
30518455
30428433
30468280
30439551
30415138
25195423
30429826
30383280
30397087
30406379
30391740
30478875
30384198
24865936
30421391
30431351
30382995
30425471
30522309
30451523
30442662
27159931
30424986
30445031
30470990
30392148
30459721
30476680
24810723
30403473
30449509
30434276
30450680
30403633
30481498
24309100
46600014
30499462
30521655
30517871
30535584
30718479
30541341
30548080
29994483
30557904
30546282
30509631
30540777
31339007
30559461
30801607
29141411
30520997
30557615
30500911
30521262
36458650
30584326
23387058
30635066
30563697
30571178
30562561
30512317
54608242
30540077
28881262
30517624
30489004
30549584
30519495
30562346
48019977
28855684
30513638
30477867
30401102
30465509
30422670
29167071
43239247
25219977
30522204
30557224
30596572
30552369
30517382
30552453
30525301
24809383
30533384
30526511
30516650
30548286
30531956
30539722
30519132
27476069
30474884
29679459
29257900
30495426
30535331
30502693
25136393
30503794
30530460
30592812
30514133
30549666
30536115
25208502
30634797
30598934
30550188
30581663
30602599
30560870
30514684
22975711
30615370
30531031
30521933
30538021
31414462
30480244
30491844
30480055
30633612
24059216
30457091
30495933
30452739
30433064
30613041
30478122
30586006
30617483
30437215
39028572
28829648
31389924
31154783
30530668
30692316
30448014
30546586
30536357
30568168
35931323
25884434
30452419
30515133
30488693
30488728
30495442
30634552
30465350
30474024
33110783
27532190
31103494
30516891
30585419
30520223
30528681
30536189
30527795
30520155
24812734
30505356
30620077
30500631
30549550
30593113
30610137
30545788
30516128
31317027
43774192
23444904
30495106
30533854
30516647
30554471
30484244
30522473
30537971
30502535
30633186
40317369
43770746
22534147
30460624
30493208
30471276
30561358
30488556
30501875
30537012
30496471
30620489
38501373
43780826
25087203
30511602
30542929
30537169
30492073
30512666
30513935
30529795
30580046
31807808
43750341
24949823
30514357
30535166
30638275
30576851
30553119
30552856
30560133
30571028
31023301
43773873
29616489
30422625
30458931
30492423
30604362
30521364
30543657
30530620
30561814
36460804
28876558
30511551
30539406
30518172
30544753
30501973
31182129
30570293
30558497
24466859
30529782
30581991
31163118
30593461
30521651
30549035
30514939
30490955
24293424
30487482
30539546
30521615
30492477
30571931
30484286
30498856
30524707
24943657
30553815
30472349
30989622
30486457
30498631
30483880
30521444
32816027
30482466
30542191
30515935
30546788
30560641
30530734
30509715
23492534
30525613
30540193
30563337
30603573
30591204
30534659
30505917
27003307
30553866
30488751
30487746
30501504
30477249
30556433
24984750
30522667
30530982
30544246
30549125
30520546
30475411
25098481
30487238
30511490
30503177
32598484
30525822
30544926
29659768
30570513
30594889
30570631
30520348
30529346
25993403
30677522
30503041
30494133
30551604
43553889
26411868
30530446
30470068
30523799
30575078
30602350
28772403
30500483
30605832
30524550
30498098
24477355
30528233
30532975
30565991
30520317
22261862
30448553
30490449
30473887
30539145
30503449
30493179
27774021
30563477
30565944
30544868
30627861
30554608
27482071
30631997
30643362
30640728
30559628
21787274
30527428
30559786
30643779
30682500
30608470
30621094
22844036
30636161
30590726
30609970
30712140
30562556
30610474
30567348
30630479
27574350
30640418
30646550
30649968
30647853
30607859
30619765
30659493
30606152
35700039
28940089
30650375
30682579
30672187
30665730
30716903
30645182
30643995
30720429
35971023
43453860
43513735
30045596
30692353
30719128
30749514
30632261
30714260
30682568
30679108
30719026
36564484
43517987
25434213
30680272
30698593
30656908
30674483
30714948
30703808
30713763
30724304
32610724
43447509
26863569
30757974
30668570
30667384
30688485
30695046
30684492
30739602
30644040
34251656
24528671
30657357
30763723
30723674
30704341
30696659
30746954
30710966
30688673
30685986
24976597
30773857
30647377
30689966
31525276
30714999
30705403
30664674
30740577
22761478
30674619
30658044
30673092
30727394
30708608
30782029
30668094
30760287
22762463
30605966
31024607
30651381
30657090
30636275
30677092
30732848
30624271
30659894
38845425
24620681
30674352
30690867
30625058
30714180
30698984
30679099
30661741
30656265
30668602
22637646
30633226
30703237
30930300
30690525
30680799
30667609
30653332
30678872
30701699
23908623
30671424
30722420
30740871
30743785
30649482
30673303
30708941
30687094
22246501
30578712
30658439
30596641
30632040
30694499
30716082
30711384
30658570
24026503
30733843
30669698
30683018
30757724
30702610
30757099
30697884
32006427
30817535
38356116
24596419
30644819
30708465
30703340
30757644
30688481
30692469
30705830
34354848
30719571
23376206
30656194
30685672
30645029
30714220
30709853
30659626
30676601
30684148
30823987
26156847
30701708
30664883
30638940
30729297
30678870
30708188
30714496
30679599
23957176
30704593
30678076
30660215
30740110
30710919
30682770
30685570
30760170
24900422
30661232
30604959
30738795
30713782
30641235
30710035
30707391
30729586
30654332
30642992
30693828
30725619
30690790
30720539
30698373
30683222
30202092
30632233
30719234
30694484
30718481
30714471
30691564
23576299
30819279
30684521
30724421
30723662
30662646
30840851
30635167
30194221
30672344
30635430
30725321
30696090
31278140
30690788
30210344
30678177
30674315
30717739
30679106
30693595
24006303
30626366
30719893
30689568
30698083
30645706
30660078
29114132
30670317
30696366
30710804
30664601
30717888
27327968
30687589
30663765
30724775
30677597
30719172
30702101
25398806
30602789
30802928
30666744
30617261
30714563
30668446
30842692
30666119
26499653
30635104
30712568
30724140
30670366
30667537
30607868
30681326
30651338
33964919
25411249
30647529
30790181
30665402
30675753
30831818
30714639
30724708
30760494
32251467
43541260
30403927
30634450
30656604
30723759
30715813
33379351
30721096
30768050
30683151
36971135
29671895
30663763
30634966
30754066
30653917
30814168
30712335
30667770
30704153
24930191
30635621
30697403
30714380
30758450
30701818
30684385
30691112
30668197
23562254
30635325
30637233
30673812
30712346
30666067
30644062
30704275
30688548
25393149
30700400
30669079
30682138
30723341
30746999
30657928
30700555
23275136
30653959
30670650
30708137
30695259
30698536
30671839
30731477
23236184
30677293
30669041
30613182
30659524
30704311
30603806
30700355
30706448
30650946
26339953
30718941
30709291
30806172
30729759
30697623
30657739
30712918
30773224
25493395
30644609
30614457
30656796
30620419
30654024
30674212
30719157
30671895
29641533
30684732
30641855
30671323
30724906
30692349
30734210
30718348
26098785
30711179
30669435
30618591
30708432
30637406
30638652
30717173
27167991
30646386
30683914
30614028
30726052
30692183
30684694
30690109
30668884
23553509
30645897
30646104
30660048
30678684
30647943
30642508
30665951
30649164
23923834
30750052
30678455
30669802
30733596
30810457
30712752
30690165
30655139
25927734
30688346
30703275
30691205
30708451
30744321
30715148
30731031
30718761
22809846
30644544
30667340
30755397
30720841
31554595
30659251
30720246
30718377
30723461
28786456
30632995
30722919
30706897
30607881
30664730
30723095
30673442
23192958
30604817
30659522
30703099
31542570
30686667
30855195
30700250
30684753
27402024
30599670
30689265
30679316
30696036
30809401
30674466
30645591
28212278
30710628
30616351
30706175
31488410
30609371
30678211
23985727
30617039
30684128
30553906
30705681
30692037
30789744
22755221
30667899
30726641
30672598
30711543
30699241
30701799
22967463
30600248
30660645
30632547
31215469
30670706
30725443
25269074
30685854
30653006
30749267
30633108
30888522
23050493
30644090
30748403
30765516
30684448
30717426
23348224
30619865
30713516
30656336
30669885
30702721
30645671
30667834
29908456
30714417
30634094
30720092
30658498
30719424
21874434
30616982
30594117
30683081
30808628
31382575
30679277
30716966
30651691
26282046
30687321
30683259
30712285
30675923
30679877
30701678
30655553
27539073
30730989
30693824
30687492
30652066
30706142
30711292
21708435
30799984
30715119
30715114
30678026
30580510
30815459
19528599
30687911
30666517
30709230
31634726
30724123
30747125
30875850
30733432
22993159
30680237
30704999
30721154
30730054
30769499
30653173
30675592
20570788
30681864
30684048
30791408
30658073
30687392
30639152
30635911
21696081
30635215
30752453
30646579
30637918
30723584
31343000
30670796
30727925
24465004
30678948
30682385
30667371
30696419
30724026
30659984
30696841
30660924
30188265
30671516
30696386
30707035
30651933
30708506
30688466
30659779
29000425
30638519
30614655
30694401
30682999
30861196
30714593
30601713
30783444
30697359
30681060
30748243
30691394
30810075
30704008
27364360
30697966
30621055
30725403
30720940
30634581
30736717
26745214
30741921
30628968
30582531
30818721
30679867
20576726
30643385
30651521
30689735
30780210
30669959
30589566
30690410
19334916
30594439
30660330
30619639
30708801
30624911
30669706
30699508
30722027
21980347
30606380
30587183
30647144
30702295
30690172
30730985
30638717
30740255
30730683
25904514
30692805
30721172
30726120
30677824
30659592
30679833
31259925
30698246
22904613
30677769
30740273
30618969
30697852
30797573
30584270
30641528
30681639
30829501
26576503
30689063
30661077
30694515
30696013
30719042
30662388
30637217
30674522
25307896
30661431
30660701
30767654
30793179
30721283
30627493
30650044
30639911
27039780
30681715
30679372
30629429
30676942
30715808
30706472
30734683
30757450
24761215
30597521
30649755
30659550
30720451
30711075
30683337
30712588
30687499
25493639
30614368
30654924
30666279
30715424
30673319
30809264
30711652
21250706
30616812
30662083
30637690
30700532
31514151
30664324
30647865
30689779
28541282
46399944
30393602
30476847
30425366
30472438
30500410
22301078
30321536
30391228
30370471
30393718
30444688
30392826
30372821
26631534
30436140
30445016
30423211
30426129
30396991
30437407
26008894
30339486
30513300
30348313
30401422
30451226
30414528
28686653
30390117
30422460
30439947
30403829
30464604
24400337
46545857
30402258
30502804
31050021
30409119
23983650
30411886
30429621
30368343
30440842
30469676
24052394
30403068
30406753
30431622
30448493
30460436
32266845
23794094
30407433
30478832
30413866
30504290
30410678
30465111
30444339
30457944
27430133
30370038
30462690
30438568
30535482
30421613
30417730
30459527
30422646
23496808
30384085
30456269
30489170
30472875
30461815
30454273
30474032
30442756
30736590
26094703
30527058
30480457
30419002
30404002
30437931
30516582
30376524
30446175
24787363
30459533
30413825
30458863
30480750
30440860
30401586
31327589
30426282
26997322
30432323
30437002
30421333
30484472
30480138
30500867
30441862
25205334
30410421
30423642
30539639
30464658
30408251
30445354
30471368
24970652
30430010
30457618
30423488
30441429
30541388
30465471
30500804
29551697
30489124
30462779
30589219
30436640
30488642
30453146
26270902
30403080
30444236
30379880
30567061
30717866
30396275
27087183
30466517
29130248
29165992
30356184
30518364
22923518
30413983
30470038
30434698
30401552
30474482
30340144
28681108
30456393
30351006
30364295
30363744
30439127
27854527
30464791
30401018
30451168
30404806
22924953
30326875
30411717
30370767
30476762
30502339
25811899
30397989
30431739
30441762
30535979
25051806
30436526
30468818
30414305
30478844
30378894
21307157
30392328
30444462
30434206
31070476
30471782
30412728
30389975
24581793
30548826
30470608
30464238
30484730
30475189
30423561
30479897
30463904
23935638
30403328
30426213
30520021
30492980
30589215
30427119
30456602
30409195
30816419
42194770
27201191
30446013
30416073
30426397
30453666
30515715
30488564
30529079
30419435
35531833
23986961
30381806
30424433
30423635
30430388
30451496
30479437
30432616
30438275
30903628
23873696
30391580
30344104
29121800
29129071
31284918
30436969
30445173
30440357
30570866
26269102
30391758
30399964
30399870
30437562
30441506
30456724
30422342
30396044
25207634
30423267
30457513
30525175
30436891
30474049
30496658
30422422
30398789
27284816
30399162
30424259
30413108
30448522
31007637
30422191
30496059
25708141
30441237
30482895
30406547
30404562
30389019
30448284
30388800
26185280
30398666
30384703
30367414
30392460
30491466
30420544
30446165
30284795
30376191
30423933
30411291
30373964
30448262
30555050
27022084
30336323
30445846
30482103
30531817
30412169
30480351
28323040
30395783
30446788
30411191
30421972
30483355
24607135
30408120
30409591
30359245
30488486
30434480
30405333
30078658
30444620
30449080
30423511
30452869
30417548
29990514
30562350
30428140
30431891
30406855
23111453
30410862
30389951
30460886
30485221
30464328
26726828
30447163
30440384
30445688
30410856
24974547
30452771
30420090
30533170
30734488
24799728
30397525
30409773
30395192
30438732
30379961
25325108
30462097
30363186
30397140
30451166
30470005
30367780
23245081
30459422
30434684
30485607
30455960
30407782
30474488
30473475
30395073
25347382
30372138
30434049
30398998
30418386
30405493
30402300
30411931
30460071
32097321
23132594
30402967
30427652
30365255
30429956
30419245
30440198
30428370
30364566
30448274
22733702
30373215
30419042
30416964
30438986
30418915
30558648
30440596
30463842
30422742
26208331
30475084
30410688
30338897
30392367
30525754
30449464
30461031
30402972
26126354
30416318
30414013
30563743
30490684
30510289
30419090
30437495
22409298
30354362
30446509
53195694
30457188
30430562
30496839
30488883
30427707
30460942
37324048
26538949
31051727
30466940
30713637
30462458
30417064
30508155
30460259
30481883
34288553
27253233
30510331
30442582
30403959
30417147
30454439
30462297
30463153
30536583
25023499
30404228
30409457
30433351
30448048
30791574
30474908
30395195
31030425
24595681
30420091
30403766
30718721
30447400
30493553
30474222
30402279
30457658
27963032
30433118
30453342
30443326
30432867
30453360
30482497
30482867
26484502
30405237
30367562
30401369
30430174
30505728
30477366
30403406
29104359
30418064
30465747
30453331
30452131
30418193
30400268
24986814
30463966
30444544
30436324
30529577
30410218
30499913
24259958
30505695
30412997
30423291
30403265
30432113
30463195
25445127
30436571
30458016
30462736
30452026
30394340
22866121
30523073
30429411
30429542
30424961
30450155
30415735
30439222
23923361
30377240
30377058
30369813
30443898
30399851
30392989
30393293
30394686
30729980
30466740
30432706
30417118
30499648
31087198
30431831
30375373
30449297
22938516
30379960
30418282
30412026
30590675
30457342
30390202
30443088
30481782
26257929
30459787
30478947
30438502
30408191
30496097
30458244
30458224
25066838
30394435
30497660
30489466
30520875
30556140
30438497
30400322
27057447
30415855
30366426
31055077
30404820
30455966
30506112
24484009
30429361
30423581
30424173
30389458
30438078
30496202
24497271
30510068
30395980
30454911
30474293
30516386
30562381
25786408
30395042
30430288
30418760
30416354
30440636
30530412
30606448
24647344
30282876
30525285
30490480
30451146
30462008
30433062
30575702
30474938
32812735
28066457
30467970
30427852
30445575
30372204
30608575
30424044
30399411
30485155
25950201
30440322
30672930
30399959
30409444
30488030
30463264
30458155
30446608
27224609
30454520
30409420
37959851
30421810
30451216
30456835
30434193
24666294
30708386
30425395
30453204
30505056
30443978
30494416
30374225
24411362
30496050
30398698
30450009
30441251
30438433
30431386
30391659
26851003
30487073
30417320
30483682
30455750
30491483
30439450
25374159
30378835
30406562
30446253
30419219
30464977
30590938
24770294
30470652
30498516
30446514
30422300
30490561
30440551
27078699
30450871
30449621
30440855
30494993
30424080
22698223
30457767
30516290
30448885
30510570
30476755
30442526
30413228
26425344
30454807
30433304
30428465
30446024
30415351
30430196
23632279
30451362
30405422
30475779
30482471
30416933
30433891
24945916
30541728
30490798
30387771
30448245
30447706
30384222
28068966
30428776
30434875
30431165
30452986
30488437
23701903
30424522
30453147
30489051
30484084
30470936
30429017
30484397
28859065
30431295
30401023
30393855
30447315
30387831
30394724
24832650
30412580
30614428
30504782
30411706
30437170
30457291
30374845
30422362
28691981
30426522
30445443
30496930
30453506
30450218
30466086
30469693
24103898
30417442
30460000
30471377
30395571
30440950
30424477
30454193
24833683
30464552
30431840
30447340
30400384
30418446
30435068
21522406
30426982
30382109
30362600
30563526
30467260
30432217
30438460
30482946
22090650
30397830
30408088
30421353
30423073
30443289
30370260
30372360
30433777
25300595
30413850
30345991
30424497
30480888
30442844
30474777
30448613
23901599
30433335
30416354
30416829
30434033
30439472
30461811
30466479
24163837
30503884
30507684
30457966
30424049
30454689
30441440
30425324
27538009
30515261
30417505
30404174
30400883
30467311
30599145
25684428
38068041
30510837
30459691
30463779
30453953
30395084
26653208
30342333
30420775
30531133
30426120
30480168
22355430
30416538
30385515
30382560
30475306
30400180
30408495
30407264
23337344
30383407
30357584
29172108
29149069
29127788
29097817
29201115
29217576
29182861
27071194
30381431
30440682
30492491
30729335
30493511
30456869
30375802
30464938
26932872
30403398
30477370
30460693
30364958
30467217
30458989
30484864
22201519
30411978
30362786
30401829
30446617
30443257
30789903
30424964
30451849
28869840
30499269
30458302
30449611
30503759
30455693
30456021
22225341
30411244
30429117
30454387
30471353
30461004
30409355
30495422
25635101
30403177
30431847
30478370
30441576
30428362
30483353
24424755
30415840
30462664
30391665
30332833
30411835
30513258
25103684
30362355
30421988
30474865
30433322
30441269
23063908
30361275
30424784
30394550
30417148
30441615
30469984
27402355
30415976
30466593
30439066
30458180
30406266
27650820
30405444
30428182
30471442
30405662
20969962
46524477
30559355
30614104
30462949
30579040
26224921
30478640
30497419
30535986
30514213
30539055
21142789
30457329
30481203
30498861
30593236
30482186
30486249
30481906
21978179
30495082
30512905
30493297
30467643
30482060
30558022
30531853
30483570
22934471
30493428
30480584
30487050
30549195
30539419
30544257
30460773
30501258
23100035
30461046
30521018
30499489
30517849
30478575
30488721
30509418
30525452
31044577
40668847
24219318
30480055
30464061
30547165
30573764
30532320
30537666
30518977
30555055
31109794
42712651
24858345
30472460
30469889
30537360
30541177
30510930
30499335
30510740
30557986
31921029
23553902
30451633
30532998
30547058
30550193
30470780
30493464
30527453
30535877
30804717
23152015
30454780
30505393
30791775
30552958
30483911
30566946
30525702
30422511
31027007
39945977
43209689
24887939
30469375
30509179
30567121
30547604
30645593
30552770
30544290
30546841
31007272
42900001
22103858
30475355
30484099
30453734
30530092
30530743
30530784
30513584
30599395
30547124
38892659
24155929
30668961
30521477
30484417
30561114
30518915
30488713
30488231
30556146
31169858
40654299
30146379
30506602
30484064
30501084
30502595
30480767
30534673
31154795
30659072
23315218
30479615
30554718
30496881
30581737
30535491
30478537
30521460
30549534
31236113
27477049
30558606
30656132
30547428
30559840
30556862
30571807
30658563
30556170
29218821
30544778
30468247
30571878
30566234
30522095
30594817
30554936
24768150
30611050
30546877
30552937
30506659
30481033
30629539
30530537
24104176
30501584
32163087
30500809
30578252
30582689
30515328
30554566
25432359
30447155
30496492
30516977
30503411
30521713
30641681
23931567
30499441
30447005
30474482
30555690
30558401
30544886
22579902
30430156
30526838
30544402
30583935
30508035
30527366
25267098
30510515
30546499
31117667
30560479
30496193
30544664
29488347
31119113
30653288
30523690
30518140
30514644
27002631
30527962
30548835
30512909
30511086
39629870
28943165
30553397
30544237
30651906
30508697
24554441
30464366
30528104
30527593
30603111
30513526
29342352
30596374
30538128
30597675
30580135
26953697
30511161
30555221
30541968
30591574
30545194
25859210
30449257
30479275
30468821
30511440
30572326
30514164
22966287
30546984
30479502
30530407
30541564
30515448
30558933
30532135
30607660
24127605
30487606
30496889
30486576
30534744
31288980
30521297
30517984
30562895
31087147
42617755
26233755
30499980
30506931
30442089
30519077
30618913
30533987
30464484
30517920
48657333
25244747
30494317
30527016
30554708
30546997
30581399
30509226
30516711
30527500
32672226
27459041
30500506
30520677
30529662
30496024
30571839
30539528
30520682
30499028
25874114
30511635
30563139
30552848
30555618
30556506
30504770
30482387
30512169
27048840
30581641
30500415
30696368
30546033
30515324
30530650
30493200
24318793
30453328
30493536
30575746
30528992
30532915
30633326
31164331
25667519
30447886
30548537
30592294
30565601
30516042
30537450
30567379
26509880
30530757
30523320
30548005
30450700
30579334
30542087
31466314
30554139
24956289
30499615
30532270
30775319
30533920
30539397
30505229
30544210
30545169
32561346
43743671
25237613
30508417
30533060
30504346
30652743
30537640
30492092
30444966
30536544
33056150
22188200
30423840
30424859
30512042
30538206
30801577
30535857
30576750
30517426
30497428
23044051
30462660
30509606
30460902
30563941
30530702
30530835
30531980
30653208
30888432
39035539
23224172
30490209
30511273
30493107
30543203
30516155
30491824
30507846
30504195
31178738
39138851
23649761
30491221
30521619
30466454
30546224
30567042
30546473
30683706
30559872
32600586
39688552
26903834
30503161
30515142
30538744
30521461
30551585
30509278
30476822
30534720
35276027
27029685
30481255
30564806
30561335
30501409
31078598
30507912
30493088
30542248
24696408
30433900
30512148
30465993
31203173
30571001
30821141
30492344
30604892
23811029
30472562
30487862
30497244
30556164
30629913
30570305
30501931
30575453
25845990
30479877
30494288
30495429
30478573
30508604
30567884
30514637
24700600
30498457
30523842
30519824
30553800
30497633
30529171
30495933
25991935
30538219
30543015
30513672
30704881
32540627
30530416
30452006
30249446
30466726
30499228
30551075
30502889
30588834
30555809
27355117
30565171
30433981
30533313
30461071
30479193
30502659
30215287
30471186
30578484
30506964
30570062
30688542
25317313
46438561
30382013
30340458
30349284
30290040
23586188
30362418
30356639
30330409
30295991
30345969
23676725
30323849
30352131
30335600
30413731
30385653
25085895
30362123
30388198
30488904
30355164
22393342
30332942
30333456
30274672
30350153
30419095
30339040
25053322
30410848
30361286
30312780
30474751
30454815
30389425
30407953
26328444
30388226
30413407
30389395
30343934
30346020
30362749
30348550
30361727
24234498
30331394
30323667
30315438
30369965
30337405
30342789
30330758
30431314
24530159
30356327
30521551
30396107
30449966
30485375
30438073
30516551
30426662
26806196
30401164
30403851
30427040
30450086
30390602
30453909
30327519
25290369
30349389
30442484
30521838
30524168
30425308
30428773
30415362
30565124
33202709
26771099
30455136
30407813
30458388
30400188
30453059
30480354
30392822
30412641
35299286
43745706
43411911
29965653
30343298
30381873
30565946
30426624
30385471
30474993
30456991
30405245
38388802
43747421
26918809
30373567
30369786
30389227
30424697
30514831
30410953
30400668
30412332
35350318
30322057
38228820
34502689
30352016
30484959
30407015
30408864
30374731
30425837
30527121
38799497
28301071
30443893
30404487
30359864
31037321
30473876
30403622
30397715
30400351
22548604
30398535
30434662
30465615
30443089
30554181
30489712
30452851
30476906
31110094
27529350
30417353
30361251
30465255
30447273
30474873
30506480
30456868
30436166
30407126
30409637
30454604
31911221
30405279
30399513
30477549
30564988
25210164
30447692
30539886
30454557
30437046
30425905
30505302
30445827
24878512
30357589
30572224
30506626
30469615
30449289
30446397
30445927
30483311
32581719
27458266
30455513
30427998
30453055
30354647
30495990
30459728
30465966
30437729
36368575
43797857
26462455
30389115
30520148
30413933
30419679
30521017
30413553
30431763
30456396
35081763
32011415
30431136
30434675
31276268
30444228
30492755
30437377
30487497
30368862
31074258
20737632
30419544
30389882
30475313
30459462
30458483
30438133
30444305
30505312
30468660
24066323
30384663
30525810
30770934
30423251
30421044
30418744
30451640
30443228
23100614
30550235
30419862
30467602
30413993
30411027
30466804
30429923
30439002
24458284
30429325
30426667
30430684
30377124
30407878
30438075
30396300
22707514
30337555
30385954
30389733
30438055
30417257
30391931
30422196
30437100
30457918
38817804
30374630
30378300
30403262
30535927
30437329
30435417
30424829
30448508
30461327
24989990
32559669
30453635
30510813
30450342
30502513
30564560
30402197
30443695
24000820
30421792
30500867
30436217
30524711
30442089
30410667
30454589
30451826
29569197
30391040
30406207
30486655
30406072
30428828
30489322
31041849
24546457
30425253
30441929
30381799
30475280
30428235
30394444
30403620
24188612
30409542
30422769
30414677
30417284
30481189
30424575
30447575
26950534
30396361
30432766
30427634
30386460
30478402
30450079
30421490
30419633
26501235
30465032
30378020
30415221
30415409
30475591
30400231
30423060
30387418
34668401
24963560
30404272
30434803
30431071
30507322
30470391
30418200
30446896
30447535
32710018
27533135
30457262
30420878
30483748
30365955
30496840
30556960
30588564
30552579
25512986
30496990
30449857
31406011
30421129
30404575
30428889
30440478
30443942
41743749
30529028
30521921
30463753
30453595
30555866
30555448
30537166
24417542
30492766
44181389
30525155
30631646
30583700
30505118
30562150
23621521
30603275
30604037
30535757
30525707
30476040
30506833
30534617
26347743
30516029
36207437
30517492
30513658
30516130
30500409
24220946
30546937
30527351
30478769
30525520
30507893
30494134
25030056
30531959
30517430
30468946
49948437
30535944
30556968
26684806
30438284
30460384
30533557
30501215
30492984
24127687
30484882
30531693
30527070
30561717
30449152
24777952
30464491
30548280
30472738
30527591
30509646
24815117
30507601
30512202
30567821
30634012
30565622
28595272
30492959
30485989
30599175
30537077
25353011
30456716
30498361
30517635
30510340
30510655
23305155
30469005
30527950
30707822
30554946
30502117
30486902
30528602
27372549
32419000
30571242
30642986
30575297
30612899
30612741
30580677
30596804
25587266
30606404
30686344
30588950
30642188
30620395
30589137
30722830
30604002
26518143
30574174
30631457
30623557
30537791
30571422
30576186
30614948
24622786
30559083
30581688
30654730
31284340
30638443
30635337
30654835
24599539
30532244
30539757
30552233
30654071
30570411
30613077
30599232
26336853
30600641
#end
