#729a2951|blade-1-m620|jdom@54ed0cc8b7e8deffd5e088305ca7723dc0bd963c:org.jdom2.Verifier#checkCharacterData(String)[generators@bcfe6d43107430b2604e2e34b9151742941652e0:cz.cuni.mff.spl.casestudy.generators.ParseFileGenerator('MQ==')]()
#date=May 5, 2015 9:19:43 PM
#warmup=1
#count=3892
#begin
24214985
47395007
25913361
33939057
30423320
26003767
33883232
30404632
25758208
34074949
30428450
31103163
30412562
30401758
25850188
33875867
30463102
31081292
30415611
30416708
25942916
33810855
42971791
30546855
46553231
30387110
33483350
30670038
30408148
30441609
30438504
30432664
25900514
33858976
30395864
30437606
30430242
30424122
30418869
30353418
30331535
30385207
30491784
30458070
26363802
33745490
30296369
30418191
30263013
30461015
30400212
30383464
30423888
30421574
30356282
30389289
30369815
30418649
30336625
30479755
29935376
30480733
30452706
30375885
30515472
31732157
30387242
30475724
30717871
30428715
36322300
30385180
30445491
30499079
30484797
23435535
30478155
30449578
31371163
30458093
30433525
30460029
30457773
30390122
30417883
30475073
30467786
30568817
30465034
30441718
30408129
26178045
30499787
30427793
30467611
30462593
30624240
30468635
30400473
30463824
30454997
30558557
30487915
30393089
30478469
30433044
26908270
30469972
30397483
30435844
30418865
30440892
51008806
30423204
30394656
30432985
30453768
30462100
30480162
30455844
24095085
30426362
30419444
30406580
30446522
31683848
30419717
30420954
30447206
30754149
30446675
30514066
30464097
20046400
30426351
30446904
30437591
30454135
30466389
30459853
30492588
30442365
30420976
30429514
30418711
30459131
21021476
30520688
30488899
30466253
30507319
30431373
30420326
30440613
30487233
30456997
30439957
30441571
30496522
29040411
30471357
30419344
43254463
30462496
30476124
30405864
32523670
30429813
30413306
30488744
23717461
30418877
30468502
30434458
30525728
30490853
30382625
30407962
33166536
30442128
30567977
19596057
30432308
30414793
30466604
30628019
30510408
30442133
30461589
30469526
30448628
30451711
23265718
30438537
30402397
30436583
30445495
30451833
30433822
30418253
30517711
30424575
21736446
30730191
30401975
30420266
30443134
30444122
30442986
30414034
30414855
30451388
25126909
30456771
30663388
30511966
30459533
30446047
30489373
30544646
30449815
22973993
30477771
30457474
30417464
30449780
30525484
30481168
30451082
30462398
25153678
30510996
30487508
30495938
30459582
30442086
30493464
43389938
21443349
30389811
30393275
30441320
30445531
30561295
30497398
30410448
21422048
30443921
30452029
30429071
30473531
30446631
30459553
30410365
24914171
30523935
30425128
30403687
30411031
30427542
30456173
27384028
30466022
30477144
30377875
30452338
30481216
30372805
22565810
46742395
30539097
30463229
30430913
30659702
30570126
26043120
30593064
39759644
30529599
30515624
30542917
22589753
30572135
30532953
30513830
30524747
30551168
21941409
30493660
30513520
30508928
30478400
30552257
23712025
30522003
30570244
30473764
30516011
30547569
46235651
21746706
30507524
30514044
30545624
30571310
30538489
30579753
22281854
30507010
30480692
30501553
30674737
30510969
30522038
30566109
30460882
26019151
30691086
30603849
30630368
30603633
30617039
30578730
30666367
23287691
30749619
30707934
30656323
30675979
30634945
30661653
31258466
24462337
30692896
30699241
30667921
30685786
30604120
30643925
19693308
44694240
30617426
30735510
30626355
30625802
30631517
30648362
29174182
30631826
30652839
30779246
30634688
30727241
19027248
30657947
30750221
30516080
30647184
30590833
30606086
25646156
30659297
30645771
30630074
30598126
30637041
30634262
30625573
23824606
30625648
30658219
30578042
30608858
30581364
30640099
30664001
29284247
30605399
30694101
30633179
30642359
30603859
30594206
25002043
30645395
30681921
30677468
30654999
30629223
30651435
25914828
30636353
30604033
30621617
30662998
31294411
19224083
30682943
30619266
30665519
30574868
30579047
30633017
25990116
30669024
30697149
30647012
30667382
30642385
25515411
30651650
30661435
30616588
30632779
30655800
28870854
30658317
30644315
30641906
30636551
22296593
30654141
30694412
30651008
30609490
30641135
30587554
25383658
30595695
30622312
30608337
30652820
30641377
30645704
30581600
24233931
30653357
30676508
30607720
30665021
30679861
30653161
30732870
27425298
30509384
30558277
30598821
30573390
30535664
30548008
30641620
30562618
23366269
30568219
30530248
30553977
30529515
30549851
30554073
30537879
30637608
30662888
30538961
21427441
30567055
30518090
30507939
30544213
30593690
30508271
30641023
30508569
30515596
30548551
22658701
30735723
30505724
30478186
30551399
30545132
30720361
30588177
30554751
30616166
19581281
30523377
30577786
30594855
30673199
30521557
30573866
30564963
30532417
30514705
30500075
30724399
30534424
26327438
30557484
30528064
30550030
30590857
30479415
30587153
30617694
30481915
30569593
30535825
30474991
30493001
26320186
30552669
30554892
30518543
30574441
30614922
30541060
30556660
30565218
30570286
30523161
30583322
22397964
30555754
30546195
30511453
30556577
30555267
30580937
30520674
30537400
30551079
30526393
30522099
24126172
30567464
30570409
30544459
30592735
30617609
30526022
30555208
30589335
30516198
30569329
21888083
30590386
30625482
30580853
30484526
30542349
30548729
30542124
30583890
30583144
30541039
24157471
30594284
30597117
30547191
30569235
30717774
30659592
30544734
30560878
30560986
22202747
30608566
30550262
30508949
30541680
30582968
30582851
30530549
30476770
30516573
24458551
30539181
30555087
30523440
30502727
30565544
30562411
30528344
30603584
21593451
30537613
30719786
30711264
30478246
32633689
30592181
30586575
30580504
22803659
30540953
30586217
30596744
30581330
30558084
30561239
30556493
30539817
30018823
30578211
30534333
30550859
30604831
30559453
30603677
30639002
28361537
30543066
30468844
30526858
30551844
30620435
30492964
20536421
30879599
30515218
30525548
30570606
30579443
30573195
30526195
26845552
30518318
30576152
30716069
30566415
30533586
30553555
26573529
30630337
30521115
30518746
30526048
30589342
19192298
30540104
30500601
30598459
30552259
30548024
30571461
30542755
18945969
30510026
30540951
30538508
30556653
30709614
30580941
30462530
30631773
30855688
22174920
30575248
30534448
30504675
30557792
30510371
30532546
30540110
30518530
20104099
30486515
30595776
30599767
30556502
30589301
30573129
30568212
30494894
30505404
30501911
19349013
46517804
30423895
30489540
30523467
30442820
30439300
30492760
30552862
30457764
30423130
23629739
30439509
30563124
30425598
30453166
30486997
30432485
30463886
30479239
30436816
30470671
30459771
25186572
30427017
30427642
30436986
30415960
30410492
30443762
30515193
30425124
30477789
30378775
22167805
30431404
30381439
30495113
30556441
30499555
30458620
30426391
30444335
30442212
30478024
23889943
30465577
30496986
30476467
30498851
30452344
30489126
30428571
30579233
30447372
21932470
30406687
30421466
30416918
30455089
30438046
30523710
30441737
30422762
30464504
23738690
30511861
30459599
30378060
30445142
30432507
30451891
30447853
30483229
19770972
30404790
30431802
30479102
30449467
30602157
30422507
32550121
30438660
20897133
30556208
31052628
30452031
30588226
30510029
30441278
30451627
30437453
30623665
32445578
30398573
30419985
30409453
30382224
30429813
30329705
24228313
30565627
30469473
30448053
30517735
30454942
45233567
30415466
27310602
30384414
30412206
30519422
30419627
31050629
30381142
23028139
30383847
30484097
30416064
30375802
30659198
30392504
22519684
30386132
30405476
30398835
30397922
30438168
30469575
25218080
30441380
30443740
30352760
30413769
31057756
20553115
30373053
30578331
30444381
30443664
30398839
19446073
30369735
30398513
30370093
30386306
30465118
23132319
30405836
30484631
30402893
30511842
30369967
24103785
46686177
30575726
30587246
30563160
20434915
30490884
30593888
30563938
30577048
18854389
30546328
30549004
30544944
30565803
30593472
30540155
29242426
30524253
30547004
30553385
30632022
30592804
30322709
30586634
30564266
30538555
30609869
22708177
32353546
30529982
30431020
30449957
30569909
29998221
30421950
30411609
30431224
30555891
26796868
30472365
30469558
30524213
30583790
30458522
24913945
30442580
30469138
30379249
30419543
30454184
25972790
30452218
30475017
30490550
30454497
19450073
30405013
30453400
30480175
30421380
30439237
30440293
22022756
30411155
30473695
30600107
30486796
30463446
30503244
27687168
30545586
30449295
30476253
30430891
30440477
25480842
30424791
30522378
30456711
30455015
30451373
26304900
30458616
30603296
30447843
30430097
19959504
30408184
30539966
30515498
30502267
30739615
30405967
22317706
30451700
30444467
30420377
30446472
30463289
30457928
30407047
21042191
30449864
30497461
30460898
30531382
30459495
30447204
30500657
23414208
30448722
30485243
30459793
30479348
30409194
30468550
19256998
30420702
30417064
30473696
30512946
30470884
30435978
30530199
30484440
20786972
30492113
30423538
30473040
30515244
30581281
30489529
30493170
30430222
30471087
24382753
30409191
30487897
30424879
30417095
34311820
30446071
30444253
30587213
22898905
30463448
30484336
30433053
30442405
30438075
30462982
30408424
30468573
25355893
30408213
30433969
32000076
30441370
30443826
30440389
30463208
21979701
30440866
30460531
30441917
30451984
30118087
30518605
30481871
22529944
30465013
30376808
30375948
30376916
31294998
30464964
30607191
26479896
30449846
30467912
30466709
30501383
30485842
30390484
23778412
30387899
30423133
30377224
30450288
31701755
30465601
24610470
30422064
30511278
30496779
32506937
30473913
18263111
30470173
30469513
30468359
30442507
30471729
30567179
25357134
30447915
30511282
30466310
30479697
30488771
25294769
30473282
30437843
30446615
30473549
30473386
28556066
30481037
30494750
30450386
30500687
22428262
30594602
30598633
30496753
30589372
19457492
30575280
30561453
30606231
30589906
19878243
30565695
30515339
30523840
30595378
21117664
30583323
30577710
30559490
30564826
30531795
23155981
30580224
30540806
30549397
30560808
30582455
30563024
23547329
30553598
30587834
30574295
30605288
30561961
30532993
30616684
20558220
30535826
30573255
30523610
30589011
30566299
30549808
30567742
30568438
30563032
24983927
30481717
30623937
30528999
30591364
30556291
30566404
30603508
30620475
19784572
30428090
30505466
29231491
29598106
30635234
30540542
30574673
30596054
30659593
30547384
30540219
26132880
30529220
30567326
30528633
30575708
30574072
30575983
30591260
30631604
30598200
30608853
26329893
30451944
30479182
30420974
30426310
30520483
30434794
30436578
30540173
30466743
22527465
30452260
30445417
30447755
30504666
30424318
30433938
30461627
30467337
30572008
23369825
30479336
30425577
30442712
30557257
30465522
30475588
30509608
30565253
18714059
30396609
30463747
30386187
30452335
30460820
30460373
30459958
30593991
19170965
46415757
30359071
30390273
30377155
30381371
31438851
30392760
30388453
22855025
30363119
30384546
30429788
30416101
30432097
30452362
30393176
21068649
30336140
30415878
30411701
30403129
30467217
30383569
30485462
22611059
30381573
30457575
30392740
30479920
30448190
30449182
30397265
30365922
18200559
30391260
30402279
30443313
30424210
30385715
30400537
30366145
32675763
18981238
30392895
30348491
30347391
30408446
30444999
30458191
30431195
30405456
30411459
30404514
21565317
30476891
30483081
30398506
30479342
30565836
30481310
30486115
30648485
30435823
19016229
30435788
30459129
30654790
30429775
30462951
30452189
30442150
30408166
30386122
21464364
30428549
30446501
30461068
30453037
30459847
30510171
30437055
30615025
30510855
29892421
30411553
30468182
30417353
30500817
30423418
30431555
30465550
19063753
30401296
30457111
31738832
30505007
30486173
30522191
30386747
30450699
24260256
30422762
30420994
30429735
30426682
30449599
30462271
30425228
23334469
30385695
30427064
30337864
31027476
30386574
30361654
30426015
26335646
30436857
30387010
30428993
30377756
30424367
30440545
22594216
30518533
30333751
30425449
30409954
30411782
30550733
22419357
30370214
30432577
30336695
30536828
30452499
30382422
30468267
30415539
29385336
30366880
30416467
30459042
30430859
30575951
30439944
30713259
28003206
30401386
30497926
30412442
30430278
30439216
30416444
20712506
30492247
30442073
30434462
30469803
30493209
30444388
30398442
27115720
30394440
30430910
30369322
30429646
30452873
30472804
26933832
30472518
30486950
30455147
30481777
30465501
20221310
30377334
30419951
30400278
30417099
30457255
30493230
26091305
30481580
30398838
30498215
30442042
30437354
25007926
30459765
30470050
30406013
30406928
30479600
26664252
30385239
30408856
30423933
30455704
20984950
30380068
30399362
30425400
30403911
30427626
28979677
30429960
30419609
30441702
30470193
30431322
23364489
30432240
30624313
30471504
30508160
30453632
30453117
30412114
26807245
30409593
30488159
30422844
30418518
30421553
30390633
30481593
29192025
24205959
29078742
30312486
30517376
30365815
30440346
30461204
30407693
30480119
23206474
32506606
30421422
30391167
30394686
30375952
30461486
30470713
30457540
30452430
30389273
23228786
30431311
30545470
30454497
30441740
30414440
30414908
30448688
30485204
30411311
30408435
23134947
30404457
30420244
30430806
30484546
30458211
30423294
30438913
30410423
30386818
30401222
29864824
30438742
30444068
30414852
30460602
30476791
30406146
30482939
30540906
30403380
29774908
30406021
30431671
30552508
30400432
30475826
30432631
30439592
30535771
22717469
30470958
30450500
30447469
30574093
30451719
30467513
30436385
30393075
21676888
30488225
30419777
30437155
30544174
31068557
30479696
30459052
30445346
24789001
30426011
30315811
30317720
30407678
29202136
30230135
30481539
22043262
30605095
30444813
30430388
30470520
30436762
30534442
30448786
23090007
30444820
30469235
31053775
30402537
30409383
30440495
30425549
28717628
30477647
30398900
30421104
30421952
30447102
30420142
25586139
30359822
30386444
30409209
30467433
30488222
32504204
26826161
30460357
30412334
30414611
30389929
30452780
21351173
30497929
30566864
30536946
30534408
30543286
30520508
30299083
30451891
30556495
30501306
30528662
30551573
30496300
46901287
30644628
30625319
30657457
21293474
30692106
30684846
30594508
30574580
30580035
26573906
32650133
30617157
30627090
30663994
24013101
30695244
30645764
30942870
30623769
23704979
30618846
30640483
30681194
30586906
30816661
24689624
31483722
30686541
30577027
30749451
30629752
30620093
22040452
30657330
30561364
30632581
30556774
30600281
30661702
30653068
30644139
24987738
30674150
30677490
30666448
30621693
30666344
30749414
30636161
30642875
30751543
21154849
30627173
30654790
30627075
30636644
30701615
30671313
30584555
30642530
30554090
30676330
30573608
21530271
30613307
30643241
30659557
30692535
30655659
30656819
30697635
30660375
30635682
30662448
30637986
30867954
26813508
30650902
30666658
30631768
30685844
30636499
30555513
30587561
30674323
30607677
30612373
30598695
22101282
30676782
30691882
30689037
30651917
30626904
30640428
30576173
30614519
30740970
30562784
30573252
23168593
30620266
30637191
30572611
30679010
30865061
30658137
30711295
30741048
30672228
30673155
19970798
30617012
30650446
30671799
30806968
30675837
30618762
30706452
30617221
30749230
30666055
22172373
30669601
30637979
30621133
30651802
30662361
30604191
30614197
30646944
30654943
19674738
30531227
42419772
30558649
30587630
30607540
30584304
30567175
30614633
30527477
21253856
30540528
31179738
30605375
30546024
30690919
45146172
30590768
30592749
30573148
28679282
30576026
30514906
30533789
30557929
30841983
30630475
30598335
30596360
30078705
30504959
30467880
30566017
30534755
30539704
30565097
30535348
23118457
30551726
30521412
30510224
30699786
30576131
30579214
30549207
21966457
30727052
30572395
30544322
30663610
30587535
30592218
30571809
24255607
30499930
30540958
30516382
30560630
30571149
30508632
20654212
30539987
30575607
30593611
30632741
30639280
30580152
19834335
30553935
30546179
30560602
30573389
30565871
30583090
22355842
46484824
30416933
30459062
30567860
30498202
30478084
29429124
30418593
30513645
30398429
30599520
30454987
26308071
30398093
30495693
30510993
30508372
30442589
28616450
30417110
30544644
30447383
30433969
21174552
30467875
30554219
30439427
30447700
30433181
30432464
24303422
31285991
30391062
30411909
30424587
30354382
30411260
30402827
22708190
30383744
30417886
30412391
30453473
30383358
30432624
30392572
30471524
30486608
25549121
30446861
30466475
30582426
30514049
30488293
30409429
30496959
30606302
22915144
30462698
30477329
30479306
30437611
30417373
30446167
30457931
30433444
24392102
30467002
30465559
30439993
30437170
30385980
30431538
30400350
20120596
46361340
30406131
30605877
30437153
30473095
30434257
30393962
20626143
30340820
30336867
30410445
30381783
30394631
30708037
30419124
22668018
30374187
30554857
30369206
30431651
30424971
30430169
19449715
30390612
30410011
30437937
30416304
30582453
30447033
20090787
30405224
30361446
30526962
30478472
30428596
30449857
30472951
30558163
25243908
30454179
30417185
30418652
30600763
30438837
30478094
30478700
30479474
30632934
24282675
30457260
30403148
30430742
30408193
30444956
30480960
30525391
30364333
30446709
30438297
30446397
23518137
30561558
30425209
30443473
30397833
30426433
30452710
30372326
30398182
30428255
30467460
30404436
29885152
30388145
30416691
30467631
30449724
30375689
30410993
30392084
30455610
30427539
30428035
29929773
30388989
30493655
30436135
30504819
30471609
30472278
30447915
30488891
30483867
23406001
30457286
30463678
30459900
30475187
30461789
30411134
30428393
30410976
30466311
23390113
30413593
30448059
30445538
30490469
30403158
30460674
30463153
30483191
30477832
30070201
30432573
30501611
30416240
30477913
30522365
30397790
30437440
30484773
28493573
30573344
30491966
30415068
30411838
30440811
30458276
30468727
20869494
30431409
30415538
30444302
30391583
30439275
30470704
30674052
30388903
29830601
30507322
30385413
30412537
30382940
30428435
30433207
19071278
30373671
30475681
30621959
30415144
30454491
30440262
30584889
23788030
30392002
30491282
30453476
30406234
30574164
30472575
22234820
30996705
30431587
30454860
30436412
30468009
30463870
23331597
30416966
31222716
30392891
30435048
30490886
30425628
29165021
30465505
30432046
30419842
30573472
30467916
24998322
30480759
30475973
30565280
30501789
30490518
25226418
30466906
30413158
30457182
30471264
30465751
29831487
30409673
30439163
30420159
30477329
23415370
30484217
30440075
30483359
30473862
21336978
30388797
30434612
30380535
30430902
21128607
46385047
30374938
30377761
30379011
30416391
21152778
30444105
30508621
30409242
30394152
30391747
30439442
18866636
30432325
30405758
30422265
30365608
30389169
30417758
30454046
30404296
22445448
30415086
30418924
30333935
30393078
30354880
30423809
30396753
30429755
30400226
18345763
30341862
30417848
30412601
30416533
30388553
30458469
30337185
30307571
30374097
30416633
30371975
22700110
30445282
30446784
30436981
30362614
30441821
30375538
30386644
30339484
30343587
30369742
22164980
30360395
30432257
30430026
30413231
30457704
32749079
30462133
30423350
30452010
30405216
26639808
30903661
30556566
30501615
30565204
30517396
30524602
30492389
30557715
30473024
26125202
30560761
30529441
30484373
30664208
30567412
30526297
30487888
31171885
20634779
30502230
30526922
30564668
30550291
30719157
30544760
30579390
30550912
18494061
30616175
30531364
30492687
30523800
30532281
30527908
30519769
30564052
22015479
30432571
30388522
30453195
30463894
30482704
30483117
30490120
30493653
30117942
30498678
30525588
30549455
30597926
30596352
30518777
18827462
46684664
30621439
30753605
30563109
30595486
30596036
30640853
23123749
30624303
30588039
30709135
30666685
30624684
30656963
20920476
30687693
30592515
30575597
30620026
30659016
30716759
30636013
30598152
23863436
30636499
30592026
30656432
30622028
30624624
30579253
30679679
21303742
30629124
30557115
30617097
30651055
30589676
30615620
30716315
22259331
46610077
30505653
30528691
30558611
30546210
30537900
30536722
26685788
30498362
30494535
30611673
30500968
30558764
30583628
25357808
31443615
30588564
30586558
30650841
30642684
30680103
25904920
30608659
30617982
30609842
30632291
30656434
20869454
30537408
30579292
30670839
30679652
31549164
30608201
28551898
30563325
30587572
30716570
30649704
30653698
28792034
30593339
30682683
30568119
30891623
20447926
30588122
30523738
30601566
30569849
30627291
25509305
30743242
30596337
30625299
30669074
23137567
30750841
30610704
30579090
30617838
23082425
30709680
30562464
30585819
30546307
25148063
30787621
30682226
30610042
30641430
30631765
29061448
30631613
30613538
30561353
30590067
22846272
30914543
30657830
30539472
30601961
20207774
38544005
30673679
31449088
30697659
30587848
30653851
27061622
30593603
30661409
30656131
30612506
30626774
30579388
21273902
30663417
30600853
30606483
30616135
30577408
30602744
30590573
30519993
20491690
30614666
30595937
30608421
30638666
30597075
30651593
30577872
30594568
30621000
30661614
26307175
30593769
30562586
30557405
30604657
30652565
30598659
30670670
30699586
30559475
27389736
30650952
30597948
30580044
30579544
30622590
30697403
30596209
30616989
22488900
30577903
30734000
30603480
30603932
30593721
30581549
30583033
30563632
22349104
30741935
30581215
30569204
30606103
30596249
30931565
30615888
30653801
26432007
30574702
30597557
30615666
30616829
30619144
30571996
30618050
23922219
30605320
30761290
30626394
30681801
30620380
30636775
30535986
25664734
30625073
30608177
30622297
30677028
30608544
30591653
21303431
30656746
30574944
30586286
30578763
30598339
30628284
19663473
30515037
30624424
30603571
30629344
30624811
30634783
22214629
30583664
30580521
30608530
30742820
30657561
30600048
30603726
19533917
30617939
30585202
30575366
30729298
30589688
30550328
30602406
30549864
30565742
21890814
30575484
30571033
30891697
30594043
30562931
30604954
30627550
30584793
30665424
23478473
30576278
30644790
30586420
30515388
30584059
29277971
29297427
29295230
20118838
30611219
31681490
30648750
30551978
30582415
30529092
30538824
30544649
20634888
30594815
30556904
30574000
30597177
30678186
30658937
30571644
30565000
25417348
30611710
30581259
30618788
30615979
30571282
30574870
30638821
23773731
30543953
30614302
30557694
30588913
30583440
30508575
30524417
30553260
18137629
30604039
30591361
30555926
30570872
30618298
30595257
30587723
30697786
30571273
21265282
30567167
30540738
30611321
30530668
30169702
30717021
30603891
30723569
30660947
30019358
30641184
30667061
30770083
30670059
30655122
30610359
30678931
19967322
30620715
30635152
30619520
30637523
30787606
30631729
30605264
30543791
29291291
30542677
30665032
30624476
30634617
30635442
30617222
30617486
24071825
30579937
30592922
30562053
30542633
30546619
30595144
30534617
28108382
30604263
36093276
30594594
30583129
30595801
30545487
23651099
30552068
30603715
30533154
30527080
30584715
30541438
23478968
30581759
30499762
30560723
30535986
30496397
30548017
26610053
30574374
30511504
30545692
30542981
30543850
22600686
30581462
30560569
30567477
30571063
30571900
21479679
30403139
30415382
30447462
30527055
30455648
30481549
30436396
29543196
30447929
30441306
30414127
30456840
30453870
30401096
30422300
19825707
30413053
30411157
30397435
30447948
30436414
30474461
30453019
30506406
25709360
30578975
30469642
30453196
30409214
30403006
30494425
30455816
25597371
30525397
30427866
30439950
30498599
30403160
30555637
21998738
30408645
30370134
30400555
30592831
30454357
30493489
30520215
26061620
30495575
30501673
30477338
30552947
30501570
30452415
26153180
46376193
30464258
30561844
30445077
30429704
19441370
30366691
30428030
30512149
32483591
30350171
30457250
26166480
30417618
30431162
30394778
30442422
30490115
25223398
32365186
31600575
30552860
30556240
30838750
27567459
30590293
30551841
30548390
30538197
21723921
30702566
30533548
30522479
30500028
30522564
39857499
30576426
30558971
30646973
30615148
29175595
30608464
30564718
30581350
18841468
30549338
30623768
30584711
30611604
22657295
30581804
30560497
30538653
30549185
30851914
26865616
30510700
30587026
30625681
30600473
30600112
19636306
30525906
30564266
30587874
30602837
30641300
30615392
30612775
22372402
30580544
30613141
30552564
30645874
30603930
30615253
30620979
22056536
46871388
30671950
30659331
30663636
30644815
30615777
30690035
25245793
30625393
30631741
30602904
30576041
30676219
30628159
21956316
30782691
30641606
30602753
30715131
30640817
30618106
30599230
23129065
30621159
30646146
30728495
30661128
30667345
30618944
30645437
30600841
25155147
30656351
30676935
30611630
30684108
30650352
30624660
30641757
21205516
30652810
30623046
30670791
30657193
30684739
30678830
30641703
21044343
30643321
30618866
30618908
30717972
30670319
30654445
30652870
30719001
24374720
30675631
30701041
30688826
30617525
30629166
30586513
31300565
21866970
30646141
30602766
30646718
30629893
30656165
30633517
30655022
23130116
30635134
30703977
30688270
30622261
30618233
30632724
30651204
28947256
30768907
50970503
30608970
30609812
30609511
30600986
25781132
30671657
30746933
30641512
30664183
30629043
30609161
27362373
30654135
30703030
30661104
30643206
30647739
21822656
30682754
30662017
30643670
49022597
30630579
18593375
30710177
30678654
31482624
30618586
30618993
30559438
30563446
24025140
30483377
30603506
30722403
30608868
30581393
30605399
22125080
30529908
30600861
30539646
30619992
48621971
30556350
23544437
30519691
30520406
30508875
30603715
30519272
30547668
30558906
21577808
30580100
30606611
30567437
30666824
30555310
30601351
30488478
30540957
21680885
31186711
30596046
30499777
30532491
30744666
30580707
30603217
30653413
30542571
22899705
30664682
30601449
30572893
30615437
30651204
30594740
30597786
30591449
19179467
30524031
30533202
30497666
30545459
30509904
30505480
30552815
30600846
18634075
30478361
30548177
30639219
30601672
30584860
30535544
30610576
30568702
23366389
30540392
30546115
30571138
30580669
30567356
30552912
30584439
21640768
30575277
30583288
30596472
30605866
30565224
30542057
30598150
23533876
30620062
30590413
30534270
30582006
30542630
30612901
19158597
30537115
30527864
30552957
30528188
30586668
31189518
30548948
29947338
30502302
30515335
30589410
30574501
30542907
20549550
30542937
30537160
30562086
30588320
30694355
30574311
25346340
30426446
30423939
30493677
30509706
30486218
23395900
46486748
30367300
30400573
30529000
30469805
24178025
46497837
30394073
30399841
30390553
30390000
29179161
36230447
30459582
30498802
30486877
30431369
19864640
30401118
30447453
30428149
30406218
30547013
30484962
30453329
30452978
30242792
30366250
30476182
30460231
30421761
30452306
30446939
20765867
30477089
30424366
30446531
30426655
30477591
30441153
30454451
30521180
22360618
30414703
30455476
30629604
30438416
30478891
30487493
31272607
30573173
23852081
31386053
31447338
30497077
30528280
30596273
30487829
30553433
30499701
30482731
30557135
29857501
30474508
30518511
30464927
30488516
30555157
30553942
30483222
30445697
30507280
27290081
30499846
30519919
30514684
30558051
30550751
30543790
30576557
30568877
20917328
30484160
30598879
30485561
30559046
30502700
30551266
30577767
30521427
18519535
46730457
30580189
30584254
30609026
30711788
30634819
30593506
30592686
21300834
31520313
31553909
30597309
30597984
30635419
30638828
30676799
30654622
28883744
30635311
30709479
30736279
30659957
30658221
30596259
30608412
29333587
30680457
30695045
30664370
30635753
30686417
30657852
21863716
30627118
30572793
30729575
30653673
30652710
30645841
18801411
30512329
30607088
30635715
30615411
30600886
30774118
19690604
30577811
30615649
30573651
30614235
30574444
30563459
23366829
30605803
30588033
30639033
30636075
30724961
20063509
30626483
30600884
30639166
30709473
30617544
19609984
30528895
30612699
30647437
30644264
30656363
30661233
30644394
27055562
30631572
30622624
30629471
30577973
30619365
30596469
28956592
30697486
30602959
30605663
30648175
30609702
21547861
30626946
30607663
30628469
30617389
30677717
30590172
30138420
30752239
30677715
30645806
30622691
30621518
29588053
30649662
30662679
30668897
30682517
20346193
30574411
30652160
30576257
30591704
30596113
30613227
20916109
30830183
30638797
30674493
30647826
30611619
30602657
30684537
30635846
29149600
30551015
30602359
30666772
30645342
30599213
30627451
30611779
30304615
30641035
30612823
30592679
30660971
30681650
30669412
22740563
46841274
30610490
30641903
30633715
30658701
30597146
20653679
30734695
30631582
30823694
30617249
30602260
30707459
25324015
30588694
30630905
30618444
30544904
30601897
30629851
25499193
30618500
30552171
30643646
30653475
30616484
22591927
30604466
30610543
30569478
30747645
30610089
22322100
30524231
30626686
30661731
30645533
30630925
24580897
30613093
30787637
30575308
30607668
19753069
30535386
30623299
30615246
30675406
30560761
27918943
30533477
30607991
30634915
30611784
27174798
30628527
30657132
30589493
18477630
30654532
30581191
30602291
30686455
22884730
30660208
30664366
30607820
30578875
30670654
29049123
30610911
30654901
30631935
30602775
30650984
21481707
31303814
30672604
30768177
30634763
30623897
30565959
30668441
23036053
30613581
30673219
30639699
30643553
30644429
30630186
30632482
24458742
30679296
44432040
30616637
30666666
30609253
30646075
30600881
30651606
20690445
30618188
30824241
30584385
30633264
30617622
30631221
30800655
30661819
21972403
30638970
30645660
55507911
30617175
30671010
30642811
30634388
30662973
25057148
30645875
30624628
30547548
30577126
30581999
30600496
30606344
23227935
30661784
30651133
30575397
30617721
30596133
30630746
30671271
25428437
30641844
30618190
30625644
30620149
30688419
30634361
20995927
30596955
30621096
30625595
30642003
30620445
30490780
20005718
30620445
30633992
30614641
30638906
30643886
30648075
22168037
30697242
30675104
30632895
30921512
30666133
30625872
27944569
30689152
30708475
30627617
30644650
30624166
25333749
30615311
30587038
30664551
30670200
30636164
26254676
30651253
30643863
30644842
30681579
19669723
30666845
30651506
30649193
30726468
30604526
25579025
30666786
30677081
30670137
30644512
23647479
30790906
30648224
30611435
30608677
24221756
30636039
30661704
30618697
30613803
27268607
30602394
30681364
30705499
21816394
30622143
30825797
30659673
30649263
30310864
32506178
30604503
30622452
26908454
30714760
30532717
30597531
30571106
27339335
31272944
30634112
30590893
19352644
31380087
30670051
30566635
30558519
30590292
22369242
30750750
30533906
30595026
30564186
30587117
28875491
30553517
30568179
30583859
30664221
30773837
22060620
30611599
30616024
30539305
30601675
30548829
19247093
30592830
30595334
30545065
30617918
30676005
20331230
30581020
30561856
30614126
30630542
30635120
22222004
30552754
30638883
30577335
30631647
30661833
30582757
23540711
30622682
30719297
30612901
30576948
30642132
30696543
30630528
26590955
30590220
30587460
30618941
30626999
30627139
30543798
19448900
30551475
30642006
30598537
30920054
30635043
30576977
30602546
30636000
30576022
27788146
30590297
30588695
30573591
30604409
30595006
30564804
30619261
19417627
30582958
30578697
30573984
30636277
30606560
30605040
30627064
30667753
25069697
30945454
30696775
30591959
30612675
30654078
30592219
30591147
24883827
30558337
30650908
30616601
30582115
30613523
30630800
30601577
30464653
30564653
30616355
30596333
30624799
30598664
30621517
25570892
30549124
30561971
30606551
30586595
30635972
30644904
25813188
30548633
30612021
30619035
30606353
30584230
19094116
30579229
30651139
30622335
30593826
30644762
30601213
25632670
30597981
30807279
30584426
30656291
30599339
24838217
30662457
34676488
31197260
30573905
30577670
26846595
30583199
30558118
30564130
30589431
21297880
30591928
30584901
30588226
30586251
30592262
30605160
24509019
30562500
30614813
30536756
30601722
30584400
30587115
30561342
24682201
30584318
30640043
30545933
31235629
30576335
30614350
30629741
22569763
30575418
30615988
30608282
30641006
30693214
30668185
30635419
20442894
30567353
30551448
30587982
30607320
30580648
30603295
30621986
21694923
30593484
30647150
30646861
30559497
30637384
30610679
30583313
26960588
30588564
30516153
30588533
30620743
30629870
30638984
30552028
30611348
27303842
30583358
30600360
30713646
30574930
30621123
30561613
30602051
21438355
30591146
30602829
30692144
30611840
30649556
30572466
30600729
19860783
30584679
30590877
30604836
30654235
30629695
30611873
32440724
21957079
30592791
30591868
30603026
30618701
30645659
30608273
30590962
26921492
30539363
30604403
30520337
30645136
30547995
30574184
25737343
30629716
30654086
30635362
30693301
30641702
30576044
29267573
30607088
30612428
30761956
30653319
30595066
22921016
30550868
30631720
30596066
30603229
30659610
21165789
30610495
30557551
30604689
30552992
30607456
21833873
30490960
30539559
30580391
30577323
30622475
25733084
30572512
30635337
30593675
30612068
20859152
30589757
30617017
30572562
30606588
19153207
30587701
30573099
30584007
30693259
30607855
30609720
27380969
30544113
30695686
30545456
30508178
30570535
30637092
22502079
30564582
30614766
30584730
30605886
30662763
30619255
30557904
30727247
24371919
30613268
30641435
30592544
30607680
30630857
30617946
30580964
30591008
24706310
30586870
30571944
30603118
30660543
30632189
30621511
30606770
20245182
30521453
30630190
30552975
30623979
30591102
30616360
30602622
30578395
29440842
30595839
30580555
30567000
30637978
30618579
30617487
20293482
30598497
30526120
30564879
30575046
30630773
30619484
30623116
25850599
30571239
30643023
30635595
30611566
30636206
30623284
24948452
30505855
30601634
30574053
30589331
30599953
30613297
27815949
30515085
30493560
30600940
30553201
30618119
22509423
30582441
30614510
30578757
30593820
30642237
20894834
30620730
30598901
30623822
30631452
30619286
21903379
30652085
30615710
30630189
30734155
30664543
25316682
30575182
30615643
30568430
30570119
21529917
30570668
30605290
30598449
30569488
32918378
30571513
26819556
30562895
30598057
30598206
30661581
30632680
24840687
30603973
30580184
30712957
30615204
30636788
25850752
30608797
30728783
30563882
30571413
19379139
30536336
30560264
30548788
30613855
30738575
25341326
30588493
30674052
30660081
30737039
23400735
30612875
30555030
30605046
30733870
30646230
21707492
30581144
30602138
30679535
43444805
30611869
30566406
30641832
27996080
30604462
30591733
30559006
30608703
30642049
30602795
26338738
30579515
30645494
30565587
30665293
30585611
30543342
30468640
30620133
30596095
30550864
30603099
30641941
30585665
23147402
30597187
30561248
30608940
30604561
30585558
30589091
22121378
30612166
30602039
30674761
30622046
30646693
30550623
22177412
30709279
30646124
30538938
30608990
30613095
30576691
30538151
29941746
30556766
30606898
30580015
30640848
30593129
30606099
28416309
30605204
30611922
30645703
30627977
30613769
20001772
30569089
30939793
30649136
30706886
30607205
30619813
25427900
30568537
30606470
30585358
30678490
30597286
23942925
30618730
30582168
30612226
30571528
30717855
27378996
30584598
30620417
30540927
30719057
18258363
30583565
30605108
30614711
30730817
30617055
30604957
21535126
30598880
30642436
30627421
30672138
30610671
30601517
30574551
23104733
30555644
30716910
30640112
30595906
30613385
30590699
30731303
21987756
30579571
30592631
#end
