#729a2951|blade-1-m620|jdom@54ed0cc8b7e8deffd5e088305ca7723dc0bd963c:org.jdom2.Verifier#checkCharacterData(String)[generators@bcfe6d43107430b2604e2e34b9151742941652e0:cz.cuni.mff.spl.casestudy.generators.ParseFileGenerator('MQ==')]()
#date=May 7, 2015 1:01:38 AM
#warmup=1
#count=3857
#begin
38330736
49907277
27130039
35191632
30371451
25943950
35186112
30426351
25932710
35249142
30470255
30785195
30468196
30390033
36671692
46553302
49451038
30502135
32226742
39745967
25960474
33975921
30570866
30464284
30439413
30401193
30402580
30444544
30415748
30504440
30460233
30406544
25449871
30332979
30405149
30395906
30352446
30399160
30554248
30368614
30419866
30386813
30406628
30290046
25630504
30392664
30381058
30409642
30428158
30435824
30336309
30336013
30448255
30458504
32453024
22494895
30567964
30632533
30626726
30594918
30582477
30550769
30607837
30540664
30601715
30647668
23030572
30549502
30546254
30591314
31003901
30570648
30669526
30549274
30592953
30603624
30571342
29448437
30588054
34235341
30599037
35195408
30608747
30595006
30597039
30652732
20240541
31782119
30703424
30628947
30620619
30655557
30566050
30528093
30694239
30667248
25086541
30582747
30609168
31066257
30647654
30655730
30670083
30614699
31749006
25194778
30630090
43991714
30732093
30592705
30587708
30625151
30618502
30750962
30382808
30629037
30695158
30616282
30575549
30608653
30600637
30568045
27095145
30731256
30607161
30642495
30623079
30610226
30646939
30603368
30401831
30727771
30586100
30626671
30588710
30611643
30773934
24428295
30636316
30579820
30542849
30685761
30799803
30629229
25102965
30606012
30625288
49670073
30647275
30644053
31196369
24807456
30614191
30615480
30558782
30618831
47785548
20982298
30580308
31622509
30624584
30653511
30628892
30600311
28033275
30605442
30603197
30537849
30613875
30597064
29646355
30687542
30647236
30742274
30667332
22654717
31861189
30625003
30617390
30604328
31880264
30609139
30640277
28976483
30633069
30620348
30636469
36367851
30601304
30660659
27996392
30599190
30586695
30635651
30585337
30759594
19995158
30578053
30619055
30569308
30599016
30644268
30657589
25940872
30551593
30608068
30532011
30618674
30737234
25018313
30648076
30617326
30672742
30658547
30614186
26447166
30616198
30598776
30633486
30552832
19585257
30605488
30678483
30627655
30692230
30592529
26775267
30649133
30565826
30636084
30640433
25074922
30567738
30652023
30575762
30591763
26466261
30574983
30644107
30604453
20364327
30587017
30617544
30598824
30554875
24829721
30610264
30663448
30626234
22793350
30640824
30687819
30640777
30588706
30653672
29043468
30641897
30688491
30628950
30611702
26544661
30576372
30589390
30604778
30905873
28122258
35791948
30573333
30581293
22538737
30451226
30498021
30613784
30476993
30506230
23656548
30465433
30539653
36966900
30494159
30499058
30401370
24372397
30439446
30513160
30484411
30520453
30482451
30480956
30514264
30520162
29200139
30351567
30408727
30411148
30455558
30423913
30462728
30406668
26102105
31371935
30455129
30444613
30454702
30444808
30450424
51753455
30341209
30383180
30581699
30477237
30422505
31388445
30414044
25151341
30385336
30475205
30461820
30363694
31011558
30379081
23873007
30818626
30503578
30440485
30460314
30466049
30547906
26001005
30395593
30408755
30436693
30337193
30467073
23202636
30364031
30428433
30435404
30469812
30446697
21977107
30341660
30435610
30428149
30442702
30577580
23683707
30397269
30553386
30467626
30465333
31675895
30456650
21871526
30415315
30452322
29797755
30480090
30472596
30443327
30426691
30480504
23636076
30391444
30434306
45002172
30457140
30420240
30462128
30432621
30510628
30468900
30502284
30273517
30384227
30482011
30435186
30484625
30460448
33312069
30459971
30435259
20907801
30379527
30446653
30404397
30430995
30472037
30476501
30393940
30417845
30418309
24479855
31365538
30426208
30573202
30482166
30476315
30490549
30517758
31326345
23847320
30394157
30481393
30490899
30474324
30430025
30402771
30407682
30404920
26740913
30515542
30444624
30407044
30474386
30407267
30593044
30415294
24957312
30381836
30485336
30372853
30457958
30386721
30436437
30457384
25663944
30392604
30470869
31017269
30396184
30462464
30412333
20898416
30354294
30476840
30432328
30428849
30521235
30516789
18614930
30413679
30415361
30443979
30453925
30400099
31557673
24199491
30424458
30453273
30437398
30426533
30600655
30399671
25546944
34343844
30444711
30449819
30511870
30395891
22466712
30369818
30404749
30446618
30451649
30432458
23463398
30395726
30418818
30455355
30514418
30454664
25704005
30392478
30513670
30452342
30494429
21402964
30385399
30545426
30469944
30484673
30602467
30465126
25871029
30299338
30441448
30440769
30393386
46700243
23222406
30331884
30488100
30399164
30481420
30635319
23597163
30403339
30434033
30430964
30511222
30464549
26490097
30360790
30448467
30484446
30451540
22139784
30374307
30352469
30334081
30353089
19822239
30474946
30402271
30395499
30350522
21256124
30493317
30379980
30421824
30375575
30445046
20741052
30333195
30397660
30367471
30438481
30391082
22867518
46303990
30386674
30604418
30440980
30481130
30427106
23857292
30378236
30417389
30538472
30463461
30936065
30415842
30470090
22069392
30388493
30391853
30389586
30465144
30354251
30393959
30367936
23002903
30347376
30370091
30371226
31042332
30509078
30479175
30454819
29695790
30459475
33025279
30417780
30411911
30433600
30384828
26364547
30412617
30429362
30524413
30431973
30460749
30415608
29599604
30383431
30435011
30406987
30391119
30433677
22708152
30332610
30385480
30411929
30490435
30430911
20385249
30382533
30390852
30470725
30448308
30462653
30431760
30344911
25207556
30363356
30410591
30468031
30434311
30404384
30438777
23679293
30351371
30436071
30460076
30471180
30397172
30374127
25474762
30373780
30481144
30477393
30418135
30423121
20560266
30338651
30419951
30475499
30412305
30486118
30433730
30399802
22001601
30380628
31364669
30433691
30382789
30308151
30385760
30462480
30438179
30419658
29668317
30324609
30370588
30433066
30389985
30405793
30408230
30372751
30459326
30300312
30473598
30402946
30399553
30423486
30420600
30453493
30445745
23095835
30342978
30430289
30393012
30464523
30420053
30357931
30471962
21520133
30405430
30579624
30409324
30428921
30466471
30437782
30485493
23463288
30922017
30374547
30446942
30406913
30378882
30443254
19437870
30415842
30369838
31270255
30439891
30463315
30476842
30372080
30233174
30420013
30409811
30469258
30415783
30417639
20808238
30316413
30388320
30423167
30467717
30395255
30534813
26069820
30489170
30572408
30483155
30522410
30500294
24063285
30455232
30518795
31724307
30472404
30490415
25225671
30398500
30526302
30501119
30513286
30539108
30520370
24154436
30414396
30518577
44597784
30525638
30475373
30471928
26899265
30441196
30552089
30567909
30489326
30509162
22147487
30402454
30465354
30564906
30498230
30570675
20424806
30605677
30534124
30591905
30573788
30524424
30640204
30543604
26241300
30491123
30535775
30463011
30509609
30555993
30483133
30496968
30492200
28149449
30477946
30463829
30696764
31685766
30516226
30515282
30451505
30499373
22543961
30437204
30510430
30454886
30472805
30490309
30482204
30457329
30518564
30540160
28597575
30465413
30462558
30545717
30458820
30426593
30544997
30542533
30498910
27056066
31478244
30495318
30578924
30510793
30541288
30449715
30564175
20705885
30388393
30462417
30481104
30493138
30545793
30474313
30470784
30512850
29880117
30446336
30525705
30555568
30550227
30531533
30548215
19634657
30444140
30453949
30484075
30488586
30511235
30564944
30440393
24438418
30432287
30495942
30496262
30513206
30541640
30522284
22808583
30417065
30478985
30538766
30538112
30528060
30543237
24256976
30400660
30514008
30504861
30438877
30510506
18843925
30565751
30582261
30590332
30589689
30700877
30529357
30554393
20722577
46713214
30696561
30609331
31261742
30627988
30590219
30656862
30570410
30652579
26571124
30536429
30560522
30598256
30541449
30571873
30559139
30620742
30567734
26947527
30471551
30600639
30531082
30527769
30503640
30549466
30564026
21214651
30502453
30434909
30551819
30565369
30547724
30519888
30456702
19586405
30528295
30432699
30493290
30491288
30542425
30525353
30535699
21647939
30492585
30535728
30528871
30609700
30538549
30578371
30677142
27316853
30548084
30667953
30592171
30580024
30544315
30610850
30584548
30608653
29177736
30560269
30598765
30562862
30539676
30622725
30564146
30539934
22640563
30513853
30623737
30556619
30543423
30565755
30561888
30537044
21371229
30486598
30530448
30629988
30576954
30495724
30560603
30577186
23739416
30459389
30865856
30538944
30581060
30572824
30571571
19424286
30665481
30536648
30574457
30569182
30573950
30657148
18884794
30485411
30849647
30579675
30519308
30544746
30609582
21985691
30549104
30611784
30644466
30581307
30601826
30658217
27196151
30526297
30596018
30451209
30537388
30555484
25361557
30465362
30531917
30558590
30519113
30521794
26652668
30447349
30504338
30464982
30520121
20654810
30516128
30724108
30572622
30518184
30546542
26544515
30448453
30538199
30544306
30522249
30814348
22194091
30481117
30550325
30519262
30543227
30569524
20428500
31506706
30658165
30556127
30527457
30556307
30538561
30531121
26308498
46364450
30359280
30380824
30462864
32325869
30393864
25637808
30392607
30379824
30379504
30517664
30361293
30404682
29832239
30389348
30498035
30419466
30375320
30415697
23584466
30352820
30378076
30313871
30366153
30397692
22264178
30371003
30384668
30326317
30376429
30350198
23331893
30350903
30387960
30346947
30380362
30447480
30435449
22853096
30376143
30395413
30593857
30405208
30470902
30409460
30381524
30568266
29655984
30449060
30307280
30450494
30476850
30349321
30347209
30340986
27489862
30477894
30556703
30567341
30511599
30525319
30463500
19798830
30496846
30482588
30473848
30489171
30503964
30594776
30542518
26288087
30468066
30514493
30580833
30535042
30501322
30461100
25929079
31742088
30674280
30605127
30506664
30571492
18395420
30477364
30462562
30531173
30655148
30530808
30489108
24337769
30468497
30545026
30563422
30541275
30532102
30553980
30507267
28645288
30535952
30541584
30519663
30537675
30627842
30511528
23748359
30449250
30605499
30515535
30547795
30557362
30557544
23514310
30493244
30540017
30451297
30513795
30642492
30534340
26792852
30508962
30606284
30529068
30566727
30600529
22771876
30468499
30544349
30523367
30570126
30573295
21832948
30469560
30520864
30547177
30606999
30602380
30518958
30496063
29781770
30534948
30492753
30559686
30623606
30681769
30626888
29505904
30490799
30524509
30512270
30516706
30514415
20989703
30501026
30542513
30562091
30611746
30532855
30501788
27266614
30520053
30562902
30584560
30542010
30552955
25975545
30471308
30476979
30621041
30623523
30552802
28684074
30482547
30541971
30480618
30323451
21957162
30484082
30946357
30497574
30542947
30549686
30564754
24578321
30391679
30410842
30427849
30411000
30408555
30404884
30452191
28410301
30385242
30364402
30338002
30399515
30633817
30341923
23414449
30491746
30421721
31002532
30624670
30373371
30477497
23126207
30343118
30335529
30386451
30368949
30367118
30318191
30373412
23783057
30334633
30398309
30337947
30383011
30356267
30366188
30371383
24640950
30345453
30289876
30333935
30377842
30433058
30316153
19120498
30341537
30413048
30398964
30369540
30398533
30646819
30495193
27129707
30364305
30448431
30405498
30557608
30363714
30350784
29705404
46476414
30351981
30385791
30409911
30362704
22355331
30366071
30361957
30660035
30403267
30397965
19365021
30369097
30360896
30349536
30287414
30375282
30307476
30329729
23649867
30313248
30361662
30352613
30330004
30402312
30376181
21860288
30345897
30507375
30388247
30319516
30322991
30361641
23145542
30358852
30324000
30331037
30370145
30383569
30393147
29134514
31365338
30698354
30495572
30587524
30514255
24674355
30473663
30624065
30492191
30526498
30674438
30478340
19430463
30484582
30520488
30558658
30519599
30471948
30480546
30528237
30563829
20709766
30447876
30535364
30461898
30549860
30623193
30561815
30492444
30541035
20144834
30476144
30485904
30522577
30628815
30537430
30522780
30440552
30538710
24085540
30496388
30497549
30513699
30485722
30459647
30501533
30549681
21676794
46570594
51239679
30527784
30549824
30531829
30730108
30587573
23138565
30536613
30590129
30624299
30595506
30653926
30581263
30569659
29987172
30552979
30627033
30742554
31205794
30585595
30588171
26803419
30521688
30626895
30630580
30620323
30602059
30551125
30393922
30542358
30554213
30529853
30581474
30595054
23300296
30533501
30583951
30596911
30704778
30655653
21225087
30522686
30600987
30769135
36796606
30602002
21544099
30572817
30576566
30609157
30649721
30755610
30555908
19963632
30555179
30539299
31162762
30609253
30612023
30554667
21887834
30552731
30548004
30552730
30571121
52081235
30549470
30590645
19806685
30726746
30637939
30538781
30615427
30596379
30504098
30565145
21672081
30521104
30529350
30537250
30595519
30613337
30565128
30612675
19233697
30535484
30557164
30728657
30601008
30593473
30630039
30565782
30551299
26970125
30524402
30744975
30576795
30531344
30580310
30593321
30772441
30121887
30542879
30562538
30611779
30538714
30603727
30561611
23325000
30559602
30581632
30598739
30652024
30871819
30574904
21793025
30491277
30520252
30601235
30605044
30538912
30605508
23374911
30518644
30586038
30533668
30592208
30591364
30577597
29569854
30603339
30523410
30626853
30589147
30579767
25509269
30697340
30651613
30648563
30601409
30620803
25936551
30602062
30617662
30601335
30631114
18567885
30554631
30606035
30542248
30595148
30653193
30620908
20564275
30604320
30623345
30564086
30859153
30624923
30603680
30643824
30674300
30253745
30670799
30650585
30636010
30630617
30605288
30613327
20121905
30608914
30590199
30701635
30577619
30666762
30553071
30602386
25279205
30584506
30639943
30601145
30608548
30593247
30566462
23676533
30543146
30665124
30579687
30566721
30561695
30792821
25912721
30582968
30599775
30674897
30651640
30551015
20797201
30520882
30565981
30507673
30584617
30599002
30586777
30238855
30618181
30645966
30651653
30661936
18592974
46463690
30484771
30503775
30541099
30601321
22226084
30496426
31078750
30551811
30688624
30595503
29236523
30487873
30569248
30547637
30593585
25833972
30486560
30526162
30559093
30529644
26209302
30662424
30626562
30566148
30524833
30574675
26464697
30455344
30523766
30567806
30538324
30493304
30479717
24751392
30526693
30561294
30559388
30523859
30531610
30533072
30532443
23303440
31120116
30597379
30581275
30501755
30533764
30496220
30572159
30575105
27912476
30545810
30541860
30533284
30529911
30669948
30519767
30526782
25275888
30456031
30538924
30555911
30559796
30467409
30508598
30556424
27269763
30486407
30726876
30594526
30508209
31711637
30591308
22414633
30456646
30513822
30647490
30529623
30519775
30581077
21238046
30502413
30532234
30571488
30529788
30571763
30512804
23139237
30453640
30526817
30543010
30556648
30537699
30562593
29634599
30540438
30589576
30542108
30588991
30562935
25920177
30499944
30582814
30603682
30835276
30541877
26574002
30636580
30538778
30571032
30514984
19685623
30464969
30502627
30560970
30551868
30599602
25877674
30496469
30565686
30527218
30497508
23511047
30488055
30504556
30527304
30539049
30535447
22027354
30515568
30465831
30524433
30496353
30596937
30594153
30530315
28055832
30435669
30694413
30571526
30540128
30529480
30592590
18084072
30469475
30552193
30487244
30603562
30523262
30531491
30555361
20540461
30458553
30491315
30507738
30588634
30608526
30529103
48895173
30603546
30667372
26787699
30532573
30616622
30511062
30547588
30492950
30524699
30538781
30569122
27926641
30471571
30525940
30550653
30516893
30588624
30561919
30545444
22172676
30467644
30522264
30553622
30561009
30665646
30593233
30543022
20592873
30524330
30631659
30617603
30563584
30468273
30526574
30508853
30555544
19279771
30460869
30546982
30551931
30671106
30575526
30536413
30574160
30537321
23407082
30461866
30579143
30546775
30509573
30602106
30521787
30574449
19287779
30387039
30384069
30373638
30472844
30563599
30414045
30479715
30465873
19696023
30571607
30404018
30420467
30470948
30350438
30449898
30407634
31068661
24214827
30364151
30415840
30464962
30525299
30437884
30486732
30409259
22918594
30998812
30552811
30441649
30477065
30466789
30459223
30542669
24925688
30358358
30450869
30426262
30555173
30392604
30388355
20668501
30380113
30454893
30397811
30437767
30405909
30400124
19639735
30364155
30421646
30578894
30419470
30375045
30438549
22138648
30436175
30367296
30413779
30401629
30455033
30463258
28180884
30437807
30471680
30465391
30490524
30448924
30462369
19824687
30387477
30466804
30391053
30458426
30438162
30492025
30493519
25589008
30340593
30557599
30514669
30435528
30483070
30453958
24817863
30367342
30404618
30459773
30496482
30457528
30425627
28209485
30343270
30408419
30491979
30449220
30435499
22979980
30353921
30391999
30344420
30395479
30475879
21233553
30436476
30402026
30381493
30404536
30438262
30402144
30608419
27894042
30397085
30454102
30383232
30644677
30469813
30449733
26659384
30448222
30513662
30470829
30470348
30413861
19079814
46282744
30385867
30408218
30402905
30417197
30370231
30423584
30388938
29885730
30354644
30381116
30337660
30338969
30355782
30343393
21205843
30369204
30393801
30486575
30440340
30538695
30401602
30494270
28010540
30365969
30420402
30503393
30410522
30398922
30390998
26997278
30373440
30439335
30479297
30397451
30363105
19445389
30386867
30347783
30424328
30421111
30402979
30474446
25432988
30400657
30439720
30496272
30427048
41940330
23969690
30321656
30376242
30426920
30486297
30580988
25501926
30377608
30438180
30397460
30401651
19398098
30382951
30353233
30382351
30357038
31308000
25845090
30341291
30399169
30353215
30383509
24442089
30546940
30455648
30459494
30436800
30425768
23209673
30306414
30371260
30388302
30416189
30408480
24173421
30361273
30424335
30438135
30405244
30352975
29771051
30345113
30402186
30407222
30339171
24271240
30318471
30392336
30365259
30535735
22992765
46342267
30375024
30388271
30399047
30452573
21502337
30376071
30367326
30388746
30448840
30443417
30435422
30468083
28476764
30364020
30524784
30386995
30408175
30404393
30433786
20850500
30309860
30371063
30442240
30414569
30954963
30399484
30407233
23808248
30434602
30469669
30434517
30491324
30590493
30434740
30495020
30556748
21861491
46417464
30378404
30366944
30304844
30394535
30303440
30515257
30330938
19593845
30386100
30516715
30394136
30434455
30322222
30348042
30479171
30414493
30414519
30413510
19467781
30389699
30360307
30328016
30384458
30564844
30352153
30419404
30454053
30471012
30525517
18369907
30404780
30411902
30407142
30420673
30446302
30370040
30422195
30343011
30437040
30365303
23330284
30340566
30432997
30664200
30374183
30365940
30345558
31633137
30415576
30452340
23173658
30389798
30418731
30285642
30329996
30373773
30349529
30465499
30356280
30421008
28359629
30420993
30567175
30356389
30374591
30345961
30399874
30361904
30404382
26114522
30345609
30363689
30393889
30391651
30400138
32401562
30330973
18887045
30382589
30390800
30382688
30328924
30438119
30311320
30371504
30372393
25999754
30382473
30390724
30400364
30367096
30349100
30369051
30371858
26645923
30410050
30377189
30380877
30342681
30392954
29097398
20951985
30348622
30364466
30378371
30405427
30327224
30405508
18971227
30322690
30441059
30389472
30339409
32362067
30356827
19956274
30356760
30388851
30360005
30352880
30373538
30374961
23665873
30314790
30438424
30344082
30384512
30371451
21169084
30340796
30332427
30452480
30361509
30407293
21055403
30403346
30386449
30519941
30370325
30368378
23312591
30297800
30333958
30318744
30347420
18145886
30366979
30390983
30343654
30414522
30386200
30370048
22774720
30378259
30443844
30399700
30370238
30340334
30517804
30401069
23442470
30377956
30413723
30367805
30406695
30431287
30504915
30340573
30377924
18233187
30337679
30482050
30386498
30381544
30404204
30385269
30305307
30349949
33077503
29927386
46547187
30479137
30477375
30488204
30550577
30583108
30472049
21881056
30598029
30494602
30476141
30469319
30534670
30465236
30432162
19439998
30458816
30476125
31471011
30523586
30622390
30560696
30552057
30475678
30541719
20830865
30451180
30519566
30531042
30508757
30519741
30541529
30510980
30500831
30524637
26396190
30442080
30510978
30462344
30657800
30460330
30510655
30472075
30529352
26635724
30464576
30546669
30511050
30489680
30504329
30462353
30485184
20735076
30425866
30464968
30506566
30483824
30512886
30492591
30461998
18388372
30428124
30560524
30524235
30473004
30537672
30540373
30479324
20979578
30437026
30591959
30501360
30516273
30486764
30450555
30493724
25971328
30480824
30471141
30482435
30570264
30526578
30537631
24701823
30456128
30477269
30512082
30555310
30490199
30506155
26857083
30406263
30453400
30492175
30493208
30509124
21923278
30450795
30470579
30542039
30492089
30473182
30491238
30459053
23683558
30414177
30521373
30533553
30654010
30501530
30535684
19791183
30452598
30439793
30598777
30511259
30504966
30481010
30565784
30428566
30518509
30604219
30618444
30568096
30531749
20768404
30524411
30640027
30596413
30611330
30562390
30744609
25799981
30435556
30502833
30480920
30603119
30479875
23683618
30417562
30546458
30524934
30538234
30556455
30416393
19448920
46609777
30576095
30593175
30624999
30570686
30587193
30534529
30585619
20629868
30501450
30595369
30544184
30683717
30653190
30568706
30605313
30608103
30754376
30561317
26009814
30547115
30513013
30537762
29272644
30701250
30583998
30567094
30616504
30552630
26225820
30528183
30755184
30595803
30622147
30571799
30576648
30915165
30544482
21171869
30563573
30591908
30663628
30560863
30584613
30680650
30611254
30603337
20825328
32607511
30711649
30512718
30638406
30482740
30569315
30611346
30611142
23599497
30654104
30613689
30582293
30575322
30595533
30682297
30566229
21159538
30575362
30612545
30566104
30606930
30604088
30577075
30607819
22292094
30565386
30646938
30578969
30547488
30582144
50793226
30628990
27450862
30577661
30600793
30734456
30594409
30588786
30610797
25340111
30504008
30573510
30618099
30615511
30671652
30511468
27764490
30502995
30605034
30595291
30560064
30637468
21414475
46748307
30600348
30598939
30576157
30594399
18248717
30570261
30650279
30658281
30757376
31278209
19460637
30629216
30644703
30693486
30602487
30627566
21868396
30608170
30585279
30621993
30656514
30627899
27707667
30611172
30552844
31260683
30656615
24909987
30628681
30597284
30661674
30628557
24951037
30571805
30621966
30676794
30717868
30621855
25032331
30714517
30554142
30593170
30611458
30610341
30739443
23142770
30607515
30615951
30576272
30680553
30605084
30639497
30643588
30617916
26861292
30754332
30629659
30584224
30611899
30646101
30724817
30658781
24270113
30587680
30621749
30704168
30648165
30628504
30597783
30596616
25799886
30575142
30661115
30631844
30579214
30588286
30572550
20772122
30547935
30633551
30611639
30642817
31329083
30578273
18803336
30568793
30611919
30571139
30613562
30622553
30614628
22948588
37367560
30650882
30604842
30612808
30632809
30605073
25311484
30599036
30622282
30811792
30666610
30675119
30603922
30625864
26941908
30601127
30559922
31842890
30601824
30630024
30591455
22060185
30769608
30629599
30683249
30577857
30700836
30591452
30653153
30663955
22801350
30611994
30607503
30628719
30638517
30697720
30647195
30628076
30681588
28952839
30577301
30623624
30583297
30723077
30638248
30599574
30579475
26451986
30594249
30625372
30618166
30649194
30615032
30628388
18314938
30586546
30613697
30664111
30575410
30618197
30548968
30536554
30684568
21416304
30749615
30638657
30559435
30647544
30639100
30706519
31850457
30667397
30681974
30215278
30631930
30513697
30524993
30611799
30593468
30575003
30701782
19761757
46551411
30622879
30680750
30537061
30563423
52947835
30562947
30599879
24827843
30509722
30576815
30610794
30669754
30688117
30567404
30562908
30618195
23803255
30513875
30621415
30546584
30563987
30574318
30520874
30588628
30588295
27714170
30556673
30889379
30555834
30552588
30572477
30555917
30542233
24381777
30530375
30550291
30622594
30587704
30604615
30651262
30567004
25497868
30514944
30601492
30575797
30681013
30578568
30486995
20204769
30549413
30569684
30570687
30842454
30601448
30579415
30599519
29849794
30550866
30600321
30621793
30576912
30569575
19246468
30568510
30574148
30534158
30605075
30626026
30624784
23471037
30499716
30609355
30641462
30761709
30616924
25284644
30563246
30572455
30699961
30633426
30628034
21267460
30538578
30563873
30549905
30598558
30627870
30621184
18921407
30540983
30572389
30662463
30621153
30630352
30549992
20636105
30522408
30562235
30558066
30620377
30586317
30752732
24820457
30545302
30617255
30574481
30677093
30553559
22225182
30555590
30516435
30742737
30715879
30596907
22408473
30482088
30599618
30645071
30600157
30623593
24969912
30517668
30639280
30623237
30586639
20628439
30551675
30651574
30562712
30604228
30598874
30567804
24620223
30553970
30692222
30547891
30617813
30585979
22015532
30544366
30509695
30622666
30574689
30556768
30549424
30605678
26687379
37534815
30603568
30615883
30526025
30606062
30594508
24743775
30534473
30565519
30538182
30585241
30678570
30642510
26244358
30579580
30579714
30534898
30555048
30534648
20683176
30511108
30550313
30583512
30575969
30570667
30560108
29568860
30573198
30591332
30595082
30604608
30584214
29972636
30570017
30603283
30610969
30767359
20998885
30512169
30624951
30617991
30600590
30547193
26455870
30671115
30594622
30569348
30553364
23789968
30418555
30482527
30486569
30541682
30493330
22104040
30482473
30519993
31143048
30528316
30494235
30639208
30546307
25909801
30423994
30537268
30614880
30574455
30553158
30496711
30487418
23593202
30445084
30567649
30518050
30553466
30551735
30527629
30506791
25232489
30459359
30511914
30470249
30485309
30558384
30489444
30473502
30523364
25532693
30472033
30612522
30479553
30522248
30563575
30455039
30477836
30561784
21435675
30446599
30554486
30478021
30533623
30472929
30479919
30577924
30502570
22155237
30483835
30435100
30490835
30511708
30693230
30483440
30570386
30501735
25647783
30454006
30511915
30459729
30585590
30432884
30417462
30463371
23723782
30434709
30588544
30548092
30520113
30537591
30524931
30538800
25893547
30606761
30495186
30514853
30475645
30496935
30488691
21556145
30410985
30546632
30532697
31448571
30575532
30538826
20670544
30476233
30493177
30537807
30517350
30486277
30559280
22618318
30423120
30485020
30482644
30481066
30521193
30453895
28449455
30708052
30573008
30488148
30537447
30533893
25577095
30482244
30496215
30555177
30548641
30699928
26268225
30445939
30501015
30506553
30521040
30506230
30459697
25209167
30475143
30562591
30600753
30518079
30525853
30461562
43909843
30568859
30555184
30623097
30756581
30571062
22574158
30593639
30653013
30611859
30594868
30625146
20898715
30557487
30616704
30591913
31436336
30641493
21678377
30629702
30639606
30640717
30617235
30627592
24941560
30608559
30580613
30710019
30669448
20801617
30595005
30643449
30715968
30574322
30611659
30641524
26057198
30615559
30621626
30608728
30608942
30655075
23861596
30607044
30606894
30533958
30640052
30614208
30651008
19769554
49281248
31268142
30656259
30602699
30586415
30616242
30575946
30605802
26233416
30587159
30582913
30568266
30550510
30576437
30645955
30681203
26492648
46569487
30608222
30611262
30540386
30574493
30620395
20634216
30494311
30585602
30601688
30599538
30459556
30631995
30614013
29341920
30551153
30564319
30600946
30520160
30565237
18052940
30447391
30612448
30603097
30521453
30636164
30652481
22509246
30518635
30524819
30550490
30710386
30581458
19059078
30514828
30597775
30555239
30560049
30629472
30618937
30587456
23497310
30529093
30581450
30608557
30646313
30627006
30564974
21186769
30592735
30520682
30557075
30621992
30584785
30603200
30546619
30607212
27786105
30614434
30562144
30568124
30603022
30595620
30486757
30552675
23404127
30478042
30604914
30573484
30599979
30760917
30577006
30474838
30593146
29228495
22976385
30552021
30606129
30647661
30596460
30657913
30597726
30692604
30592999
30569822
27086143
30658729
30610425
30648342
30664508
30627073
30559757
30603053
30610969
25485557
30612008
30641799
30613657
30684180
30580904
30655757
30661837
30537282
30023525
30611237
30595148
30586313
30617829
31236387
30560250
31503033
24887184
30619280
30608182
30621293
30713730
30626048
30509470
44214607
25641624
30560671
30622524
30635774
30601615
30653604
30610913
19520462
30581997
31273860
30618470
30615453
30597879
30709066
30582388
28353744
30563985
30590543
30643593
30629526
30587819
30669548
30129611
30641359
30622062
30614086
30628572
30606622
22405751
30588822
31437497
30633877
30789741
30576322
19339553
30586381
30641294
30746757
30632082
30593534
19435851
30560457
30597288
30611957
30587483
30600974
30589610
30603528
26739825
30515123
30564055
30633796
30512826
30505157
30536146
29111107
30494609
30528166
31064067
31353417
30650714
21788421
30500577
30523177
30547124
30614342
30496873
18127902
30461964
30547048
30561215
30514897
30753008
30534724
30495400
23088875
30501866
30557709
30622635
30511389
30554995
30447553
20908682
30480213
30519209
30534415
30568839
30537899
30544239
22438572
30456954
30560150
30497588
30647584
30490626
30494590
30538276
19225593
30502621
30481828
30521364
30484340
30556993
30532611
30599231
30542241
22099465
30512953
30506766
30541344
30537715
31246918
30550729
30550528
30528753
24579237
30491551
30570140
30566702
30561673
30568597
30546008
30547366
21578229
30505911
30508213
30573472
30521019
30565264
30578446
30561924
31840934
30539139
21631565
30540587
30579594
30632455
30523243
30503675
30487384
30565949
30596595
30561640
26292394
30511768
30544706
30532648
30509683
30565221
30527111
30494471
30534564
25327933
30501616
30553775
30533922
30527688
30527019
30458062
30640423
18364696
30422151
30546558
30580038
30501644
30502934
30559202
30535078
30523309
26021972
30498648
30585253
30748190
30588444
30551706
30531000
30582904
27444970
30506606
30600959
30601621
30536896
30540048
30570180
21976178
30519133
30557839
30510714
30549875
30519002
30503433
19891876
30460908
30535722
30502884
30497339
30515400
30493129
21354768
31009407
30439588
30437709
30451092
30361209
30350480
25544760
30418522
30390244
30384964
30387287
30415882
22755944
30398562
30405766
30439991
30394540
30418167
23010431
30288114
30389418
30391680
30333471
30365523
30367506
21329593
30341922
30363113
30404160
30379095
30404792
30388509
30384030
30450070
24833434
30327722
30333335
30420591
30490692
30374691
30383191
30409238
31077078
20457624
30321862
30360298
30470522
30410985
30381968
30397425
30339037
30513166
30402169
30473119
27067431
30384906
30414597
30416942
30402091
30412011
30411695
30436717
30416004
30383568
29937088
30348474
30347525
30497886
30459846
30390291
30357805
30421249
30371268
24976691
46571417
30496822
30475582
30594370
30511649
30551462
30518288
30495879
24255033
31217365
31242308
30418617
30411857
30382200
30426355
30421877
18315620
30334863
30357635
30431564
30417752
30428132
30417625
30387362
30433127
27652521
30379115
30426487
30438985
30474853
30405906
30384731
19087738
30329815
30386858
30506002
30412800
30428891
30442408
30403887
30503211
30392402
25651078
30335807
30431711
30444964
30388033
30527549
30430191
30428913
30780911
30376716
28371346
30382749
30412207
30427613
30452522
30463427
30509993
30465190
30434875
23120370
30336662
30367726
30465387
30502095
30470963
30442759
30429207
30361869
23438826
30449238
30551599
30459040
30487242
30485622
30560853
30493255
30455015
29512027
30481816
30513844
30567846
30527190
30459572
30509412
30513628
26360849
30576139
32666841
30667119
30708752
30598197
30585593
30584806
30445316
30589959
30588097
30580178
30667708
30551700
30573800
23862779
30498276
30613802
30629093
30619882
30574528
30568501
23275353
30498183
30579328
30563968
30611224
30593728
30573744
25409533
30521328
30520961
30628812
30631446
30646630
20743610
30552699
30601710
30537584
30574029
30592201
30711964
30552073
22965708
30518904
30626666
30511990
30614220
30642186
30629043
30669242
30574177
21317946
30556835
30590028
30551084
30659545
30598207
30640157
30621155
30587706
23428240
30514129
30607477
30600165
30551902
30649466
30595173
30633028
20057852
30544237
30607224
31829079
30619712
30607195
30651848
30647619
20503054
30514166
30574093
30598832
30590245
30605253
30574739
30592433
24083371
30562029
30653433
30626682
30606644
35455333
30591648
21808992
30494505
30597637
30584668
30609267
30686481
31255471
22220396
30577551
30527194
30613010
30572780
30572752
30557289
25944229
30554943
30600953
30597704
30618388
30638146
22749057
30550050
30630721
30634557
30681481
30571142
22374493
30490257
30563670
30580110
30876594
30597357
24212043
30566033
30606077
30608616
30564553
30617390
30552057
25060087
30569830
30607664
30614003
30655162
30676159
18345175
30498653
30520584
30600454
30603042
30582518
30563200
30551119
19417506
30526895
30552610
30588456
30613633
30570171
30598914
30624970
30590924
23315493
31361155
30488793
30592517
30728921
30622239
30590908
30543028
30559599
30615160
29136463
30636828
30640614
30649732
30572593
30606444
30597230
30578542
30594739
26810870
30535988
30603539
30585099
30584295
31412669
30639935
30570335
19697346
30493644
30572488
30638749
30616906
30547702
30615830
30608990
30699682
27245608
30475838
30516601
30563587
30558613
30518662
30517687
30565919
29696328
30507293
30500642
30541183
30549916
30570397
30534395
22601127
30513567
30609939
30461126
30519036
30553655
30582727
20678446
30510686
30573591
30568917
30594179
30551912
30523473
21882374
30615101
30489415
30581434
30569631
30587906
30549931
26146934
30433200
30559752
30583350
30563801
30590933
23356319
30496767
30531373
30560819
32530418
31809165
23516962
30513315
30602737
30664064
30591824
30592543
30577786
21620361
30607032
30496917
30510713
30510818
31209454
30542339
22880849
30520364
30557175
30547410
31203388
30569409
30524593
27507395
37469436
30407235
30451466
30627923
30453100
24230188
30352485
30453904
30464284
30392139
30485866
24317660
30375495
30383959
30463793
30425995
30451479
27960192
30395743
30452499
30417537
30444367
22541401
30411130
30430328
30477606
30992179
20523309
30393133
30418378
30460804
30463983
30467440
30454099
28414122
30407824
30470690
30461489
30491651
30371309
30500199
21983291
30597146
30469229
30460138
30405138
30419753
30411373
30491069
20484904
30400188
30410078
30395225
30467324
30425998
31600503
30439286
30522353
19717136
30385276
30446645
30435287
30448904
30464914
30454441
30406654
30402764
19209579
30422507
30464620
30404264
30386708
30427198
30412432
39726618
30443068
30491349
30342496
21096627
30380769
30376546
30466273
30450273
30424500
30404832
30440198
30476768
30483747
30501911
22628139
30307511
30422318
30378862
30417511
30397222
30353871
30438789
30357327
30360589
19070547
46415520
30384742
30513267
30386935
#end
