#729a2951|blade-1-m620|jdom@54ed0cc8b7e8deffd5e088305ca7723dc0bd963c:org.jdom2.Verifier#checkCharacterData(String)[generators@bcfe6d43107430b2604e2e34b9151742941652e0:cz.cuni.mff.spl.casestudy.generators.ParseFileGenerator('MQ==')]()
#date=May 8, 2015 4:52:35 AM
#warmup=1
#count=3689
#begin
23669290
57016015
25360253
55032442
28979343
31344133
42008336
30409600
40692146
32317662
43425336
37189796
30506491
30899396
69685977
39690002
31929723
30514484
30475713
30502242
25166784
56212392
51411948
30759321
30452882
30591697
30631289
33721405
45333341
30520906
30405200
46093305
26177656
31706557
42861530
44012160
30446226
30530800
30495557
30500318
30676335
30473324
30620797
30484693
26541808
30490293
30457835
30503992
30482096
30492130
30476673
30661477
30535793
30499333
30449137
30473115
30583253
30474933
30466673
30518120
30287380
30512429
30613081
30492130
30560333
30493644
30525233
30553491
30444873
30449970
30414924
30508402
30476846
30476880
21872054
30429729
30587188
30473769
30524889
30581513
30502096
30558637
30488140
30517664
30576640
30456535
30572459
30433320
30455066
28511490
30522866
31315107
30522378
30508518
30526479
30496462
30510488
30435256
30482812
36013319
44639555
30557617
43137498
60872910
43490559
43499276
46937705
37978295
50299754
32568581
30494678
30634714
31338933
30495418
52524514
26528435
46302428
31323754
31181380
31217051
31221614
31351956
30600828
30543179
30431937
30450168
30418199
20831683
30537944
31319124
30498195
30479793
30475131
30572124
30544115
30495391
30479073
30490942
30577208
23395159
30468213
30428830
30532352
30454646
30496002
30529608
30496631
30486171
30499476
30478635
22155631
30485857
30466555
31374240
30485549
30508048
30509646
30565188
30478171
30519273
30402791
25848492
30530713
31384040
30529895
30504518
30536528
30458220
32808447
36582157
41094507
24546772
32524928
30496237
30463350
30591731
30549757
30572488
30594200
30497420
30455846
29451778
30571190
30507076
31297689
30505821
36304353
49038577
30534965
36174662
26634275
30504993
30475061
30598455
30514003
30452923
30466820
30573704
30469162
35503689
30520393
31520753
30498444
30546727
30481335
30520251
30476016
24311191
46565480
30419159
30460484
30449162
30446704
30475773
30437757
23786342
30398489
30422297
30488059
30450914
30450942
30460809
30441083
28852288
30409284
44207776
30452929
35498546
30430264
30364889
24770074
30535735
30391620
30424151
30467160
30433804
30423325
25200238
34882409
30428600
30485388
30546433
30499329
19732270
36949523
30393086
31031750
31036643
30514553
30469771
25325804
30510097
30481746
30641956
58034749
33674555
29993101
30627115
43537880
34981986
30506379
30563597
27478397
30474238
30480109
30702661
30476118
21184751
46662064
57272180
30540730
52702864
38121332
30484013
21881321
30439444
30490290
30374507
30428255
49825049
38860676
27795665
30423319
40002245
40308660
43023556
41553879
22466931
30383036
30426962
30532900
30426276
30427591
22123685
31239938
30375762
30419757
30409795
30537268
30517180
30426491
26598185
30391015
30372227
30407306
30450360
30433162
30452811
30382733
30366036
22208521
30599959
30389480
30399773
30395030
30431360
30548124
30403654
30442946
30421582
30358027
30347731
24034042
30365251
30384040
30367692
30418448
30399110
30403293
30481433
30477715
30432376
30431427
21700105
30682744
30444602
39482571
30413671
30407859
31198304
31052996
30419118
30365637
30374394
24412126
46335541
30270458
30311384
30286273
30389097
30332682
30324729
30446926
30372040
22319733
30374938
30312636
30367086
30286530
30344183
30379140
30333589
30271693
30494658
24784817
30391378
30280244
30336264
30294090
30343698
30334067
30352740
30349448
22366665
30465489
31147959
30676388
30424078
50303571
38211938
30764665
30553777
23432392
30668384
45813089
47635864
30492116
30901220
32330737
30463146
18847226
30492862
30522142
30511524
30631997
30508880
31339355
30484381
31362124
29940801
30447943
30499600
30479415
30496727
30526302
30512698
21221900
30513730
30498548
30485217
30520320
30498701
30530856
31394827
29015442
30472970
30606848
30537775
30512493
30621236
30582019
52898622
30459024
35128327
35487960
30499459
30475446
20681088
30429231
31339791
30490939
30523084
30506312
30732786
44944326
30443731
30629672
30560643
56409738
33607909
25215189
30607261
30550425
41626255
39225143
30732664
38090599
30467351
30454351
30489949
30733330
21088056
30479044
30407792
30381804
30428318
30411435
53787702
23204416
30477953
30437611
30479164
30410720
30473573
30425811
30400984
22072314
30422384
30390059
30391335
33311370
30395264
30424718
30457119
30419520
30336261
24644741
30359517
30389890
31291144
30403649
30410002
30431160
30426465
30336005
26913303
30401051
30380285
30477157
30549451
30406982
30379502
30475447
30379735
23248553
30329042
30386268
30420004
30424045
30467184
30398543
30398356
38543299
63583351
47657016
81089440
30440664
30528635
30552708
47829202
38552148
53320827
35680164
31141328
30442531
30530031
30520897
30440829
21252649
31405658
30460019
30495082
30572888
30485759
30488484
30461446
29262867
33597535
30454273
30535167
30532107
30464342
30466393
29070009
30495881
30460935
30462603
30565851
31283800
20987798
30591359
30503795
30470624
30458788
30495926
30492365
26914065
31750332
30446002
30447540
30460491
30503479
25668557
30520637
30584316
30538574
30449057
30490864
28014732
30532380
30537175
30509768
30480337
21404550
30455301
30419718
39869507
30428929
45951486
39759075
24307180
30470929
30479242
30642800
30612520
30539779
20423586
30505970
30514926
30501637
30415560
30485980
19901134
30432929
31216498
30483882
42075481
39115967
30605308
44502685
28818374
37401589
31113916
31388333
30560624
30667589
30495549
30544713
30448364
30044067
30432055
30449781
30535133
30552438
30597821
30509948
30530666
23582526
30467515
60180248
30464217
30559170
30393994
60272116
30475170
23452247
30476142
30482481
30591397
30719873
30448759
30452815
30476411
27230140
30421839
30495355
30529521
30471404
30758571
30460998
23731964
30417953
30451855
30659228
30488719
30507662
30699071
23991943
30433309
30485721
30491339
30493621
30448755
30776223
28998149
31971264
34329882
34805948
35244652
35741786
24090732
30724781
58549716
30494562
30691357
45319436
26884274
46195523
36463378
31274152
30637495
30472498
25129222
30555558
30440188
30550688
30431295
19552039
31403228
30463322
53461231
30504821
54486547
28330362
30518847
38515935
38194018
30528590
25879977
52548024
33171584
30526111
30502618
30452446
24816939
54451140
38350716
30501009
30514488
30493138
30447368
22014119
46219123
44448122
43553725
42605178
40500322
39037727
22972025
32468902
31014941
30874326
30525897
30541478
30437135
25168092
30523347
30441239
30621118
30507888
30492866
22263339
30506318
30785281
30491580
30489457
30487980
21013610
30375494
30519198
51573080
30549751
52022223
22500661
43454341
30446719
33682451
30490438
30479093
30589303
22658901
30437331
30474565
30594359
30508348
30462636
30520649
31346807
18489723
30465287
30489090
30454586
30569718
31295206
30483406
30504423
20169140
30426220
30506757
46639735
30568633
30702479
46656619
30567717
22803801
30442103
30448365
30522608
30455635
48674064
52970050
19939390
44842535
31250765
30465169
30477386
30535052
53436635
20572523
30494496
30491920
30506060
54249838
30469286
30501682
30558906
31401120
27085574
30515471
31003859
30576476
31334449
30485877
30501290
30509460
28062789
30604051
30478000
30598143
30491235
30455477
30520471
21475351
30477582
30444615
30497495
30475860
30536261
30536130
18393946
30355419
30351974
30337666
30324391
30384722
31046941
20830298
30352595
30326160
30305969
30362244
30340950
30356724
23317642
30366542
30286268
30990917
32585495
44633330
20365233
30397278
30317117
30316015
30339460
30863208
19719387
30402393
30442604
30431115
30325786
30521924
30427842
30348489
43257771
30228949
30269634
30347411
30251151
30252998
30326002
30005853
30278444
30379893
30268416
30345902
30267115
22104285
30281089
30208276
30271869
30227967
30254926
18631459
30267004
50286291
30258291
30280552
30313569
18372866
30340846
30332147
30631283
30352291
30378457
21100636
30355133
30319133
30361046
30311606
30331344
30499949
21802236
30330727
31536033
30343978
30980242
30344040
30323642
30473713
18420794
30852912
30306562
30314167
30483567
30290565
50448816
30364031
30387111
30281611
26175503
30289602
30275315
30296787
30345852
30321661
30751366
30314318
30368124
30318937
26614559
30361944
30449693
30355573
30383201
30359189
30869445
30422502
30293882
21960963
36222467
30399398
30430809
30461924
30411017
30598840
30436653
30401833
21174526
30446475
30367541
30447888
30427599
30372573
30430332
30393789
30421223
24492165
30476988
30405337
30416276
30441736
30442448
30549180
30565462
22217604
30446620
30416281
30412018
30535530
30360167
30418693
30415900
30425773
32388397
26589940
30457536
30399471
30470484
30486950
30424786
30467411
30437331
30401553
30452111
28929976
30447549
48312136
30426029
30473413
30420624
30530755
30378063
30338593
23380829
30398286
30380120
30429889
31234036
30413293
30587090
30463497
30409135
23310689
30409556
30403020
30419533
30399033
30440465
30443204
30395042
30412389
28607365
30406893
30371998
30526324
30450733
30442273
30451080
30425344
25633508
30454658
30391802
30463337
30459797
30422580
30395345
30461186
28427477
30443282
35035403
30470749
30574476
30391264
30409715
22822001
30415036
30384459
30430211
45588373
30428763
30437964
21699068
32320770
32313452
30416694
30422404
30412706
39030734
23368496
30398479
30441533
30516291
30392729
30385433
17981729
30443566
30401524
30400260
30513598
32564632
31217565
30444440
20773959
30428096
30357431
30403249
30389464
30579352
30455778
30447630
26264173
30389222
30394544
30716397
30546797
30424402
30483047
25102878
30495526
30394291
30440798
30446693
30481724
30433744
28170710
49406979
30421069
30505239
30406953
30431940
22444533
30359009
30394646
30429907
30433695
30346420
20719650
30393247
30430507
30390171
30440517
30493802
21476890
46386927
30336211
30384698
30342562
30352873
30393273
20459193
30183458
30252669
30205965
30272562
30259343
30241904
30334087
49697222
25032925
30306197
30186276
30263875
30993641
30228494
30234011
30360531
30282525
29575652
30280066
30227513
30870947
30302564
30304805
30314069
30285518
24682101
30278558
30199983
30275566
30338611
30331227
30309395
30300202
26267326
31578732
31584684
30348027
30298182
30282397
30339115
19932721
30326987
44053936
30347258
30328158
30341888
30323847
30351454
28746503
30317047
30301239
30332073
30339715
30460333
18343887
46248920
30248373
30270971
30225869
30274517
30248133
23857281
30580651
30194218
30272747
30196464
30279016
19511435
30197858
30226822
30276762
30267962
30283663
19634279
30257255
30268202
30282200
30289113
30226772
30263265
31999645
28244569
30252698
30224156
30309571
30300387
30333689
19423280
30209891
30285700
30274693
30244836
30346378
30297213
26430017
30330644
30329974
30365948
30338246
30342549
30287800
30420878
37788165
30249296
30227235
30298536
30326190
30276185
30298455
30228449
30258420
20256159
30415766
30271254
30305687
30284329
30254866
30411182
30217424
30291886
30228958
26289455
30280043
30181313
37009919
30273085
30246755
30266927
30272456
30255359
27433380
30316576
30262132
30282687
30259467
30308369
30407336
30311435
21923883
30245160
30256236
30397955
30338158
30254891
30314174
30266330
20677857
31723317
30263900
30259885
30209548
30322938
30356625
30259687
23101754
30256814
30228489
30399782
30266955
30274769
30299589
19051642
30235656
30315906
30234266
30203596
30241884
30255661
30289032
30009310
30264691
30236571
30253105
30259813
30236576
20881321
30265486
30263951
30247527
30248910
30183178
30302516
26289429
30286985
30253458
30369811
30261229
30308786
27072210
30298946
30226838
30264833
30309254
30397482
25719334
30230931
30268805
30249980
30330398
19689192
30298977
30234377
30303635
30882865
30267453
30341056
24074359
30264372
30267400
30250980
30313531
30265723
30298433
30335668
21761048
40267547
30263344
30403609
30214923
30247543
30308434
30265118
23728121
30239987
30278100
45011017
30297877
30261624
30301822
21039685
30207806
30231440
30298601
30228680
30262429
30352364
20904391
30271193
30174572
30390917
30226140
30257162
30296147
22299211
30289522
30260392
30290818
30210682
30285020
30304909
29874606
30420751
30434263
30449880
30419502
30401762
26818178
30468035
30387274
30473968
30483793
30475366
29812203
43521654
30317435
30357893
30337109
22062558
30350822
30353920
30311030
30340700
17913418
30306991
30359597
30325316
30336617
30338329
30330029
23945629
30302751
30445876
30365808
30307335
30332874
30362073
30294114
27247928
30307322
30515780
30353218
30870305
30349246
30340774
23372078
30346668
30327135
30338416
30354983
30320672
30379147
30406761
30455622
24797744
48189660
30324262
30305422
30291931
30341351
30265511
30278680
21002681
48193823
30407677
30364457
30334693
30282779
30583332
30371222
20427682
30298388
30297931
30366153
30355136
30359191
30330395
30330273
30433848
30376325
28628375
30291828
30328573
30333004
30306362
30330096
30399871
30366020
19135621
30284793
30335537
30320001
30338600
30342133
30470597
30365326
30331876
30365256
29773621
30396964
30273824
30326966
30492220
30278980
30373393
30275747
21082047
30313996
30341569
30376393
30342657
30295017
30366826
30316685
30912557
29886036
30349902
30384127
30370790
30423689
53728175
30362075
18914356
30313078
30351081
30316651
30311682
30408860
30325785
30330098
30327729
21526108
30346184
30339342
30385992
30332745
30429388
30338253
30427747
30319437
23292291
30285554
30268714
30317113
30412271
30317489
30347262
30372617
30253144
30331017
30277360
29892037
30324478
30345549
30269204
30369573
30354568
30440242
30335958
30276587
30319038
29142467
30300162
30307202
30357615
30331791
30359324
30345898
30360167
30353504
21973180
30290339
31116741
30352175
30456098
30316402
30372000
30490945
30329679
20818894
30330887
30372120
30341071
30317046
30386891
30380097
30352412
30275811
23433279
30422662
30387033
30385831
30518427
30435967
30458819
30393186
20573746
32368544
32344438
30441676
30528504
30553999
30504555
30543808
30546300
30478362
20930583
30479848
30532344
30507131
30529768
30499088
30469302
30482000
30569693
30475729
25619122
30554007
30472661
30508506
30498379
30538993
30553284
30510986
30445527
24881128
31277378
30493598
30471572
30463060
30518159
30679450
30547537
30502420
30320373
30487266
30519366
30450836
30428208
30446544
30506158
30562887
25793478
30571697
30518182
30493849
30519077
30486165
30503193
30548419
27191765
30509078
30496768
30533484
30512727
30478602
30416280
21846499
30476065
30509001
30535200
30491937
30577819
30471626
20123876
30459121
30458391
30480334
30512648
30565346
30580357
21463172
30521678
30619792
30523064
30437227
30632371
30537677
25926550
30499348
30472831
30541384
30590995
30555473
23360845
30486572
30505019
30477391
30490577
30527059
30451898
30500541
29996881
30467315
30486169
30492299
30475680
30515411
33518196
26672104
30512649
30469155
30497196
30460502
30540800
30516489
29951123
30494723
30499284
30520515
30566817
30506864
22840414
30445179
30437847
30499823
30576482
30497215
20606533
30496822
30488906
30478084
30477977
30467025
20826688
30604409
30525739
30484784
30464302
30512764
30646724
18838733
30489468
30510950
30498620
30529733
30428329
30506306
30526590
30515364
23250220
30543350
30531363
30537831
30640479
30634476
30547501
30587906
30570587
25125553
30639672
30686597
30589233
30570940
30595435
30572764
30617799
21244725
30598437
30588660
30566023
30623350
30619602
30552689
30653399
21201603
30503904
30583293
30569808
30529617
30510733
30619893
30825565
24164661
30551929
30525411
30593724
30623691
30602182
30714013
21355375
30558711
30586475
30573969
29233429
30102465
29242469
21183673
29269536
29279766
29290928
29288671
29268573
29251343
25950472
30627657
30524177
30540717
30616802
30588099
22952625
33001280
30579641
32594305
30561654
30477877
30567313
30600855
25914558
30620221
31188811
30802311
30648489
30763497
30520378
23803813
30555975
30567937
40757693
30557823
30598748
30571913
30589457
30631114
25667935
30587037
30568435
30615539
30555497
30641085
30534313
30546539
23581188
30622217
31455662
30605159
30597625
30607161
30596490
30589975
23119983
30551244
30544004
30562256
30546977
30655450
30625043
30650782
26012544
30602430
30586401
30560309
30589344
30577086
30563416
24042854
30534781
30497294
30562051
30563636
30700246
30621653
24001481
30571340
30565633
30677238
30565555
30524057
45784341
29744305
30575853
30563050
30568779
30565593
30582795
24763739
30586561
30535159
30716227
30599326
30602939
24343311
30553435
30512664
30579159
30574766
30581958
26870072
30585383
30517925
30557882
30571446
21720759
30528263
30499935
30524895
30723101
30652952
30531791
25443075
30833155
31403644
30542561
30619233
30583285
30554306
30582889
26274912
30584566
30540032
30548762
30673043
30676164
30703079
30560872
30518806
26338183
30581694
30513124
30575952
30542575
30651808
30585155
30555942
20702165
30562913
30572535
30617742
30623337
30535618
30620006
30540466
30541103
21855065
30525545
30588749
30593539
30519867
30623566
30555077
30564259
30588188
26860161
30702479
30570092
30629635
30644344
31228467
30741090
30578370
25773307
30549243
30529197
30698706
30577336
30546122
30572528
30599366
30442089
30588372
30586214
30603157
30538204
30595106
30557906
24698441
30653117
30533032
30612061
30599425
30624363
30693368
24137294
30523666
30556919
30584174
30732034
30543064
30580302
27284773
30593700
30574146
30576786
30570553
30566010
23224554
30294176
30254040
30212060
30303190
30232241
21317888
30271140
30285998
30305882
30252518
30238371
23468417
30508708
30291382
30284990
30279017
30193025
26900385
31119517
30267780
30306867
30284625
23551091
30232096
30547044
30239777
30246857
21751527
30165971
30246057
30336915
30229516
23181867
30281683
30239917
30248094
30241775
26134305
30253264
30395897
30308576
22343860
30376639
32287507
30250287
30294602
29687561
30331171
30224886
30277553
27189411
30294810
30266303
30295651
29683660
31238053
30317384
19644666
30309839
30310829
30335307
44091890
24225129
30319918
30310140
30384289
21076507
30316349
30294036
30349351
30356598
18723661
30330571
30446533
30338833
30325980
30328625
30333197
26524023
30364515
31167961
30334551
30282653
30364392
30361876
21614297
30355578
30393351
30341289
30462158
30320214
30297000
30366109
25579020
30533704
30298325
30343280
30408345
30324754
30507631
30387718
30388758
25551199
30482702
30362757
30580497
30374908
30405859
31020634
30453362
30396594
25567933
46615404
30501297
30529239
30572718
30513386
30495742
42417433
19714356
30469093
30472575
30528433
30495892
30474445
30501246
30504810
30516273
29346622
30658061
30537566
30557269
30574837
30597415
30608677
19890232
30580533
31581813
30587160
30619395
30697373
30607606
30592619
25083476
30553567
30527812
30571257
30514369
30616711
30541004
23676561
30597166
30550573
30579573
30608831
30875653
30578042
25743153
30692202
30577353
30545726
30602962
30598108
20773257
30553145
30567695
30573568
30648392
30537562
18256006
30576508
30537730
30639842
30595480
30538865
19265098
30523815
30498588
30576201
30501642
30603466
30742888
30590535
30012301
30563309
30613222
32636068
30599263
30616204
20551315
30538759
30593964
30619193
30534319
30610119
30674751
30621705
17877414
30549108
30703470
30537744
30587088
30582629
30519833
30704490
30571277
30549584
22326113
30503986
30560576
30680424
30560704
30607746
30559666
30657729
30668377
30514966
28809741
31411873
30452695
30565981
30547206
30621353
30534626
30500195
30442124
30054720
30607608
30564446
30538148
30597752
30617981
30568038
30568045
23187669
30557572
30577796
30566677
30655095
30585888
30573301
30569209
22210956
30609479
30565288
30606076
30517953
30672159
30581889
30502520
24676777
30590500
31204632
30633783
30529351
30584092
30559907
20989409
30553152
30641204
30587937
30506047
30549266
30593095
20573912
30558993
30550948
30587175
30617706
30562269
30596062
22984950
30545526
30601546
30595888
30572802
30569258
18449619
30507431
30515435
30527423
30838630
30623817
30560281
27932287
30602088
30576630
30746997
30532439
30604277
30537092
23406189
30503630
30448086
30568088
30597044
30539487
30467693
22965952
30501120
30462397
30566514
30489035
30532080
30507169
30537629
18136956
30467295
30557332
30514397
30468139
30570946
30474713
30471433
30562070
20034740
30468708
30461537
30519835
30473544
30486137
30552324
30534502
30505115
20835734
30460333
30634962
30518744
31108121
30668601
30535284
30506840
30460950
26007927
30500370
30538040
30501282
30588942
30555349
30534288
30469110
25102998
30523344
30437751
30503075
30463855
30578209
30492014
30514484
29546868
30547432
30493837
30474367
30523973
30455238
30506291
24016487
30425704
30452699
30511630
30554627
30483633
30508201
23755507
30504002
30404315
30478091
30478309
30485339
30456855
26657106
30768357
30477126
30510815
30513176
30508533
22428198
30490650
30591996
30420913
30483064
30462889
21199773
30664764
31130663
30500996
30502826
30495164
22585319
30478808
30433991
30478060
30570813
30502446
26416133
30518306
30479217
30547610
30481438
22897078
31082430
30611799
30519696
30480871
21745415
30445830
30514880
30489802
30511346
30475658
20521510
30470679
30496908
31017415
30544206
30441469
30541933
30541726
26443293
30438079
30460978
30570937
30493308
30552075
30498911
30607573
30396205
29408971
30518653
30489086
30655681
30498148
30513364
30470865
30518528
23325080
30458100
30469122
30559875
30512788
30462591
30483562
30468531
22763804
30428320
30536761
30522654
30500292
30515306
30587957
30566968
25815192
30488131
30479035
30480965
30565307
30411260
30473812
22574812
30461980
30477863
30472986
30490811
30444887
30426318
22445473
30401266
30484789
30525034
30480412
30475122
30575703
25366997
30444678
30481139
30548014
30540079
30487035
30472289
30520504
24975538
30441604
30478449
30440164
30571704
30459637
30477455
30477027
30465209
22516352
30491742
30494278
30496900
30519007
30448176
30480442
30475839
30549612
19918029
30505277
30480540
30513879
30515631
30484037
30473110
30542925
30519810
31313068
30519520
18483383
30510716
30514592
30475988
30503095
30675552
30436040
30463244
30497222
30418020
30670806
24696349
30542851
30480886
30520257
30443566
30484568
30519083
30493082
30494818
30518930
22198156
30482057
30525807
30530892
30524190
30496101
30470666
30455876
30500871
30536478
25856721
30593800
30512535
30518215
30559599
30513402
30517361
30576271
30431867
30551195
30477302
26435228
30482410
30417151
30534929
30494524
30844443
30442722
30511100
30434030
30510633
22279379
30510613
30520387
30494600
30516429
30651950
30632681
30481718
30523465
30502098
22886099
30493117
30491428
30524644
30571072
30531193
30491342
30515649
30614388
30556952
29780654
30495108
30477613
30453813
30483678
30493868
30611499
30470820
30489024
29086502
30404717
30334431
30398151
30378347
30304457
30376797
30355634
21560477
30344911
30312335
30334209
30383924
30329398
30328300
30490386
19169484
30329969
30442495
30304346
30354145
30285686
30353853
30465717
20743943
46294053
30284987
30263613
30220350
30177494
30261351
30338300
25608617
30278327
30263793
30237898
30294386
30304504
30206473
23914345
30246967
30232885
30255145
30296151
30273880
30298539
25744035
30424102
30231498
30270711
30328564
30307792
20640753
30218845
30238007
30356658
30880892
30217878
30272176
31893489
30889420
30394487
30444914
30485373
18347453
30451164
30424431
30427387
30383637
30444966
30456464
30506385
27813973
30467360
30371751
30467617
30358878
30420927
18838388
30415741
30466204
30440339
30461573
30642012
30398946
30429148
30424893
27197550
30600684
30611988
30564322
30625266
30639733
31190676
18762109
30614277
30557533
30575574
30585364
30553814
30555023
30693126
30557177
30570263
24928612
30609272
30515267
30541346
30556566
30623856
30529395
30910487
30518319
19115539
30550731
30624355
30622424
30556527
30602404
30565515
30554296
30628766
30489102
28716715
30614101
30550338
30608186
30747836
30554235
30619598
30582595
20648523
46570091
30521708
30505072
30471955
30661704
30496437
30505529
30477201
27096314
30491947
30515515
30558295
30451233
30532804
31807308
30527775
28521790
30473184
30469484
30505480
30508761
30495953
30560189
21790672
30504988
30523119
30471122
30512687
30480084
30514658
19423241
31330072
49117372
30361017
30393142
30454693
30463745
20449787
30410031
30484341
30495064
30483522
30511686
30547226
23916077
30444880
30499093
30510152
30496501
30487900
30470658
30512757
24861210
30667230
30463755
30529095
30475408
30493833
30515021
19410450
30469196
30494192
30471040
30533104
30516723
30446136
30588702
27236278
30468675
30491113
30498360
30540344
30475082
30554726
29989772
30490427
30455762
30459040
30509779
30691095
22286844
30474410
30500093
30543718
30643348
46376509
19553762
30233936
30276154
30267969
30279698
30246061
19090998
30278325
30295184
30233243
30299520
30247322
30311620
30307111
27640791
30303855
30264480
30316951
30316395
30240525
30290258
30069189
30914758
30311031
30251691
30230143
30283454
22577818
30227837
30215119
30276284
30269734
30400138
19838436
30275269
30237380
30272078
31007352
30241112
19790585
30290356
30287298
30289167
30222152
30250577
30285100
30287954
29089303
30259767
30287715
30236503
30215586
30182122
30261481
30247202
21488500
30324316
30247827
30259847
30234189
30242118
30295858
30410146
18784694
30280296
30247881
30352785
30289480
30289026
30283979
30284335
30375764
30191092
25680531
30412736
30250207
30287242
30281874
30253338
30462218
30258051
30253426
26982550
30282924
30247300
30223459
30254363
30262761
30263703
30332558
22238682
30270149
30278682
30259129
30276742
30299687
30331426
30270177
21298896
30235102
30271487
30271500
30334861
30238098
30286799
30310080
23894051
30356215
30275393
30203638
30266384
30310913
31061325
20409349
30196251
30226471
30271046
30270873
30250150
30262385
20405658
30307889
30248484
30310429
30325158
30330949
30290418
22863401
30255640
30256047
30339124
30257507
30227482
30211422
30279861
22221063
30217533
30267912
30273818
30295925
30291136
30243525
30331241
30286591
19379240
30256147
30275943
30254518
30261433
30334518
30300395
30247520
30354300
30280902
26612713
30313358
30281184
30285066
30351757
30242551
30283340
30352060
30254942
45698229
30312362
30313073
30386528
30483131
30396693
30375486
30336291
23527892
30371842
30207529
30293262
30350602
30327123
30363727
30256824
23109312
30284284
30214047
30294104
30337162
30290861
30301865
30283300
26215783
30231789
30254105
30282043
30297072
30290779
30305766
22840511
30277471
30206860
30281305
30262720
30225529
30247411
22955298
30237636
30252796
30281722
30277426
30401948
30227096
25824950
30269825
30238609
30291880
39672572
30321705
21991242
30217933
30292714
30605243
30261324
30247695
30273769
30303838
25319004
30269288
30288311
30263665
30260367
30385136
30196890
30282802
30267405
24390379
30382654
30226828
30252636
30220371
30265309
30274827
30271144
30240809
26108265
30293304
30281669
30317626
30298767
30243226
30290979
31161874
21788419
30282310
30268076
30206012
30221358
30413313
30269074
30247302
30268009
30228993
21377964
30239777
30293311
30311918
30289544
30322812
30307693
43735112
30308356
30228225
30244580
29809959
30302737
30478511
30212171
30225701
30266582
30318152
30268777
30319829
19793234
30222658
30249415
30324463
30279138
30250705
30269404
30264293
30306707
30297587
25859072
30305838
30202718
30285659
30327573
30275800
30276487
30252096
30223421
26343887
30306305
30226220
30254552
30286642
30271296
30285920
30310937
21078165
30272653
30268629
30295800
30248163
30276193
30269993
30316893
19547120
30259905
30262987
30233715
30272171
30247456
30246920
30339104
21911061
31157100
30322078
30333800
30268018
30489675
30347378
30372415
28510620
30625957
30285347
30373386
30396191
30396505
30411511
26514057
30349802
30318873
31065408
30385558
30325331
18714669
30370162
30473238
30328445
30308276
30361860
30350989
24076598
30277651
30302282
30361395
30387796
30368111
22553531
30325913
30315279
30390231
30300880
30358133
23372771
30364304
30386625
30383558
30376753
30366606
30463489
22765788
30398878
30399345
30454641
30541486
30450353
30388073
30400510
30415662
29211105
30485537
30429698
30466276
30395869
30447691
30429737
30501322
26744011
30504016
30395786
30421937
30436806
30564957
30440942
19593968
30414739
30419514
30542206
30433546
30506028
30423347
30491742
25361071
30380471
30415003
30400151
30368751
31117785
30458651
24809165
30361797
30307342
30349566
30354462
30350765
30489701
28717739
30390173
30328555
30351123
30430824
30333818
23243551
30331618
30319943
30361493
30361742
30382922
22096862
30319220
30368346
30303730
30382715
30318921
30329188
30351787
29734848
30338860
30328728
30333848
30336879
30344844
30357205
28866067
30310871
30325724
30307332
30338060
30320447
20710212
30347238
30348089
30350178
30325845
30330219
30398537
26178096
30355791
30285248
30360898
30383127
30334916
39345130
30320628
30225207
30307815
30212816
30324342
26089392
30196967
30220316
30263676
30229785
20590840
30262177
30242420
30266914
30220586
30284729
26538002
30215665
30248365
30327336
30280982
25216984
30307815
30246982
30289534
30301511
26348211
30313760
30229500
30301138
19635477
30199709
30261122
30274186
30190644
30280925
22948247
30237043
30321289
30263900
30291560
30308813
44489267
25476527
30307828
30259572
30242511
30235385
30289074
30285480
30260649
24216720
30223665
30210002
30290693
30331599
30328518
30252920
45198499
30267864
30218927
27793326
30251306
30260909
30293742
30310629
30267715
30258062
30877172
30184705
24386873
30206173
30238389
30221538
30285902
30293945
30312978
30270056
30253128
25764474
30270583
30283805
30287825
30347965
30319311
30323685
30367379
21467222
30239102
30395489
30357758
30215725
30295775
30320211
30446473
21020001
46507591
30496322
30479088
30499111
30514081
30497904
30499251
23811897
30485518
30491353
30531499
30552918
30459491
30538802
20681621
30518527
30527527
30501644
31132018
30509564
30509897
20681437
30473098
30507964
30442953
30461144
30476122
30546446
30542742
30471579
26504827
30490530
30454669
30515962
30619217
30574840
30504151
30513082
26214492
30488959
30600213
30467995
30543003
30567443
30542590
19643426
30459694
30533693
30490913
30516121
30609930
30512480
30469132
26647595
30524789
30499784
30506775
30523972
30509625
30537224
26890974
30487826
30562212
30517824
30466295
30464929
20705863
30474233
30561406
30504953
30472026
30426509
30498598
26685059
30458256
30466040
30543148
30489220
30591079
35387749
30597016
30443051
30499740
30501529
30513711
28673288
30504693
30490484
30546058
30504180
21949848
30474555
30520056
30469893
30504337
18470866
30490669
33416449
30468087
30490018
30463942
30448294
25173168
30470748
30524220
30498106
30543071
30674587
30500409
18048006
30219927
30373993
32288332
30256087
30259849
30241589
30304153
30256915
22535786
30215933
30199302
30296134
30327756
30278823
30318089
30297588
30293260
26711086
30434627
30242171
30305260
30236525
30270064
30453582
30298562
30197716
30209865
23500690
30280972
30265793
30292383
32297109
30213521
30251555
30264658
30202964
30279601
25408362
30299316
30281387
30287536
30237764
30283522
30271024
30328133
30220169
21822343
30268792
30257790
30277103
30276749
30275984
30296447
30346345
30245354
22640535
30276735
30218317
30258347
30202689
30246636
30259833
30264624
30285187
27663016
30267282
30291617
30311971
30265383
30294196
30304627
30296845
25932048
30273780
30249965
30268812
30334272
30202722
30268827
30300330
29873875
30311584
30527061
30251243
30270096
30309698
30302329
23874676
30255718
30374499
30254527
30267972
30233418
30324693
23393951
30419500
30437013
30541832
30468028
30375262
30452655
25910150
30564135
30363557
30432928
30458164
30423215
21558262
32414975
30412771
30421368
30435973
30414475
19819723
30397479
30411595
30438608
30411020
30398270
30516191
30385902
25815970
30416880
30441518
30478546
30505809
30411349
30439728
30461551
30445638
27262592
30588286
30416379
31253043
30446624
30483979
30807199
30437175
30414928
22637211
30442907
30380641
30421264
30443002
30406368
30423251
30459122
30468778
22522161
30509934
30421138
30430213
30386037
30447033
30426967
30374084
30373582
26609339
30480859
30408347
30436739
30442302
30497966
30473486
30431691
24344540
30381927
30398190
30413320
30657257
30431706
30420027
30469686
26381380
30434106
30427722
30425764
30461133
30412969
30435190
21662508
30396668
31005417
30467693
30368580
30531587
30508610
20412722
30425204
30378244
30514624
30432958
30430800
30396904
30425935
30508617
24529172
30519308
30376689
30449177
30359535
30698137
30406080
30433836
23096441
30408455
30408124
30432111
30502633
30419907
30441233
30456098
25062314
30528839
30397988
30436606
30427002
30416710
30501560
21075244
30418696
30417482
30436060
30460562
30520837
30512135
20221900
30342273
30366193
30547948
30380879
30361869
30557755
22550630
30431240
30389851
30446945
30379945
30488624
30412677
27511735
30401016
30404026
30425743
30495035
30462111
25484804
30498807
30400580
30452220
30352959
30460405
26303769
30461062
30372573
30412404
30405920
19559637
30359491
30361227
30445245
30454490
30730532
25418275
30442157
30422294
30418668
30362694
24181294
30358415
30406655
30431086
29150925
23719359
29173752
29104047
29191738
29095216
26810425
29180434
29167967
29134084
22722586
30370344
30365260
30444388
19429642
30459666
30454257
30408273
30433926
30560598
26716201
30388211
30392558
30471750
30442780
27129735
30462035
#end
