#729a2951|blade-1-m620|jdom@54ed0cc8b7e8deffd5e088305ca7723dc0bd963c:org.jdom2.Verifier#checkCharacterData(String)[generators@bcfe6d43107430b2604e2e34b9151742941652e0:cz.cuni.mff.spl.casestudy.generators.ParseFileGenerator('MQ==')]()
#date=May 9, 2015 8:27:17 AM
#warmup=1
#count=3739
#begin
23372524
54957126
25974210
31807799
35460460
32670577
42832492
57958428
25171265
31785990
41510838
36695884
30525155
30598610
25218265
31785690
30694294
30701054
61101575
30548549
24697470
43119914
38016797
30610439
30556051
30665217
31531165
30540233
56671182
30602197
30632214
30697301
25088221
30610674
30574653
30643391
30735255
30616049
30601462
30669718
30607237
30604613
31437908
30571511
25147758
30651159
30559601
30669885
30538343
30604630
30749975
31481166
30530191
30565423
30559110
45454594
45761057
42969499
30635770
30660436
46311167
42779488
39360142
35255598
31496329
31892421
30639937
30564419
30639863
30602232
30596428
30579892
30639606
30668044
30615395
22624208
30674403
30585968
31524380
30605019
30590092
30599133
30643996
30636139
30622533
30597353
30687371
30701433
30634473
30786967
22905307
30614812
30580390
30571810
30560731
30601033
30563762
30586849
30784386
30617113
30589665
30620006
31528771
30564184
21324409
30601367
30580570
30597108
30615795
30591315
30662715
30608237
30727190
30622893
30574805
30670010
30589941
30595773
26525132
30616664
30569355
30588849
30590736
30772686
30656528
31510831
30581406
30645306
30643489
30581846
30748455
27072652
30636146
30556289
30633865
30637866
30568999
30605119
32590442
44545184
30624855
40360382
30610577
23950309
30564926
30561182
30697216
30751473
30598715
30596286
30673775
30624199
30602464
30640573
30595461
46179314
30614410
30561131
30647315
30613279
30647795
30535684
30618811
30607511
30642910
30606288
25780919
30566911
30577646
30584344
30571226
30645799
30562569
30658383
30614857
30581971
19581214
30599033
30576915
30637824
30579077
30589173
30602415
30566584
30586804
30616257
30687614
29824172
30654486
30630913
30715846
30671076
30544344
30557368
30610950
30780955
21520410
30649669
30571151
30513837
30626868
30640812
42629251
30580002
30578940
19562023
30536518
30626746
30573260
30629864
30545344
30559944
30610060
30584668
22065525
30636006
30566198
30628260
30569919
30623699
30814344
30555125
30632595
28743819
30622076
30613019
30624739
30610824
30640417
30620606
30616606
39823543
30584711
30579755
30676051
30661761
30666646
30567397
21226878
30640591
30813910
30603524
30543450
30730134
30627254
30592591
30144563
30592648
30616216
30654170
30653754
30546496
18321155
31443308
30686569
30636524
30596567
30649266
30641643
22475278
30540717
30621896
30589352
30609494
30663531
18334725
30593637
30674366
30690071
30555826
30588512
30611300
29823179
30645680
30609057
30566031
30604962
20244696
30644917
30620498
30724691
30608463
30594723
30598340
30542622
29021015
30695568
30602475
30567530
30626691
30554859
36466862
30402848
30681148
30589559
30628988
30629520
30610171
22454613
31184322
30603850
30569815
30695502
30761421
19496081
30661614
30564673
30594281
30630955
30553677
18697034
30610404
30629711
30580724
30585662
30656656
30608941
30534693
23548666
30604962
30615551
30635780
30664095
30633520
30619155
30596593
30553222
19324326
30636304
30570030
30557284
30575493
30610411
30614337
30646971
30624819
30632206
30581661
30644613
21830929
30616690
30635376
30608355
30569489
30708209
30713846
30585579
30640411
30572720
30533095
19081753
30610787
30604387
30715593
30651644
30614715
30578415
30640317
30561813
30681206
30617979
23011660
30631326
30632380
30603784
30800392
31418022
30582297
30608009
30661737
30606328
20405898
30612308
30673881
30614209
30629564
30626960
30655992
30645228
30588713
30551897
22983552
30467070
30454306
30437446
30508079
30574873
30457726
30469817
30449329
30483575
30424571
30392456
23882856
30535238
30465906
30586837
30379479
30467962
30508287
30520833
31296265
30504844
31451348
21162173
30422195
30450077
30435282
30473042
30454491
30618115
30478386
30476359
30462307
30555608
23174765
30497384
30468885
30570817
30522654
43565963
30542768
30472508
30536754
30521581
20738641
30473797
30624540
30442887
30470110
30475093
30511697
30484584
30472982
30441653
22329529
30509635
30480667
30456017
30480987
30440209
30495202
30486375
30565416
18788087
30494055
30541144
30625037
30472875
30492793
30529448
30481584
30511488
20581250
30526210
30564617
31071999
30566282
30511039
30482286
30416005
30561588
24410506
30615297
30444907
30464375
30535589
30442880
30444246
30498771
23451244
30487697
30441018
30507654
30395600
30488246
30520297
30478789
26029656
30495404
30452099
30504428
30512148
30523148
30544111
22023042
30503899
30469210
30462241
30410906
30520762
30531501
21551558
30558509
39717137
32443302
30588333
30468501
30524391
23809756
30502811
30460566
30422075
30557075
30426551
19771178
30505217
30598120
30472333
30477126
30442524
30472093
29807399
30563215
30459182
30843568
30490931
19271575
30457640
30552190
30484524
30439637
30403271
30456833
18174527
30515928
31094729
30582613
30431233
30470062
30492417
30443095
30466582
23933430
30537517
30463229
30475122
30530284
30893326
30419653
30508855
23222173
30433908
30521005
30431120
30498991
30484693
30481113
30461875
26158034
31861828
30447884
30461586
30540126
30525737
30462029
22545875
30435231
30458920
30501415
30479871
30466098
30488024
30485891
30477402
23968854
30481236
30444210
30456282
30451546
30633075
30466882
30554550
19980440
30529556
30504344
30523521
30467868
30560632
30491927
30464339
30623408
30505062
18482459
30476122
30488205
30460690
30509032
30465566
30467616
30629977
30501729
30469495
22667504
30418154
30454540
30520178
30545188
30476055
30539035
30530013
30607391
20691259
30488782
30506113
30497642
30520595
34723715
30452862
30469639
30480830
22616613
30538819
30477833
30480295
30636115
30395853
30538439
30682321
18852232
30471371
30523962
30420872
31358562
30475355
30840296
30495175
19632699
30541164
30499909
30447966
30516931
30477975
30417110
30575460
23332180
30470718
30470004
30485744
30417602
30482544
30475840
20421050
30423540
30482343
30526109
30490437
30476305
30506997
30395718
30427251
23048584
30559346
30442244
30470024
30500423
30526905
30535426
32422344
19418214
30522346
30468535
30449984
30539142
30434454
30456393
30503849
30461127
30496597
19783494
46439466
30430164
30391933
30885861
30335868
30335955
30369335
30397306
30374600
30349395
19824492
30339758
30426069
30316046
30350224
30362483
30427989
30392886
30410956
30362831
30360878
30318054
19581854
30424209
30389169
30350215
30408951
30391667
30416422
30384642
30444364
30378355
30383060
30328263
19652759
30421721
30420526
30370500
30340187
30386827
30442109
30393115
30421991
30382839
30340302
30346990
30390295
30402587
30423046
25758995
30397128
30334567
30379196
30422704
30353529
30444930
30397607
30387114
30334907
30409420
30353138
30365694
18692223
30374742
30414560
30388169
30345749
30381593
30367547
30374960
30455318
30401624
30424732
30356562
30375138
30513063
29375371
30354021
30356289
30288807
30349786
30364296
33291699
30361804
30271855
30273077
30326009
30311208
23337216
30262749
30318493
30307702
30292104
30282978
30382042
30322668
30295412
30279098
30298662
30292218
39415814
30421549
30306114
30377758
30411231
30306602
30369260
30423724
30405767
30409175
30398033
21780316
30388782
30365376
30390313
30599510
30346464
30472034
30393760
30395917
30406771
38354436
23879447
30475770
30375055
30359114
30400620
30354926
30440208
30547772
30373409
30401444
21447151
30385867
30344400
30367915
30345224
30475273
30443206
30447011
30416179
30348329
23306478
30408301
30335182
30483001
30376951
30414293
30442701
30357031
30335887
19861723
31048027
30420035
30339642
30352093
30387948
30383989
30332773
30431472
20731108
30391810
30333096
30386593
30376888
30394459
30493287
30345980
30352851
25630127
30354416
30356228
30404517
30425488
30447255
30409382
30419249
24374155
30466049
30607027
30342775
30403829
30528731
30376991
30451776
27602343
33167403
30339169
30430175
30363086
30393480
30419558
30483919
30365304
23925952
30344608
30398051
30379589
30506078
30313735
30386389
30510020
30393169
25648907
30370844
30371394
30313864
30374213
30379659
30409526
30348730
21117926
30528252
30376395
30453730
30376234
30363660
30383243
30326176
20613961
30426247
30332031
30351678
30604715
30342993
30352957
30350622
23389390
30369155
30324000
30355397
30456344
30372282
30320006
20103871
30373084
30374742
30344104
30293212
30387124
30381881
19567259
30359913
30380607
30350971
30523635
30351511
38976216
22827754
30486404
30459213
30442123
30441962
30484328
18425566
30560778
30480111
30445855
30466836
30546735
30470625
30465502
22116509
30428650
30574074
30466875
30536690
30498171
30502519
30507680
30481664
20092512
30506160
30499237
30497315
30443855
30491080
30466393
30506273
30480170
30605224
30473660
18939325
30463669
30526626
30438470
30534930
30484309
30488708
30638548
30501579
30458706
30609802
30513471
30595486
21437953
30528268
30493722
30463948
30406834
30401837
30480058
30454584
30478532
30448382
30585190
30476424
30462782
23483528
30568534
30549044
30602198
30609121
30543668
30501378
30538694
30561629
30652713
30498041
42218132
22166344
30570955
30603844
30581177
30550323
30554580
30510066
30537815
30584986
30511339
30600679
30684788
26079173
30625299
30500513
30534276
30578588
30536722
30569184
30531986
30555164
30517317
30541955
25391628
30492931
30425014
30452051
30509690
30538169
30483820
30473168
30496509
30461656
20260053
30521385
30608333
30461120
30524171
30511412
30401744
30483657
30504742
30494817
19763601
30469429
30472309
30444753
30514990
30532693
30577516
30577213
30500280
30597906
23795572
30474206
30477070
30457420
30450091
30490268
30442798
30514010
30871981
22696893
30486529
30482153
30446582
30524657
30466040
30481095
30525282
30477840
25460682
30636766
30420609
30463564
30528850
30488604
30538346
30423844
22301519
30491673
30463871
30470286
30669286
30429545
30480900
30528019
23038630
30476092
39358705
30535130
30492999
30539735
30434247
30493644
27812890
30564968
30476058
30517442
30504930
30458027
30516884
24848365
30513187
30402768
30620766
30485653
30484091
30497018
25995803
30440083
30441187
30460526
30514495
30448671
20291710
30477603
30540728
30487046
30446179
30450693
30604548
27201560
30551645
30456347
30518915
30510738
30500319
26937376
30517244
30419762
30464022
30491590
19525485
30513591
30528144
30428658
30562424
30620004
24344895
30487862
30473862
30474305
30446081
23181927
46747871
30538080
30545043
30615186
30526104
19101862
30555859
30604333
30518644
30604957
30652382
30578361
30528267
23107975
30619278
30606710
30510385
30566306
30552846
30544457
22162388
30553670
30555658
30515797
30573255
30560533
30613653
30514386
30595927
24623261
30533113
30536170
30536603
30550749
30588271
30575766
30548510
21424246
30626402
30526883
30516119
30525350
30597732
30631008
30557220
23799159
30650326
30543075
30496818
30477422
30530797
30506998
30531828
27567115
30586029
30537764
30596437
30544046
30655518
30727965
25192434
30563968
30519235
30488875
30548066
30591671
30542937
26642589
30644670
30575249
30637695
30515331
30650159
22609931
30572638
30727195
30517531
30569512
30536340
30594268
30024347
30567121
30525377
30550050
30569762
30536693
30154495
30628050
30530337
30644373
30600262
22632975
31586978
30537737
30536735
30577406
30584306
26417255
30550591
30486151
30563653
30529444
24063165
30586782
30703505
30562933
30564190
23776759
30572181
30534102
30588420
30626785
26294262
30545474
30553575
30514375
30535755
17927497
30645342
30601632
30689877
30531020
30529296
30589508
20276751
30580231
30547601
30533795
30796238
30539151
30601807
30516353
30543842
26919272
31019949
30527925
30545925
30563244
30614077
30681320
30514131
30534775
30544342
28428873
30594315
30509946
30574806
30554738
30537771
30583979
30584217
30628479
30556515
30561384
30705152
30004409
30564587
30525010
30515564
30594875
30586257
30564555
30594203
30517608
30521364
30490019
30545527
22716537
30588668
30483220
30548942
30651149
30502294
30509726
30529724
30538185
30505768
30483624
30515239
23133161
30591267
30559931
30547042
30504837
30561001
30546568
30572493
30522448
30549027
30496966
18551622
30492085
30594511
30546688
30569497
30543922
30594202
30527893
30531169
30508352
30559015
20507479
30423606
30518868
30442379
30460671
30472368
30453840
30429576
30517902
30446851
30535058
26706734
30441051
30381273
30474607
30536877
30453517
30455591
30432948
30460644
30495790
29178836
30611904
30491189
30491753
30470640
30463022
30478473
30735793
30495802
23444386
30473350
30474448
30602928
30447471
30493837
30431366
30409569
30479429
23614407
46484570
30343351
30508861
30332976
30399161
30419566
30330407
30376926
29527559
30392994
30427111
30448880
30390642
30374094
30405155
30348826
26200336
30422429
30353689
30336149
30391388
30363898
30368137
30397964
29812497
30426028
30352123
30374731
30399698
30411538
30335769
23529557
30308620
30379627
30543575
30357326
31066218
30348101
22517277
30368274
30403198
30345790
30551867
30421339
30381220
24444719
30372415
30383696
30375718
30420917
30365975
19504552
30372808
30386713
30332205
30387933
30363509
30394891
30511133
22119569
30338379
30376544
30325877
30397831
30351953
30372071
30586604
30370529
30390296
30254611
30407716
30392706
30478760
30413258
30313422
30449460
30378773
19363807
30360209
30367426
30323425
30328392
30357122
30375319
30369005
30373787
24092485
30367987
30367893
30335628
30474611
30348111
30376429
30461784
23204135
30500171
30373112
30388915
30515867
30334060
30354036
30371120
25703681
30384987
30371880
30386738
30326002
30414097
30364096
21742043
30375169
30363605
30327900
30376958
30381166
30388980
32425344
30410564
23068014
46407160
30323511
30343191
30377699
30450167
30342762
30407413
30472920
30125082
30380567
30346656
30405651
30374139
30415273
30435542
30395387
28906925
30655073
30364549
30379371
30418839
30563660
30422058
20786341
30391373
30389813
30361077
30342272
30369786
30480600
30375905
27094904
30411447
30365357
30357533
30368536
30400595
30393637
26758636
30440381
30494406
30422706
30383086
38074420
19826486
30370975
30354891
30367989
32503627
30397164
30409521
25813401
30442364
30350870
30402878
30339791
30397481
24168229
30445171
30517784
30411826
30437468
30365315
25791654
30425700
30330256
30375893
30428399
20038511
30403131
30366382
30348304
30375242
30388751
30329878
22741981
30408959
30293442
30344348
30394698
30385307
30413045
30361064
22273590
30506566
30536434
30537746
30507681
30513169
30564702
30456118
30557229
30637735
25566473
30427176
30397039
30437200
30500358
30532377
30533609
30639551
30486142
23457484
30474290
30418323
30447819
30436055
30430460
30487142
30517415
30465890
25453940
30548715
30402715
30492257
30487147
30459487
30554055
30545128
21703683
30469255
30496131
30400448
30502046
30536006
30439018
30498914
21937267
30565199
30500622
30407725
30494508
30496243
30508464
30474293
25334654
30499305
30475094
30455950
30492553
30435551
30452417
22255412
30479620
30539597
30528575
30521453
30425719
30453658
22629614
46897634
30666445
30707841
30563591
30579586
30582223
31243803
18590548
30672623
30701734
30688433
30629099
30645186
30823806
30654616
30749264
30633087
19427765
30637435
30673390
30557284
30952974
30645603
30632644
30776544
30674299
30696570
30687000
30565962
23462578
30608105
30624531
30544146
30765163
30675408
30665868
30592987
30614723
30629932
30619221
23408662
30685433
29311829
29309804
29296749
30569055
30649496
30607288
30666537
30683303
18339338
30637464
30716381
30624984
30645233
30648609
30689557
30606917
30650044
30680825
19203289
30692007
30608077
30662361
30594021
30567664
30653671
30661358
30636535
30662977
23493486
30608079
30600455
30618275
30650837
30642594
30571731
30706713
30602179
22885007
30637860
30638057
30611568
30642136
30575521
30584937
30613044
30628478
26302341
30664426
30573013
30645214
30630686
30683173
30645686
30648394
23436313
30645520
30569364
30586320
30599264
30832407
30664830
44918177
24616757
30686039
30604611
30625468
30572768
30613966
30633202
19472726
30585253
30220398
30369373
30685366
30636484
31577186
30655261
28988821
30873141
30632870
30606157
30618203
30694106
18781021
30566493
30549645
30525101
30489635
30528868
30818395
23477603
30585103
30555862
30545008
30704363
30556277
30661329
30534221
24770810
30566653
30523093
30544768
30671026
30534021
30631855
30506220
30506142
20693747
30544099
30541003
30550211
30517979
30511264
30572488
30540901
30566056
20639039
30554115
30599986
30530569
30571670
30564161
30557788
30679814
30714928
30792842
30539898
26690594
30627357
30499526
30548689
30491704
30523702
30480530
30543955
30545593
30497899
27955434
30512681
30521759
30564721
30531555
30511251
30498821
30525097
30571799
22789967
30490699
30629341
30552037
30582944
32554919
30454522
30528944
30529838
22439276
30507118
30547810
30554938
30529186
30508306
30544271
30586715
30528968
26530870
30531038
30481597
30529833
30524996
30544989
30556632
30551877
24230446
30538351
30526687
30518269
30529531
30534788
30584789
30522847
26033676
39455057
30473432
30549595
30562493
30491208
30489408
21138493
30535815
30512960
30572035
30690010
30531719
30573979
19490670
30568959
30586398
30490115
30479713
30534078
30586229
21810314
30673763
30515333
30526535
30590857
30569602
30567478
26428426
30527271
30492162
30551533
30608409
30609573
24032267
31371395
30501555
30512957
30565297
30514873
24572966
30617264
30596592
30548817
30548651
30571566
29497808
30592524
30537083
30620696
30531535
23430246
30471594
30531495
30501504
30537709
21827014
30526818
30563404
30528737
30520709
30615699
19226189
30697321
30528662
30526100
30482900
30525713
30526738
30597605
25059363
30678368
30556882
30491313
30528502
30458153
30494835
30645048
30547842
24594471
30533366
30530268
30628739
30539408
30558440
30559768
30566483
18939032
30522849
30563959
30529600
30585546
30511109
30652425
30545623
30565655
27710653
30584457
30500335
30563188
30581464
30542561
30515570
19068574
30571904
30470226
30534586
30499276
30462753
30534486
30525449
24596977
30638953
30486625
30509915
30546051
30580873
30505698
23378199
34514203
30265989
30297277
30280164
30310245
30357860
25742299
30334793
30247114
30300010
30326671
30315320
20953629
30346931
30348817
30343913
30329547
30286109
18893434
30314562
30323461
30306591
30282942
30329033
30266915
30353601
24429183
30375840
30327137
30311489
30336004
30297933
30513929
30267920
30340786
29277931
30383716
30320480
30378086
30372211
30343100
30338289
30345342
25409200
46467407
30379455
30417635
30418245
30417648
30321991
30363589
26201998
30418924
30294820
30377920
30364802
30430540
30489093
20983356
30465806
30484248
30344324
30367980
30322916
30333141
18898375
30351200
30416316
30350195
30381444
30410327
30405588
30428843
30419135
25842041
59943411
30376724
30478284
30473695
30500055
30543100
30481350
26403641
30621550
30412475
30502492
30510835
30460575
30498515
20652099
30484649
30525517
30471531
30560435
30405247
30465422
30679128
30001898
30463632
30448288
30521519
30468177
30461878
18884014
30457690
30551782
30540649
30486807
30403689
30471533
23218642
30509126
30466841
30473362
30468184
30521960
30448807
30475106
23761685
30492037
30446696
30492444
30495393
30486418
30497187
30599890
30051523
30588362
30487577
30439114
30457353
30485524
30422531
26149140
30620143
30495982
30524360
30510750
30526259
30465775
27912161
30569675
30435524
30464106
30468490
30453991
21444693
30516802
30484750
30494639
30464939
30506635
18249883
30722409
30467295
30413740
30506313
30547923
30455708
30386955
30458153
30434566
30558355
30441181
30633713
30475868
27316744
31463930
30501928
30563758
30532001
30610299
30537977
28671868
30386873
30487497
30415797
30349913
30322674
21915027
31374445
31434462
30483902
30618135
30467303
18771908
30600335
30545166
30518753
30612412
30513236
19154155
30613268
30664604
30570310
30488373
30577710
21837438
30536912
30551931
30550748
30537117
30548466
26965274
30561817
30514811
30531704
30591515
30611181
21152846
30578139
30533537
30504932
30544255
30522715
30565354
19179374
30545935
30598519
30562731
30606206
30554767
30535001
30572197
28444171
30621933
30493196
30662544
30684528
30529099
18654930
30823708
30596715
30495095
30486430
30495984
30679710
23383706
30539074
30531550
30531295
30533813
30510540
20920260
30670244
30539011
30503641
30626983
30516173
30588493
30536936
43482371
30734476
30585786
30617107
30689191
30634052
30646508
30648535
23369115
30646333
30590280
30659168
30661953
30634431
30618303
30609548
20850321
30705422
30762532
30611402
30654411
30648366
30581429
30654337
30650422
30724306
21820392
30630415
30707528
30580964
30794570
30583426
31501717
30631691
30577108
30624944
27895530
30662068
30770870
30627062
30637929
30687386
30724466
30662359
30569217
27495106
30690598
41669209
30624739
30601680
30660986
30632851
30639228
21303214
30655568
30497195
30527629
30567573
30511793
30615404
30511978
19027720
30690337
30540537
30543385
30584398
30517895
30507637
30563244
20975502
30542426
30559912
30589182
30577733
30510298
30564546
30529898
30539940
30502360
27044668
32375625
30376460
30478824
30514811
30617219
30458889
30507122
30491680
28157311
30560077
30470833
30471752
30500402
30484953
30502581
30468337
21935359
30494057
30500934
30484918
30568799
30527303
30445809
30524542
20408965
30450768
30484992
30394253
30604986
30432113
30468498
30418006
22544888
30383875
30480942
30454564
30600404
30466295
30463536
30405650
29940059
30454373
30443500
30435242
30455500
30510120
30449791
28062192
30469653
30440075
30460344
30434256
30462630
19683752
30499762
30448019
30446700
30436531
30439423
30479969
24777387
30484713
30447084
30448658
30521166
30465486
23294158
30461766
30578782
30460033
30472397
30469413
23933940
30512130
30383613
30422801
30491304
30492657
28926811
30518805
30446025
30501326
30452539
23544760
30477174
30448060
30464155
30450284
22288158
30445733
30489113
30450007
30456408
22703139
30483336
30463019
30427189
30599708
25463624
30476168
30439031
30460586
30482362
18494840
30483813
30562099
30396406
30492826
30383953
30425196
21173698
30481595
30429818
30491977
30503189
30382169
30487941
30453795
19143740
46416244
30370205
30314344
30387932
30488904
30387786
30372451
30361355
26314579
30445762
30340562
30386250
30525317
30639226
30401171
30363931
30377255
30444724
30147170
30403284
30384264
30374702
30381970
30405155
30416233
30372618
30398858
24805327
30405954
30396440
30440250
30349377
30413219
30346277
30498022
30336920
25784074
30400300
30365330
30394608
30306827
30370227
30453537
30336204
20810754
30345760
30340523
30400393
30401207
30345889
30316384
30337651
19814160
30394616
30461335
30416755
30413405
30397785
30374991
30442799
22245468
30415342
30358767
30412536
30326151
30341673
30423709
30372837
29822459
30438022
30322342
30499121
30366662
30413342
30402614
28709651
30391505
30392387
30366770
30445097
30327227
20423647
30383735
30363420
30385630
30348315
30368106
30456004
25684919
30384564
30335589
30381050
30392879
30408709
23999994
30399420
37209956
30341474
30337555
30345496
25306668
30559267
30331095
30413806
30341742
19421299
30412870
30343009
30372713
30586828
30375053
25409224
30380113
30328785
30389035
30345804
23814132
30508664
30338849
30357605
30417222
24816175
30970867
30362171
30390888
30424595
29221309
30391682
30522568
30372415
22884243
30444371
30345153
30387355
38506887
18584116
46302763
30331804
30310829
30280411
30363020
30352960
23852285
30449295
30299962
30330155
30323063
30286349
30342853
30379271
26054228
30457907
30296253
30368425
30281002
30350675
30301620
21865680
46373571
30340980
30352410
30449606
30389184
30348285
20961091
30557418
30319436
30345696
30512242
30974761
52276845
23153036
30381883
30371384
30481708
30390306
30347885
17920765
30389047
30360700
30354579
30317806
30438033
30388030
30444603
21596119
30405615
30386495
30350458
30393276
30484519
30376553
30375931
19346809
30398511
30539982
30511299
30511956
30445940
30425725
31342763
30679190
29216724
30473438
30455793
30461446
30437291
30471945
30414991
20119692
30429897
30506513
30597398
30401480
30457688
30563833
30452955
30509293
30579891
26576453
30476362
30414716
30531897
30480049
30482353
30471259
30607799
34557524
28368914
30502420
30477695
30531735
30508373
30494339
30486673
30522965
22459105
30450411
30473013
30449827
30471821
30456578
30475071
30511359
21344113
30603810
30470016
30520024
30465509
30531723
30546368
30457944
30480735
30551255
28671359
30444376
30454789
30504273
31122663
30533909
30472382
30685962
30463235
29814155
30518093
30497460
30452220
30485589
30523717
30494043
30502205
22695788
30524081
30491567
30506194
30485844
30470453
30451864
30524654
21351281
30448375
30493915
30743821
30432533
30585633
30650941
30484459
23414965
30514991
30435508
30442684
30479767
30508642
30417580
19572768
30507013
30479964
30433584
30458862
30481740
30550849
18411203
30481839
30460546
30416804
30505831
30636746
30488355
21221149
30316395
30288422
30308706
30267474
30263785
30410448
26300478
30376668
30298694
30362651
31354328
30365722
30345607
18839014
30329724
30383142
30447013
30328817
30311689
30308528
30317960
30299658
30328516
30069336
30439603
30334536
30349851
30339574
30335651
30335764
30304477
22307849
30429865
30373851
30352126
30388673
30262372
30349720
30309816
19549694
30304287
30311464
30300260
30351588
30343871
30373755
30334888
21459315
30329207
30286789
30334527
30293622
30315632
30341347
30359413
26010699
30346411
30266193
30253838
30477028
30385529
30287442
24192873
30269984
30352087
30272388
30332236
30309071
30258024
26083033
30312626
30268845
30286198
30322782
30345098
30271174
30291076
23851412
30277231
30310887
30286972
30438653
30316844
30250008
30291349
30334142
26879563
30387635
30260989
30349940
30333445
30347348
30637384
30331611
23578046
30370822
30381722
30440026
30534156
30415753
30502511
30351207
24146994
30386344
30392071
30397186
30362104
30405737
30501204
18385907
30346059
30366824
30362274
30374706
30399144
30400624
30308062
26269543
30403930
30440877
30452258
30411584
30462591
30462677
27914845
30390136
30380746
30563975
30343137
30331979
21410344
31266118
30379040
30415629
30331651
30360929
30468106
30079174
30434606
30324784
30391871
30356463
30392574
29778203
30410759
30362364
30376060
30396724
20843181
30386631
30371471
30651519
30336420
30333114
25713370
46588227
30445053
30446253
30470360
23284214
30678691
30524465
30541540
30550484
31192822
20285681
30538568
30593779
30662664
30554322
30575717
30527659
30557012
24284211
30561853
30518181
30553504
30538174
31208805
30561029
30543926
30625774
24589697
30572841
30500304
30514062
30587686
30624697
30562222
30615724
30580898
23463396
30577727
30512191
30600275
30558978
30588154
30601753
30609450
30519660
27074462
30591430
30502904
30620190
30571773
30598848
30551310
30567570
23957432
30593348
30506388
30475883
30565752
30628508
30617695
30587008
25093761
30596580
30532497
30548951
30557084
30577586
30592046
19648060
30563983
30561447
30542389
30695844
30643408
30609606
30536722
29183995
30619953
30522226
30520690
30504026
30568916
18901280
30643490
30612679
30548902
30526689
30597846
30550279
30496392
30579251
26609215
30627577
30535619
30507653
30532797
30583360
31474726
30533955
19784359
30597564
30568230
30543531
30568104
30588418
30605115
30592166
30570381
26860116
30616872
30629137
30569942
30580970
30613712
30555168
30545763
29007654
30687021
30740525
30592026
30663521
30632686
30671755
22243360
30634762
30631488
30646026
30590899
30588721
30185091
19826669
30575226
30665911
30621498
30670577
30677660
30639917
21740590
30661786
30625917
30618627
42157494
30607924
30640517
25498381
30618670
30610270
30618845
30619924
30634061
22915238
30653959
30574310
30686906
30633950
30614019
22969238
30626881
30660700
30651984
30662229
30649055
25442984
30739146
30536517
30655795
30621784
20600565
30590808
30635603
30566929
30651335
30767603
29922137
30652786
30611496
30633626
30640139
29594388
30679726
30730068
30588409
19966473
30573146
30678719
30613192
30682521
30646801
22512523
30642391
31277696
30711721
30609011
30582802
30687157
23421036
30653503
30641795
30602848
30615933
30633666
30597760
28009825
30670768
30577871
30675946
30599424
30646912
24149772
30576477
30597264
30620522
30647760
30602093
23886874
30662708
30596435
30640780
30718865
30637719
26540036
30591044
30560221
30638801
30929222
21558230
30762835
30598046
30618519
30628303
18330497
46675181
30588728
30563411
30506417
30599992
30546419
25558495
30509064
30501105
30470448
30530599
30499573
30573962
22972079
30517604
30652568
30504286
30536738
30623844
30489360
30566500
27189955
31560517
30587199
30963039
30655306
30644118
30650335
21354939
30474541
30488850
30545388
30584490
30528199
30554170
30514305
30534882
20564819
30526851
30551647
30553744
30690748
30552098
30577848
30514966
30570153
24151147
30515293
30479398
30524123
30514191
30532107
30482153
30555611
20560317
30526038
30647664
30534924
30585120
30533972
30550479
30641164
30518316
20995783
30662955
30525379
30571442
30559300
30566421
30568357
30573988
30534842
30502667
21468280
30526461
30501259
30472760
30493670
30684709
30798885
30539057
30605726
30556575
26770561
30596261
30490780
30647155
30607677
30538380
30533313
30506722
30497142
26277751
31254993
30342479
30302600
30428281
30561839
30368468
30436070
20114822
30418704
30410897
30403709
30385302
30402283
30362765
30345138
30346171
29106854
30448902
30356711
30431108
30379135
30397073
30426811
19278642
30358218
30377467
30369971
30411071
30335893
30364220
30435091
24200811
30323050
30370185
30318352
30401086
30409243
30331424
22950557
30424078
30342696
30388860
30428117
30347763
30327157
24503037
30440162
30528031
30389524
30435877
30341594
19250164
30353662
30408358
30367473
30505106
30366717
30346568
27107274
46489007
30316949
30328373
30342564
30354041
28436095
30332790
30294337
30338869
30321554
20720159
30482626
30342029
30303177
30301000
30362528
26049258
30327723
30238224
30432822
30310131
30355442
21018727
30267204
30930498
30334767
30306149
30311035
30322961
30279984
22375195
30283971
30280213
30303035
30308338
30354157
30328189
30318915
30435124
23759433
30316083
30341960
30330132
30365855
30242860
30279307
30297961
30301171
25416347
30453340
30277944
30374555
30351396
30304263
30324115
30384815
21155663
30465619
30299640
30398798
30295658
30319426
30357574
30265853
20818594
30324363
30244759
30308422
30486873
30277822
30261134
30279980
23510393
30274837
30355931
30341993
30233301
30333302
30339170
20596881
30267454
30272631
30337209
31193961
30294162
30232226
20788720
30298804
30333352
30326703
30346042
30281103
30294291
23547662
31259321
31220729
30305284
30475506
30372137
19582554
30551639
30420901
30372962
30427984
30355731
30389784
30316104
30348380
30316269
30384300
30405637
20446742
30443271
30493260
30339649
30311447
30394913
24169978
30368770
30421144
30353501
30379444
21445749
30357174
30389005
30366278
30414985
20417433
30389005
30397042
30356955
30383244
30406254
18869925
30439200
30425820
30379947
30542458
30335402
30426302
30404172
25427875
30403650
30356745
30633596
30528405
30447477
30388835
30398157
30339342
28270993
30409159
30368267
30424469
30356304
30348040
30370053
30376155
23309420
30349526
30405739
30382111
30352000
30390979
30472920
30323173
23243331
30443360
30351731
30356954
30390548
30426453
30377902
30375202
30427233
30376202
28818799
30392487
30359906
30364798
30394542
30387060
30423241
30427082
30401625
26508588
30343497
30295696
30992672
30359816
30346042
30362694
30367729
19862939
30352080
30358790
30529268
30335537
30405346
30348380
30367875
30407026
26744784
30469572
30483677
30383548
30430816
30364328
30312535
30402344
28845078
30411404
30324450
30343036
30418712
30573687
30398115
22079587
30363815
30412808
30362540
30587231
30385270
30532858
20204505
46609228
30529195
30481585
30466870
30453646
30688090
21276589
30538282
30482571
30429434
30543184
30560600
30505762
25410476
30494717
30439586
31084587
30462405
30480099
22739550
46682554
30522326
30583414
30607724
30598584
22788196
30576437
30593146
30619768
30642968
30523767
25397995
30584552
30552135
30568521
30512722
30574215
30609066
28129335
32404943
30478562
31121788
30462962
30504153
30466401
30506627
23774454
30528675
30495564
30456216
30488602
30797939
30505759
30539493
24893094
30470998
30446273
30475148
30637470
30497675
30515695
19614026
30550874
30627151
30528324
30550451
30729221
30590142
30586153
29405765
30572572
30525367
30517113
30595184
43256931
19289384
30611821
30662808
30506186
30547982
30571664
30568531
23629477
30526800
30558879
30674214
30558569
30569417
21441013
30569933
30599430
30586927
30578558
30634566
21738454
30603364
30517413
30537068
30536069
30581801
24100449
30686194
30587356
30600104
30533939
19755372
30553671
30621828
30496106
30645971
30633959
30567017
24067782
30516348
30609962
30519800
30523790
30507295
30520009
30536562
25680050
30579979
30556999
30665588
30554843
30583362
30563915
30591201
24886481
30572387
30451041
30690176
30560523
30572545
30594475
30608712
29978805
30591060
30560169
30679166
30595577
30539278
30529520
24884461
30642404
30602420
30870061
30688138
30685946
30656386
24907980
30665908
30563246
30589561
30729014
30794786
30637070
30609655
26690464
30683750
30557573
30898429
30605435
30696648
30642691
22096949
30694161
30632130
30572750
30591271
30693846
30650870
20746390
30620859
30632366
30633174
30674215
30648135
30620404
30613520
23427119
30635882
30620008
30657650
30686520
30651030
30626197
30628420
30638768
28672384
30772157
30579966
30705485
30648677
30694969
30704294
30618064
22020170
30677721
30666355
30665909
30745213
30681592
30773492
30638215
20036742
30641377
30591077
30632407
30671170
30654057
30706017
30635508
22205453
30697437
30713022
30561172
30606615
30674225
30671326
30699810
27979502
30650212
30574332
30680650
30692968
30654386
30623680
26143719
46706417
30504658
#end
