#729a2951|blade-1-m620|jdom@54ed0cc8b7e8deffd5e088305ca7723dc0bd963c:org.jdom2.Verifier#checkCharacterData(String)[generators@bcfe6d43107430b2604e2e34b9151742941652e0:cz.cuni.mff.spl.casestudy.generators.ParseFileGenerator('MQ==')]()
#date=May 10, 2015 11:58:32 AM
#warmup=1
#count=3789
#begin
23651437
54514494
26238471
30592288
30424896
26057240
30568651
30397360
25730803
30562850
30544969
47286652
30624011
30624075
25239684
30747466
30548549
30504939
30544691
30608964
25291200
30716830
30590997
30646545
30537392
30553128
30597750
30572075
30549605
30728627
30544309
31430635
25411516
32332408
30506687
30517211
30488201
30515524
30433754
30498488
30529282
31444934
30416702
30474473
25572784
30569155
30519087
31546091
30488693
30630136
30642402
30551084
30565845
30631495
30594853
30556980
30604311
30556580
30552944
30644548
30259654
30596551
30563888
30598791
30531963
30589564
30621914
30560692
30527606
30601065
30702257
30557213
30481358
30598308
21879951
30637050
30588442
30599366
30518602
30579137
30567408
30602562
30551607
30553617
30499747
30526540
38151101
51058021
30570321
28515877
31372420
30589739
30577067
30539784
30630292
30572683
30600655
30678235
30647077
30585141
30551184
30707866
23294073
30569399
30646872
30583961
31567753
30585983
30556595
30602817
40571099
30607026
30607142
30495215
30536715
24242483
30604913
30580883
30576399
30637692
30630508
30547297
30553457
30617050
30592097
30563654
30564135
22129298
30554648
30518873
30615584
30599279
30624899
30587472
30592655
30623446
30616159
30743454
30613537
23906852
30531412
30586279
30601308
30573571
30611944
30554944
30581957
30623008
30616517
39532826
23019698
30566597
30572752
30632341
30560630
30562441
30553700
30582137
32441242
30590993
30584071
25812941
30719606
30680724
30607377
30621529
30557251
30583896
30597887
30627414
30623973
24339111
32538798
30608217
33276438
30566428
30554186
30580879
30484494
30612939
30564610
29595979
30575724
30602157
30629637
30595997
30536858
30604833
30565599
30695871
26118976
30555175
30597019
30542201
30575588
30512877
30549734
30563959
30568670
29456513
30551078
30646546
30727272
30552588
30509095
30563331
30497106
23854655
46885558
30539877
30511739
30503035
30488977
30523706
30539245
23915899
30562507
30547870
30523998
30565982
30619046
30553146
30710577
29000940
30564686
30637026
30629908
30644508
30725196
30555888
24911383
30716906
30636788
30559187
31420252
30601724
30525806
25092901
30597772
30560828
30645228
30848210
30601568
18615263
30603297
30637284
30586150
30571708
30534028
30595273
30574479
30599369
22938156
30731560
30642217
30681381
30631216
30553434
30539567
30577458
19767103
30586130
30593715
30616186
30568269
33252527
30619516
30577024
21097155
30619169
30627384
30567628
30590772
30614750
30586779
30579817
26092496
30610171
30578435
30616270
30601841
30552595
30597377
24046900
30604957
30499712
30533124
30475506
30490547
30507455
25848310
30509255
30481162
30502295
30543497
30449768
20573879
30644757
30431313
30467509
30533599
30536651
30482365
29731428
30432322
30474789
30485775
30514266
30559744
30146922
30464704
30512172
30514066
32880377
21412757
30468024
30463197
30453922
30468462
30529091
27027663
30511704
30447966
30516227
30448093
39229424
30431491
30477566
30426187
30579262
24634081
30428083
30545351
30455550
30576272
27701408
30461933
30466717
30479771
21709546
30461257
30524364
30585208
30472131
45215671
30532844
30573739
30473293
41080704
30506562
30483606
32098703
26009844
30451796
30420024
30471984
28816239
48481309
30631600
20995696
30474766
30435157
30423193
30510175
26303216
30478671
30483844
30505853
30483457
22424484
30476123
30437377
30546686
30468193
46782275
30419826
28055247
30423310
30622704
30469426
30515753
30479336
24946858
30459040
30452505
30463001
30453411
30509095
25446504
30436286
30488275
30451855
30489564
18326014
30491076
30472286
30475569
30636008
30529516
30476220
20918879
30667837
30633630
30686017
30622846
30697319
30672167
30777761
30941518
26522311
30642693
30605192
30685355
30757790
30657382
30713290
30726390
31513508
30643113
30842298
30652803
30628790
30623146
30700661
21179425
30685317
30636282
30752972
30698426
30670015
30538862
18162927
46694664
30524838
30701073
30570619
30595064
30583130
30582519
30618750
21926625
30494081
30671293
30561780
30604509
30539525
30535508
30544348
30579953
30605786
30573401
28170637
30616515
30585919
30601112
30565575
30588019
30518338
45161407
30584462
30623928
29371045
30574552
30688521
30535200
30534394
30544541
30579122
30566298
30546941
23086819
30546973
30568654
30543864
30577644
30515925
30880551
30560875
30590798
22766894
30566608
30522684
30563918
30539428
30744522
30520313
30600275
30596639
26296683
30563273
30614189
30513844
30597042
30558555
30533015
30574308
23768996
30737239
30636852
30557926
30620819
30603467
30739574
30535998
25249742
30612799
30620097
30583104
30579005
30579630
30606043
20552688
30552495
30603869
30595609
30610340
30557706
30508311
18401708
30467738
30495695
30432871
30463679
30516860
30521835
20852085
30444213
37671908
30432311
30492907
30458962
30452352
24948692
30487569
30436382
31029141
43022815
30618761
22486315
30507392
30435712
30478362
30507226
30500296
23949236
30472865
30424518
30390491
30656057
30446762
30436817
21336862
30504627
30443008
30449256
30486584
30574201
31325669
22951721
30563271
30396975
31552845
30515398
30538210
30465878
30471062
21163881
30478601
30463533
30475722
30518836
30411787
30411613
30495451
30436679
30510859
22429539
30441038
30474791
30458597
30477804
30516138
30493006
30461516
30527008
18130838
30435877
30480239
30519306
30628228
30485115
30477562
30463740
30502622
19743428
30398787
30512915
30666346
30470871
30424825
30446830
30451261
30598394
23642201
30391058
30487328
30427275
30465028
30429893
30469586
30475698
22094967
30446422
30493811
30438464
30615743
30442571
30404604
30446695
24192522
30459391
30479648
30469907
32234763
30436275
30536664
20124789
30427756
30490700
30498670
30492975
30432033
30431348
30439645
30468066
21084611
30427464
30445580
30516144
30464862
30492695
30449659
30565648
30446813
31183063
30571635
23741517
30472510
30595575
30475851
30459169
30466446
30443102
30483026
30449258
30482086
22244576
30457786
31087657
30460568
30437132
30427584
30434980
30391475
30388978
30512495
24694844
30515520
30423559
30423758
30466499
30521497
30474731
30517395
31498673
22186422
30482673
30493117
30488844
30507307
30479542
30401744
30457405
30593531
23260934
30470016
30448678
30445302
30449304
30457821
30487907
30542672
19059998
30458246
30626500
30496206
30522253
30518233
30479670
31113658
30431084
30424559
30458487
29328684
30547824
30434684
30549629
30438953
30515979
30487963
30481004
30427335
21431346
30650777
30470508
31278532
30457765
30411002
30478513
30508727
30492668
19466908
30433375
30401073
30462756
30454780
30456837
30492221
30469471
30402342
21418666
30440775
30491051
30439702
30461346
30482931
30737048
30553578
30477411
28734359
30510707
30516095
30475758
30459922
30673482
30519018
30489515
28888358
30421171
30468004
30493262
30500286
30471208
30525877
21357715
30486955
30481987
30631193
30528711
30481288
30514158
30482918
46330910
30600828
30625798
30656495
30682457
30650768
18635561
30766526
30632492
30830299
30640265
30682250
30673575
22543937
30688017
30620240
30885252
30689406
30645157
18493001
30610842
30653045
35836839
30952865
30646075
30717201
30110016
30635851
30674810
30658187
30605760
20606517
30650235
30626348
30811374
30646717
30627128
25015556
30655630
31210176
30600231
30632273
21917227
30641412
30657962
30652120
30979574
30622244
30641164
30219380
30673256
30717093
30643694
30810204
30646859
30661892
22017598
30687319
30695396
30633772
30630017
30779708
30643434
30617945
30641850
20636904
30744439
32647777
30632341
30835530
30661522
30616246
30604471
30661904
30598033
26606216
30641903
30622988
30666978
30668641
30636799
30631658
30622620
40123911
26953222
30616161
30626344
30627082
30650189
30665501
30671301
30638159
21455071
30659797
30674884
30594199
30686334
30665295
30653429
30716450
19980840
30794781
30623975
30609263
30659330
30645673
30652380
30720345
21834763
30790719
30624285
30601197
30879622
30615599
30569410
30655871
30619443
30623428
30049927
30645573
30701114
30639086
30676184
30618913
30622259
30677103
18718605
30630373
30605797
30623070
30723605
30619688
30649548
30648406
30615632
23777861
30600874
30674841
30605313
30647699
30604286
30585999
30639337
22858601
30629755
30653159
30668897
30597439
30588324
30646471
30648949
26004576
30650791
30664769
30654010
30583970
30662484
30597704
23155953
30614744
30559515
30594292
30689612
30660280
30611441
20864325
30681227
30591845
30581906
30595180
30609452
30660764
30782875
30708561
26256162
30629442
39405873
30636570
30663159
30629733
30612604
30683613
25203909
30676455
30638335
30657619
30667289
30711477
30674032
30656962
29736092
30587528
30652395
30654520
30597300
30642260
30761377
24211564
30660902
30676663
30656786
30665975
30662639
30649093
23860579
30646153
30648861
30598996
30655775
30567826
30629502
30632366
19801745
30636502
30646639
30691261
30643237
30588510
30611108
30623626
30718236
30662628
21865661
30609182
30641264
30564346
30672874
30610882
30617780
30580159
30539822
30755491
20594603
30658479
30619308
30706268
30679848
30650672
30664979
30717226
30714910
30696778
19254018
30661913
30603926
30646349
30693982
30812037
30687781
30715759
31648914
30636884
22659513
30679475
30646095
30795639
30683621
30698999
30625579
30675513
30651512
30704123
30592180
30667077
26736899
30629281
30696330
30660057
30653537
30676952
30598589
30661052
30641866
30713488
30696030
26435110
30650084
30683191
31463631
30720825
30767916
30684132
30644117
30668570
30658533
20948959
30627511
30647584
30672204
30614590
30611217
30596559
30655184
30648044
30664676
20666866
30645874
30670163
30622081
30808545
30656998
30683473
30675069
30641344
30626785
24752438
32649012
30674761
30645827
30694886
30651701
30626656
30640537
30636544
23564877
30658217
30666969
30633661
30655508
30588711
30626763
30723968
30646932
26495613
30676152
32727325
30653521
30661719
30683755
30644944
30723234
23247487
30647955
30637964
30621892
30664450
30646194
30657135
30690876
23805352
30597777
30644248
30598461
30764161
30680588
30662033
30698357
30111258
30644717
30656104
30672628
30815719
31472460
30629008
26631148
30597219
30587111
30684352
30697268
30666790
30746130
27388713
30653813
30653724
30662203
30631911
30695654
21297093
30659802
32248904
30657093
30618764
30692621
30613195
30615126
22297816
30641577
30637087
30664661
30651282
30599346
30670533
30678037
26774984
44814245
30675505
30611162
30628633
30783712
30674537
24433076
30625446
30679119
30656018
31318373
30699617
30651757
25872281
30556540
36596680
30598806
30630253
30626766
30618425
30796924
23302966
30696595
30620919
30616919
30641481
30631281
30623792
30653431
24463168
30684102
30640542
30641172
30620839
30697899
30639870
19511401
30637164
30681431
30710419
30612538
30671759
30662743
30625359
30610762
19330529
30654144
30658907
30629852
30761712
30638964
30614288
30827906
30632208
23067563
30697054
30657165
30617371
30718345
37050349
30677882
30680782
30652640
30711184
19527152
30624094
30636599
30667203
30628841
30598708
30653543
30725165
30649757
30634184
30667139
22284734
30646641
30656237
30652485
30610657
30710129
30597217
31311778
30641002
30649700
31505922
24766116
30759892
32183365
30656651
30658101
30667355
30650026
30583562
30613940
30617152
30725274
30637846
30635368
25805774
30683401
30717472
30798156
30620525
30623850
30620148
30625320
30702777
30664561
30630195
30802928
22973700
30670920
30598273
30620735
30662299
30661575
30640548
30749302
30651762
30679310
30639060
30639417
25722382
30634968
30589126
30648844
30627755
30631385
30679040
30637883
30703892
30697537
30648220
23877275
30643359
30649522
30654695
30622271
30664926
30699501
30675008
30772855
30627297
30587021
29171760
30595955
30675852
30668368
30626866
30661117
30615409
30658432
30634189
30590015
26504064
30646570
30676035
30646375
30674977
30658044
30622344
30632515
30681828
19543217
30614626
30630282
30613573
30630719
30646989
30594744
30679287
30596813
30767572
27920009
30703439
30661810
30704319
30599725
30621884
30629210
30787901
19095156
30635688
30625006
30639675
30605977
30621440
30591895
30588429
30664882
25335769
30638282
30646128
30761422
30597159
30645671
30605084
30654902
25197265
30627257
30639289
30617298
30648209
30644595
30611554
18355366
37772641
30655259
30617090
30677888
30647859
30648598
30660892
25735121
30608073
30598565
30649662
30642108
30611124
30639286
26153991
30686457
30659168
30693903
30611583
30636932
19697914
30625918
30782459
30688799
30635139
30644106
30644404
30628482
19633919
30649695
30677616
30621255
30649041
30746244
30677024
30690585
30693312
30694646
23896377
30630261
30640310
30668954
30615790
30603395
30658940
30687770
30613175
22524706
30683102
30614521
30628072
30689270
30686864
30671952
30770790
30656959
30647727
30690654
23822165
30692400
30675575
30696094
30697000
30602102
30676415
30663345
30679768
30651102
30665825
30135335
30597279
30651257
30643270
30701528
30652425
30610842
30682279
30614444
17991887
30518777
30531357
31187591
30542548
30550712
30583690
30514033
30577043
30619737
23604195
30517351
30526745
30505149
30605122
30585866
30537339
30604299
30596320
22887357
30536441
30592100
30578182
30505644
30516864
30640888
30503213
30708638
26417987
30601145
30688802
30701206
30701660
30656084
30655619
30761779
23567288
30622226
30674491
30642311
30639990
30640345
30657462
30668524
25154913
30591371
30694001
30667446
30625651
30660950
30672259
19970349
46712538
30506489
30554819
30588566
30580715
30569682
30632659
29831416
30511715
30557555
30703670
30521051
30537932
19859389
30528778
30535793
30553186
30627413
30618288
30522270
23923087
30560947
30554766
30633156
30570212
30537038
21719661
30497271
30537559
30548315
30533237
30577529
30588435
30564350
26549983
30546685
30753881
30637150
30559824
30559218
30507690
24874655
30567222
30524677
30579026
30541808
30602697
30624732
26637848
30491179
30526153
30507084
30569862
30540902
21183692
30587027
30501228
30555706
30550383
30521677
18564004
30517178
30556739
30534161
30563267
30565377
19252507
30505019
30527549
30597436
30753726
30584037
22173785
30665746
30651890
30666733
30663641
30661751
29037502
30612452
32192161
30701261
30664564
31129512
30773767
30646588
30675066
30809025
25888054
30650532
30710655
31270759
30686726
29971176
30674590
38706684
30682086
22472664
30737543
30952118
30673423
18949919
30685403
30813984
30636936
30723284
30692670
26530880
30622752
30665566
30679708
39186065
30670607
23304488
30673235
30670841
30687917
30628251
30631123
30578322
30613870
30002143
30621051
30661522
30611394
30680265
30632315
30770848
26111913
30653166
30647712
30687157
30695599
30604855
30621046
28082754
30638453
30648576
30627959
30644206
30621677
21768010
30599599
30761690
30622919
30658179
30629266
18568618
30576243
30605195
30571815
30638140
30637604
19354283
30894917
30653715
30623670
30608997
30923872
21761575
30612686
30633502
30575525
30621218
30616437
30652921
22832540
30664972
30609659
30638835
30793085
30722259
30598257
30532493
20802832
29290471
30666412
30559344
30690021
30577642
29223309
29354362
29252557
19141846
29322076
29258922
30831010
30713172
30601446
30558029
30664455
30645384
30616060
20634301
30613401
30624939
30612955
30643127
30659488
30651455
30644190
30629205
30602962
25939386
30654944
30621590
31667499
30632857
30620488
30684297
30756147
30658582
25840828
30589424
30613224
30612226
30595437
30613715
30623820
30592837
20516146
30569706
30528273
30491264
29245169
29241508
29316323
29194703
30797205
29683315
30586979
30658382
30640712
30567904
30610490
30620873
19617733
30588584
30592017
30667710
30564864
30578690
30631119
30650064
30584666
30585731
25895041
30650270
30596091
30746550
30646475
30551106
30562028
30575495
30603051
26368066
30505531
30497286
30477257
30510124
30473658
30497713
30479986
20920205
30488437
30473878
30460049
30568300
30553477
30485081
30499815
30515375
18336126
30497569
30430715
30528264
30463259
30539035
30525413
30437208
30607591
21315498
46476553
30431894
30463824
30445239
30415164
30411842
30458957
30582169
30468412
18769294
30422624
30455164
30360542
30438193
30475037
30444400
30454807
30390683
30445300
21859552
30436620
30448737
30379350
30491022
30454102
30476435
30446576
30423976
30471486
30457035
27167192
30498615
30580426
30408311
30455018
30468596
30399744
30608326
30436388
31326190
27487617
30461073
30443269
34368020
30476817
30485564
30468360
30469082
30453693
22046678
30528859
30436956
30415743
30579184
30453447
30481190
30496064
30485880
21108936
30420233
30428564
30424435
30450127
30463391
30455946
30443360
30447168
24170606
30434022
30465124
30474685
30473000
30500595
30455482
30571279
21863577
30417747
30449836
30513284
30389771
30442706
30368689
30458515
22870925
30516909
30463084
30402227
30429597
30496484
30401344
30597209
28447748
30419103
30488246
30477037
30494920
30481693
30454428
25527315
30517317
30422182
30424079
30522189
30520290
30483426
26985449
30503098
30499675
30484795
30483208
30471762
21366885
30441782
30473433
30417837
30513095
30487900
18338693
30460511
30595533
30507981
30530561
30552843
19635732
30418689
30413925
30514160
30472713
30469622
21825014
30466083
30491278
30547873
30521672
30513682
30451128
23135172
30414784
30468413
30454431
30504580
30501326
31085071
28502464
30420860
30560190
30445450
30430510
30517787
24698281
30467778
30524928
30462783
30589746
30437967
24844505
30441525
30487598
30461430
30523802
30506591
29179997
30472252
30498001
30416895
30483300
35467277
31145540
30539859
30550313
30606999
20934787
30495589
30566697
30550095
30701576
21037767
30540888
30547093
30505233
30578426
30564344
21068812
30637471
30561253
30563141
30598904
30562912
30556043
18113143
30540686
30515135
30588391
30611057
30537735
30501396
30564422
30553386
22393555
30598602
30506897
30569437
30795905
31223520
30603582
30622066
30557042
30578970
21905114
30522165
30596008
30550314
30536507
30537095
30522874
30586479
30580072
30582052
21475095
30664162
30659665
30620430
30662752
30704093
30649527
30600973
30756295
30908961
30687380
30660749
22446032
30652784
30704549
30606649
30735759
30618286
30695501
30701846
30628175
30580729
30597094
30642193
21147885
32042905
32565117
30748843
30680435
30667501
30579355
30661172
30660624
30784486
30658047
30708931
25794809
30710664
30743277
30661958
30620401
30638717
30631177
30656829
30680637
30677431
30643811
26175282
30663411
30747625
30699977
30681082
30647651
30607917
30757151
30655279
30665378
23191927
30732481
30686508
30619864
30660088
30697221
30685033
30739225
30653561
30665528
23181961
30696483
30700532
30713695
30763944
30662990
30584417
30721044
30719153
30735615
26864348
30852008
30659115
30793898
30665725
30655586
30732461
30647066
30662043
25750321
30677592
30668537
30602022
30686943
30657996
30696572
30667919
20081631
30707450
30700474
30645569
30637635
30680763
30659223
30723699
30672830
26980408
30746126
30688476
30664653
30647018
30626576
30619780
30824403
30148969
30774201
30666881
30713201
30707446
30665754
30673615
24176771
30694657
30727059
30699357
30682065
30651650
30653921
21398377
30825263
30763738
30703606
30756221
30681912
30681297
22990087
30670719
30702817
30701599
30669530
30648524
30709377
29135463
30712530
30750230
30692228
30665115
30691489
26037796
30882974
30712059
30670823
30648385
30630897
25503594
30784426
30672868
30715848
30683374
31600584
30588817
30671208
30738807
30664831
30660637
23846552
30685366
30747257
30755695
30656117
21920730
30610184
30648084
30667828
30668257
22026331
30614546
30675186
30583031
30662992
30675935
22390395
30687448
30635506
30627961
30593323
30628613
30626385
20722684
30580428
30609098
30607854
30592461
30643110
30595960
30662661
30661374
24048916
30589513
30625417
30601049
30600651
30679299
30585533
30607453
30657789
30600950
21057022
30658277
30608971
31256172
30658881
30666864
30667250
30597791
30613092
30616145
22343182
30700226
30661090
30701932
30647175
30674400
30681759
30720533
30606932
30650553
29872919
30586416
31603657
30695044
30627272
30625457
30599713
30623093
30641412
30265014
30565362
30635388
30683851
30658155
30691390
30780677
30612484
24421571
30684174
30632901
30634835
30643701
30666857
30584302
30566341
21183323
30641249
30652452
30760949
30637417
30649651
30604784
30613293
23204818
30659257
30656003
30593206
30649854
30606751
30596506
18975647
30724455
30571072
30563881
30598212
30674991
30595022
30546211
30650549
21845036
30596999
30578155
30559710
30557042
30745182
30538624
30675324
30668743
24483559
30650634
30593586
30594600
30608430
30689184
31301465
30684817
24644565
30731101
30557094
30594286
30619755
30668561
30586004
30662403
25625675
30601615
30653822
30644272
30657733
30646988
30652166
22427261
30654828
30529893
30596868
30721827
30603902
30659971
21716208
30661145
30621010
30626021
30704008
30622581
30579157
23487995
30768283
30637364
30585027
30611766
30625290
18733441
30653757
30525252
30649102
30632316
31291407
30676011
28117743
30635146
30628004
30632915
30735225
30661550
30389105
30619722
30670034
30672708
30610730
22293169
30614586
30643346
30672496
30643995
30642977
30597242
24643128
30601426
30619081
30639302
43886432
31262626
30635815
30591002
23503425
30605085
30623750
30630452
30663432
30762699
30639771
30714736
30638464
30654154
26502179
30618137
30667104
30673237
30623415
30597582
30673373
30609282
30590170
23580384
30541397
30650124
30654162
30692024
30625564
31614857
30771232
30621613
25317055
30701379
30652490
30594539
30649820
30634510
30644762
30690771
21155425
30613683
30626281
30586343
30652678
30622808
30726121
30629742
20658788
30754217
30647142
30701822
30606683
30609494
30642688
30619380
23556475
30702843
30729260
30670904
30697252
30635087
30655461
20490911
30757490
30620944
30703119
30673139
30705967
30635034
20622456
30721599
30635895
30618628
30701377
30720992
30667881
23502488
30678642
30666993
30691582
30694910
30711137
30677482
30687884
23198162
30719779
30659608
30669478
31327562
30649097
30706786
30618227
26646681
30682324
30642064
30743610
30694984
30656863
30676328
30640559
30652681
24611797
31488781
30710950
30663536
30596601
30714595
30597366
30666106
30677912
30684520
30637847
25377211
30673468
30631394
30714710
30658031
30766395
30583181
30671106
30738204
30675686
20694644
30733119
30627085
30675893
30667839
30709788
30708681
30657458
30704943
30679210
21432337
30624057
30646323
30660956
30643837
30645186
30663101
30669938
30643415
30700781
26218529
30651986
30593466
30613835
30695679
30710350
30853639
30736068
30736968
25751193
30683806
30677041
30674895
30633463
30678312
31315132
30669206
19241842
30618138
30807763
30662486
30904541
30710572
30710188
30704150
30661128
26986110
30687998
30724418
30671375
30723188
30636228
30793570
30667946
30150384
30611517
30647734
30715014
30678701
30706771
30694543
23229108
30624846
30611422
30655310
30584093
30642575
30627993
21402704
30658097
30673917
30621318
30606437
30642117
30678124
23191714
30768521
30857972
30667122
30674159
30667780
30654440
29125285
30611873
30791837
30610443
30646995
30616696
25352500
30610205
30585237
30662770
30647544
30671770
30566122
20649919
30642864
30653930
30605851
30619986
30619888
30611155
30646412
30689255
20701040
31463626
30623335
30560039
30642019
30633553
30823141
30792956
30669388
30590181
18269364
30598548
30590448
30622662
30605411
30611875
30625120
30631395
30626122
30601029
23081276
30578719
30572137
30600231
30594386
30663851
30577721
30648360
30760138
18690665
30618584
30624333
30623074
30602440
30608411
30572971
30631596
30619042
20616757
30599383
30617802
30640810
30639784
30628144
30641915
30618947
30574853
26189698
30583910
30624397
30630600
30595533
30624821
30599210
30611832
25618119
30596919
30580780
30563239
30595526
30728444
30616691
18965701
30556080
30590555
30566719
30607462
30651959
30645406
30557330
25842512
30569247
31212927
30763912
30639566
30567953
30533996
25822621
30551988
30627233
30634213
30604546
30562086
18539860
30593342
30567543
30716570
30597406
30617266
30578894
24974978
30547620
30610148
30541295
30600406
30578006
24165028
30588417
30610342
30635101
30564549
30597875
25682781
30549931
30700166
30596897
30619519
19895985
30526791
30560726
30578071
30579236
30566857
26717657
30536534
30607242
30583233
30690099
25763177
30575531
30552650
30568100
30615485
27268596
30621615
30527428
30548235
20715803
30589139
30600697
30584093
30705493
25802101
30609688
30509205
30535332
23178593
30553363
30665802
30573411
22241082
30626395
30573168
30581706
30621402
23165550
30573039
30546940
30571737
30607796
31008592
23946155
30564018
30443813
30499622
29224478
29350010
30649879
23509010
30598075
30535746
30553213
30572246
30567839
30611639
30583815
18388086
30684166
30577872
30638750
30596873
30650293
30601807
31186676
30600317
24008260
30531906
30549892
30624786
30598444
30612635
30595473
30657688
23507031
31172198
30534962
30641435
30588884
30663377
30633293
30665366
26478990
30565681
30626592
30658181
30602176
30683450
30583559
23032292
30584940
30604459
30564540
30589799
30627999
30611144
22891735
30574944
30606526
48376001
30745725
30569314
30559166
25664574
30551086
30565688
30566102
30608780
30678152
21504095
30544253
30622559
30586364
30611213
30640524
20605065
30640009
30530871
30636301
33135812
30556224
22343496
30568286
30566076
30748454
30644629
30573027
26046856
30576415
30518768
30549989
30686259
22590079
30554512
30609592
30601026
30535157
21835403
30601217
30604476
30590506
30542180
30585283
20888298
30551588
30572779
30608381
30587844
30570873
30607406
30611219
26506304
30542920
30612613
30621717
30581298
30579162
39344391
26212647
30562331
30597068
30648111
30636874
30546938
19056634
30579663
30561626
30625544
30569668
30581337
30538369
30597198
18526968
30560462
30608355
30547848
30558400
30572934
31158806
30609961
21785281
30521895
30527755
30593901
30621219
30632226
30600515
30602232
30164603
30573472
30657291
30639824
30620555
30544710
30536212
35738646
30519559
30494855
30531773
30491799
30523989
22893928
30469740
30461395
30442188
30468180
30478309
30504135
28476371
30508440
30518718
30493542
30472013
30449800
27045928
30487763
30484408
30479134
30486544
30464444
29873118
30422844
30510877
30524806
29172509
22344609
30581571
30477824
30516323
30485286
18821428
30493632
30459044
30469188
30529035
30573031
30580882
24910099
30483220
30533497
30508704
30510528
30531465
23753786
30458913
30516931
30521351
30475737
30545913
25514648
30534897
30559719
30479106
30505304
30489443
30475815
25445566
30463158
30443043
30470156
30518548
30523331
30547225
30283302
30427693
30490180
30794059
30463959
30526446
24323058
30479955
30495463
30398215
30547890
30527791
23436100
30523560
30514948
30496028
30579792
30554584
24971418
30456750
30480400
30507319
30450702
18915729
30502266
30417934
30538570
30522742
30562612
30515009
22290333
30474393
30566171
30482470
30425506
30471628
30537208
30488636
22487030
30488506
30654124
30509480
30529759
30502751
30503251
30473517
26411822
30495119
30616164
30530926
30443191
30529302
30460198
30651472
26545846
30513006
30511262
30527489
30516526
30483753
30417940
30489215
30515924
25258978
30447079
30542655
30534222
31126920
30529997
30479419
30517704
30455755
23767294
30475702
30515164
30493722
30477884
30525588
30605348
30425598
30477466
26833321
30460955
30548154
30541246
30465551
30486910
30502103
30441438
23538522
30506008
30529226
30466525
30539444
30649295
30514691
30599953
24214667
30445264
30528393
30442324
30480492
30508794
30488351
18680152
30478115
30508166
30614809
30456160
30493109
30592413
30501742
26394955
30518986
30448304
30462822
30586334
30481909
30493715
28221955
30447555
30551373
30766452
30563598
30491794
21407238
30495752
30478960
30425655
30514892
30521313
30488230
30471086
30460562
30514324
30435019
30562060
30460100
30202427
30612737
30504200
30527261
30512047
21282762
30435746
30469962
30454811
30535400
30495757
26000193
30485713
30509097
30525391
30512142
30480474
20407864
30468933
30437376
30545135
30515755
30540442
30544266
27138175
30508129
30535053
30534327
30490433
30518875
30449615
21511006
30445781
31286426
30466487
30503926
30490580
30464344
19125933
30438518
30434762
30516681
30535170
30477117
30404155
20764040
30455097
30410749
30469415
30470371
30441758
30584315
24394164
30448133
30435473
30394273
30415731
30435191
21745865
30453035
30510021
30422768
30483042
30437558
21766376
30488206
30462765
30493635
30430049
30459669
30446411
19568649
30671166
33078543
30487399
30503858
31086112
30506359
30472338
30417888
22899620
30425616
30426217
30540413
30417976
30492607
30501299
30494428
20490362
30472907
30483771
30426335
30410254
30450862
30495831
30496415
21537970
30427637
30444218
30357080
30499304
30479193
30452868
30444901
30414084
30486472
27361087
30394237
30431263
30484122
30436725
30452428
30612280
31080929
30468080
26897528
30427612
30421051
30561626
30487090
30415655
30424211
30494538
21043047
30450720
30584877
30451838
30445647
30441654
30442464
30463968
18411995
30455066
30454095
30432626
30455522
30422524
30465382
30554491
30398976
30393392
26286368
30459106
30484110
30481067
30499186
30476759
30488319
30474984
30449070
30431493
29286944
30476262
30484355
30499335
30467428
30455069
30483750
30442324
30578393
23695731
30402465
31157685
30451731
30467747
30475913
30471747
30416197
30425937
24165744
30439426
30446761
30483564
30444438
30405802
30401808
30473342
18805395
30455509
30427120
30441957
30526735
30514421
30538975
30429120
30446778
28157182
30469279
30470782
30470953
30443269
30444344
30409766
19460113
30420315
30401009
30497378
30469235
30435815
30535904
30431232
25208549
30445966
30452776
30471058
30456395
30433678
30433168
24076889
30394558
31420831
30451691
30785588
30460946
30455200
26740797
30501938
30420780
30388137
30378477
30439196
21842479
30491169
30420282
30476862
30488646
30479974
20538710
30562777
30401173
30429710
30462168
30416952
21079528
30420069
30380498
30436836
30418022
30509244
30474689
20451849
30396923
30414469
30391613
30567080
35953825
30412797
30582215
30520595
25355873
30427562
30387838
30450528
30450768
30468670
30431838
30423211
30456464
26943783
30464296
30542098
30453642
30425407
30485630
30460518
30434009
22408805
30435482
30479406
30494362
30469911
30455404
30415691
30425533
21909361
30451716
30574157
30364427
30495998
30489831
31346053
30395754
24498235
30443042
30576308
30467253
30471621
30452526
30403145
21782671
30416718
30433009
30403891
30458906
30437782
30398115
21823781
30578112
30455484
30497032
30459704
30428357
30446336
24107425
46593911
30430413
30484731
30452622
30529891
20506540
30491458
30482769
30486218
30504049
30460076
30460250
30446673
23465815
30465284
30469349
30463107
30510950
30468335
30444035
20568865
30483371
30480455
32551504
30453098
30496333
30505923
20668001
30493322
30476680
30501119
30509746
30388378
30577246
23630859
30486373
30537479
30449126
30472864
30461186
30450948
30452467
23497473
30446675
30404426
30391271
30430615
30406937
30474461
30517780
27571651
30424983
30489982
30431563
30494576
30481966
30475968
24049032
46648310
30526955
30523366
30546225
30512016
30618771
24209122
30537002
30573746
30537884
30695164
30524444
30493096
29740825
30552326
30518234
30610868
30494955
30534035
24177287
30503521
30588272
30461359
30503089
30580855
23454158
30568451
30559148
31903589
30526549
30497953
25531411
30491575
30560537
30537430
30497966
20704710
30523846
30525483
30549753
30579494
30553368
27342753
30548061
30537731
30547613
30508822
26266229
30588380
30520564
30681859
30610808
29234237
30612821
30611382
30617274
21370518
30568384
30627984
30591215
30543342
30565009
25565993
30490287
30629662
30611657
30634686
30537541
18065296
30580315
30594724
30657270
30586875
30620900
30703555
30596769
26087588
30497815
30537040
30539440
30541291
30579635
30554047
26790334
30488406
30407613
30522097
30466420
30539542
20576266
30582188
30526264
30471495
30538719
30475198
30495731
28062295
30527310
30464473
30410385
30482022
30484753
26923043
30477800
30474191
31428943
30496175
19177000
30500673
30456955
30474567
30499564
30418938
23761721
30444793
30510934
30441567
30549511
30512726
30450589
29029881
30541022
30581730
30640522
30640564
30539956
24317246
30631509
30671197
30653699
30637489
30709523
23898092
30625332
30657695
30698398
30659277
30772471
26194331
30650324
30616001
30652186
30682590
30664581
30649568
26957474
30661948
30683982
30640857
30647348
30687444
31289994
24015556
30637263
30668061
30630768
30668535
30663484
30606039
24528029
30657139
30771710
30667240
30632155
30669061
30571861
30066645
30706114
30676631
30687504
30645090
30623452
24818636
30626783
30644120
30648988
30593064
30588504
24226232
30659428
30634648
30646208
30652346
30686159
26397841
30555688
30619059
30668024
30649195
21198203
30609784
30597379
30742792
30640248
30697381
30638806
24582401
30674243
30649904
30629335
30603000
30647637
21648330
30596468
30626980
30584934
30666130
30667846
21020105
30573622
30769830
30617944
30651630
30737015
23300771
30631891
30588628
30606913
30589994
30640530
28238022
30655238
30701379
30782724
30619172
25023908
45511546
30725895
30639977
30666077
25100461
30624519
30678517
30613001
30659170
25336380
30612011
30707446
30645188
21429350
30648123
30610357
30612859
30664175
25618368
30640012
30657061
30645453
22761214
30652328
30697523
30696681
30619401
22772592
46612427
30524388
30572820
30594771
30634281
20423346
30529435
30567501
30625599
30633914
30713321
30548033
30639628
26661940
46526133
30514239
30503033
30614286
30445742
30572737
26477917
30477936
30474955
30465575
30476964
30485765
30503599
45646565
46764958
30613845
30613304
30649098
30684750
31606635
24340882
30780521
30698204
30629908
51774121
30830086
30675563
30076891
30869102
30707204
31972618
30615646
34280900
24820859
30665423
30642088
30851238
32014683
30615077
24179731
30570601
31173567
30591240
30628998
30622217
35861624
42561942
44695975
49435213
40441305
21211256
30577980
30588088
30658491
30693811
30622173
30141629
32302303
30613812
30602821
30608790
29221489
30751768
31542053
30612735
19726243
30756352
30579637
30571075
30665108
23293228
30678516
30647395
31319013
18755927
30621813
30640388
30657584
30653248
30588678
25758659
31554731
30572635
31255297
30703328
#end
