#729a2951|blade-1-m620|jdom@54ed0cc8b7e8deffd5e088305ca7723dc0bd963c:org.jdom2.Verifier#checkCharacterData(String)[generators@bcfe6d43107430b2604e2e34b9151742941652e0:cz.cuni.mff.spl.casestudy.generators.ParseFileGenerator('MQ==')]()
#date=May 11, 2015 3:25:24 PM
#warmup=1
#count=3842
#begin
21328012
54177636
26944579
30453318
30390178
24312235
30388377
30444624
25202494
30510849
30474613
30355378
30603424
30419188
24495739
46708587
32466147
30508380
30546402
30539007
25606617
30578867
30720242
30469639
30527917
42938083
30756812
44830771
45148460
30570535
30591534
31403551
25642061
30651207
30652445
30723374
30707637
30681735
30690548
30727187
30718668
30651248
30680026
30683730
25403619
30719111
31656875
30646386
30713084
30685583
30650353
30710743
30759019
30713971
31510966
20874198
30628382
30711892
30693696
30670821
30683614
36178412
30783319
30721037
30695454
30705877
22553890
30640175
30662328
31583326
30729919
30759194
30689997
30719018
30644561
30644205
30702530
29924532
30671217
30665988
30687138
30711190
30753394
30653219
30573173
30703434
19933455
30653279
30660810
30833459
30730874
30809781
30666984
30764686
30721936
31773723
24327086
30645224
30727834
30625020
30722727
30704272
30719732
30730814
30666538
24315025
30657647
30665330
30734245
30724093
30659653
30697003
30745916
30673166
30462813
30773290
30751073
30714952
30702741
30715413
30819797
30755845
27107178
30681121
30729826
30852623
30763356
30726821
30760253
30665755
53735349
30735753
30734471
30767245
30770248
30704039
30730920
23936702
30656122
30724755
30693528
30662182
30939245
30792123
22408141
31655172
30636877
30742477
30759881
30691742
31277062
25065423
30687033
30788026
30640799
30702657
30685046
21295032
30744132
30730780
30683721
30768168
30677090
30734988
28994472
30717643
30696012
30649068
30662768
30667312
29604026
30711392
30719797
30745174
30716832
22417100
30678862
30679884
30712844
30879563
30703246
30696710
30686588
28803123
30681786
30704035
35812438
30715123
30717819
30676799
28676523
30743550
30722840
30737256
30682977
37633162
20041945
30672766
30723753
31844541
30688830
30745374
30667288
26022665
30701195
30766037
30780603
30771057
30750761
25326127
30840928
30709508
30707991
30741130
30729288
26529192
30726959
30684678
30701673
30654907
30733941
30667885
20491794
35193071
30860329
30683292
30749988
30675592
30704773
30688243
30619332
30688281
24628452
30504197
30664468
30590183
30775856
30599104
31638842
30626032
30560268
30588541
30573451
30615715
26011787
30567004
30572573
30672402
30640721
30599163
30546666
30726822
30550806
30609337
30567251
22815421
30531240
30544032
30466022
30647339
30559528
30611635
30584109
30543964
30630370
30628924
24479144
30587966
30618195
30583452
30639860
30625386
30638188
30673190
30565626
30560050
21298491
30482824
30492935
30479241
30563581
30520973
30499731
30558193
30446655
30490813
23844502
30983626
30511966
30437000
30470779
30500953
30456696
30488514
30482676
30507477
30248122
30505004
30497004
30533667
30482804
30508304
30502895
30467284
19268018
30444713
30506704
30451158
30491222
30463906
30459664
30539908
30498655
23678368
30468918
30608102
30470248
30454033
30499204
30522675
30436480
23674705
30515744
30468524
30459051
31087736
30509273
30418342
30424373
24518911
30403890
30478961
30523496
30436290
30535253
30505162
20488324
30492138
30475864
30494053
30518757
30480279
30479226
21035695
46597103
30667628
30681761
31239075
30578926
30531424
23766365
30554932
30600101
30575726
30608833
30546771
30570302
28795174
30584165
30771247
30642143
30590033
30575508
26205165
30604414
30643413
30629102
30629286
30521683
27308103
30502186
30313607
30355197
29298369
21134029
30607350
30598082
30755098
30658081
30596417
30565189
22843421
30602717
30582164
30606448
30608089
30592399
30537032
30591684
20058792
30584873
30619206
30594196
30739031
30519923
30579590
30556699
21732857
30632379
30672454
30542555
30644051
30541640
30630945
30570915
25981691
30850718
30519399
30655861
30593773
30557886
30558413
24821314
30562602
31545791
30558328
30736361
30584568
30590139
26490169
30557651
30688386
31628512
30591688
30713683
22161163
30551675
30590748
30609159
30619831
30569274
30600796
29488609
30520911
30664017
30645317
30669006
30585097
30045425
30582293
30636762
30571033
30610546
23180683
30557011
30546010
30617822
30619501
30550835
27158038
30577779
30640473
30597557
30558878
42501599
23712828
30580956
30578047
30549252
30609762
30664859
30621932
50839906
24452979
30555421
30528910
30544798
30657660
30581370
30574306
30775405
30630282
30572827
30722148
31276341
30541086
30452402
30433398
30470945
30596456
30454424
30402962
30510790
30459208
25981920
30501511
30457653
30524995
30643614
30494023
30510204
30528462
30515115
30415445
30460942
30491350
25198139
30477775
32498883
30498346
30469367
30496788
30591580
30468151
30472020
30530148
30482039
22273811
30470302
30523553
30508893
30510444
30475393
30481897
30488218
30662810
30453648
30490759
20191509
30464187
30565149
30417198
31118096
30475524
30529371
30503524
30533963
30509659
30521119
25534272
30491450
30498891
30444752
30493907
30508250
30486637
30494868
30545464
30465277
26021805
30503967
30454795
30479176
30475013
30461573
30498292
30630075
30512087
21334964
30452098
30503846
30458842
30493340
30477830
30596166
30457058
30478982
21269925
30435138
30465171
30468460
30479195
30635072
30546211
30498306
30516692
24008336
30477149
30469549
30436711
30463591
30427338
30380471
30489153
22140255
30491182
30496978
30484453
30507093
30475169
30454615
30460202
23611219
30466322
30515913
30473904
30458609
30500808
30435809
30522512
29892119
30509964
30521969
30509364
30509018
30512308
30475730
26541479
30470948
30481915
30494384
30473495
30641800
30494075
29856761
30488928
30472926
30551955
30556937
30435459
22727039
30410897
30470962
30476133
30440393
30468539
21071982
46743461
30553650
30646833
30603266
30587021
30588992
30565601
25593483
30839483
30615828
30581274
30612953
30934568
30601282
30582002
30794928
25610943
32375572
30864254
30440547
30507393
30483335
30455959
30415076
25231020
30426819
30442562
30443863
30483573
30485224
30466715
30520407
30436879
29290351
30490664
30477498
30430925
30487601
32432517
30432758
19544662
30427457
30436558
30450333
30481651
30463011
30485462
30527559
25156828
30457517
30541388
30503858
30537339
30482210
30459158
23862366
44130474
30482049
30444346
30432173
30504068
30410142
26228269
30932638
30671817
30572828
31143174
30577893
21265216
30572607
30562431
30535497
30577246
30564009
19288724
30587641
30616580
30577535
31537951
30680837
30552833
30561059
24711252
30535931
30484904
30543945
30632923
29299449
30603075
30587446
30578359
25618972
30583751
30613910
30542944
30551795
30618999
30591837
30561729
30516130
30585630
21678580
30649739
30628504
30706785
30626001
30516428
30520990
30516393
30599884
30587377
30624397
24010529
30591871
30553944
30562675
30637534
30506854
30573942
30571893
30513386
30554208
22177048
30619225
30582758
30547900
30599046
31493931
30629362
30552973
30543242
30573897
24505678
30576106
30587208
30502233
30523237
30559535
30524351
30587469
30560053
21850363
30604088
30539708
30730310
30565044
30555756
30547202
30580079
30523807
31211635
38281936
26798581
30858950
30563362
30541997
30563354
30750666
30510782
30589206
30588788
30531673
28053998
30606151
30482324
30555798
30554314
30570622
30556688
30588737
31426690
20853163
30782276
30536679
30517976
30665394
30512988
30540484
30563264
30558721
19627042
30686479
30690808
30569693
30561055
30593484
30652623
30590946
30647230
22728888
30593850
30561937
30621659
30693382
30600517
30584964
30580626
19700284
30743290
30629975
31472905
30528726
30572267
30597493
30541338
20666762
30601670
30602186
30537950
30609846
30578521
30550484
30496902
24906318
50695428
30545635
30565764
30521178
30559167
30584667
22801244
30608110
30553638
30585197
30530456
30598328
30555675
30692246
30572476
26532323
30628813
30602219
30508506
30542175
30562315
30716319
30524676
23530889
30558364
30609397
30697670
30598435
30529812
30655457
30677254
24688394
30625582
30555248
30581969
30612495
30611565
30593059
19629639
30577970
30624962
30504382
30540444
33662185
30608037
30614919
29273682
30567544
30578415
30470555
30655077
30602374
19136462
30616709
30542491
30758039
30612114
30552378
30736021
23550939
30592260
30581637
30550193
30574143
30582893
21156294
30550097
30556480
30506589
30577751
30548770
21439991
30635039
30641054
30586913
30564404
30557919
24167954
30595076
30582640
30558850
30644359
19417880
30548422
30602282
30554458
31156425
30578846
30555415
24671810
30584084
30575257
30538446
30538846
30688866
30525757
30616301
25524526
30608400
30629953
30565513
30571315
30654997
30567055
20437375
30572640
30581793
30611393
30570162
30518704
30561921
19544375
30635295
31223198
30515676
30658823
30531230
30562226
20638816
30580215
30632870
30627384
30551367
30526115
30546772
24947174
30602786
30581099
30535188
30580852
30541731
22619750
30610805
30646190
30583631
30610840
30531338
30578817
30698334
28923734
30544831
30578622
30610721
30554404
30575165
30558793
26228256
43021779
30594009
30648954
30679490
30620682
30687086
30553370
20555950
30660344
30660175
30556797
30577854
30604055
30692716
30629875
30590439
23405299
30474705
30457983
30455099
30443183
30473502
30479716
31182523
30484700
26743670
30526704
37441267
30450630
30507473
30623620
30450717
30493158
23669370
46559174
30455265
30465701
30460806
30443106
30548335
30485484
24887073
30435117
32388387
30443393
30470382
30441800
30421200
30425326
30391085
20495414
30455815
30427251
30574521
30493025
30404171
30417084
30402773
30522377
30448197
30437875
29888903
30440404
30438712
30598101
30463414
30458526
30443519
30371026
30367582
21142809
46531160
30470896
30504673
30461406
53432975
30442648
30462106
30617268
30456502
29793832
30498348
30535351
30469404
30501458
30472348
30466537
30456940
19769567
30382471
30464526
30624677
30462746
30446920
30427158
31090611
30476591
25047329
46554094
30400891
30490438
30462420
31077934
30424977
30458406
24335649
30399342
30428176
31559753
30424682
30414040
30444542
30466309
29063002
30502804
30489646
30540555
30432900
30488578
30417458
24191445
30539824
30537028
31118629
30503616
30444311
30392416
24052262
30391522
30417822
30396600
30410862
30378880
30422789
28346609
30392509
30477262
30461017
30423945
30416368
23385199
30407206
31401755
30456784
30547218
30404969
22641745
30450373
31088809
30427931
30461678
30472231
23962545
30433904
30500562
30475869
30445028
30420798
30273578
30404602
30436671
30435411
30430675
25135878
30443077
30574264
30454784
30452015
23950269
30385678
30400386
30336220
30424484
25369284
30471034
30408188
31112721
18746056
30547515
30428340
30490149
30463431
30454980
23136264
30439915
30414905
30430904
30446773
30514361
30530738
25523097
30435088
30391056
30994441
30414528
30435735
30442169
30379500
24746010
30459537
30461038
30425936
30473116
30461598
30588440
30456995
30431237
30418610
29864572
30432871
30827179
30462455
30452338
30453367
30450990
30404466
30427976
25749197
30419731
30376499
30429498
30477528
30409775
30432107
30484695
30561362
29130601
30466104
30504262
30497081
30426699
30340499
30418381
30460461
23582277
30361582
30429267
30432391
30454619
30431940
30476530
30421599
23503796
30331169
30455208
31436664
30510344
30435975
30454257
30380159
27701702
30420537
30454624
30427738
30559494
30479181
30438698
30490844
30452527
25364907
30481306
30524104
31076656
30454660
30440382
30439804
30379157
30433450
29263759
30433625
30454751
30495122
30506064
30429566
30373252
30439400
24117577
30382640
30473679
30395711
30519692
30452140
30396851
30430899
24418394
30513222
30490857
30349726
30366520
30433991
30396429
18277584
30371142
30458455
30424114
30446317
30437920
30455495
31422969
25891330
30417877
30412905
30471749
30401650
30428390
30424330
26557437
30479260
30403026
30384326
30547787
30440046
20634865
30394347
30436213
30469838
30441000
30462158
30483142
30450236
20991891
30446435
30446455
31095984
30434375
30460064
30407623
30469305
30500709
30473684
27398264
30470942
30480347
30461211
30397649
30427454
30463564
30457611
30539089
21754012
30457489
30461580
30431753
30439611
30493300
30475701
30511068
30434326
30466102
26218884
31047954
30466060
30471254
30392782
30467757
30434912
30443105
30442755
25267098
30452922
30463548
30445077
30469954
30464935
30429793
30453678
17841363
30398258
30409911
30402090
30502071
30431835
30558917
30449076
30423098
30475799
30367584
24227074
30553955
30435464
30406979
30562093
30464675
30515384
30436593
30426669
34622853
25087114
30459494
30425319
30396518
30653749
30465706
30378668
30464045
30405964
20389599
30464646
30479013
30538683
30451195
30485060
30476473
30504558
30457968
20449629
30448000
31079383
30434032
30623747
30507359
30483791
30461829
30443889
23880608
30473504
30478135
30510508
30479242
30437991
30445440
30468408
21857525
30452180
30529333
30482495
30484737
30476404
30511391
30514397
23338600
30430122
30650555
30513595
30435972
30429472
30461164
30489456
30205435
30455992
30479382
30451691
30441684
30466126
30504864
27008127
46727164
30528458
30522819
30516964
30542539
18167785
30529706
30576999
30497959
30504638
30542157
30531072
23623048
30555750
30573144
30534443
30547533
30582388
21331518
30557644
30528813
30521844
30480264
30551492
21784881
30568575
30572417
30520466
30690774
30575641
30552113
20630842
30480918
30564748
30533929
30535799
30565128
30553509
30534842
30552868
24379532
30595718
30520314
30606671
31229769
30544444
30497677
30534231
30536382
30502204
21835419
30499317
30629033
30587188
30554720
30566497
30538970
30739503
30553375
30525891
23486449
30516353
30580119
30565174
30560122
30551162
30571469
30529426
30493191
20543857
30578957
30577272
30527879
30584774
30507777
30567615
30523362
30550452
21161978
30536275
30590740
30522493
33972408
30548848
30530884
30519982
30686617
25887438
30600166
30648812
30634588
30641589
30670461
30621104
30652941
24551497
30646851
30663575
30643733
39949148
30588302
30632157
30618355
27567431
30697710
30612808
30646148
30654734
30664188
30675106
23145835
30688082
30784639
30655162
30624837
30661968
30646195
22684524
30653584
30682900
30675577
30591195
30651759
30645821
25151938
30680641
30630047
30567513
30628830
30607694
20844345
30686764
32642406
30733950
30708225
30679811
18989926
30610672
30767932
30670268
30721641
30570398
22413977
30760599
30681466
30683902
30740139
30661777
23953214
30668564
30635841
30621411
30631691
20524668
30600319
30715476
30705431
30652334
30662033
30651072
25966610
30705546
30742890
30691139
30690733
30623762
24189666
30665221
30701501
30672430
30611926
30633679
25425518
30675846
30695968
30733510
30727434
18930887
30671379
30726604
30554473
30659037
30661032
30619577
21670837
30659866
30702350
30781062
30679795
30756405
30618442
30640438
21006939
30553121
30628916
30640759
30622202
30664866
30606399
30600303
30609444
18654529
30536904
30608457
30542764
30616545
30696901
30655915
30717598
30647182
30651279
28294109
30597705
30690348
30639266
30630339
30628589
30643046
30639388
30590250
30674699
30624058
28993422
30577445
30609857
30619555
30558551
30667405
30647044
30630895
30623297
30599301
23102267
30733842
30608724
30569772
30618074
30622857
30689201
30667491
30661262
30658809
23166502
30615339
30635537
30591746
30597812
30598900
30679239
30687751
30674170
30568624
29729764
30647965
30622026
30619086
30610781
30620493
30669150
30671919
30607328
27909527
30683892
30617088
30603223
30641706
30582384
30604684
30877479
20940823
30588031
30610105
30716704
30584082
30547984
30533195
30609710
30559568
29878739
30640508
30628690
33591412
30631044
30613915
30541953
19265347
30537462
30629137
30629525
30594970
30602319
30583590
30515291
23951723
30574369
30618715
30565784
30584130
30722983
30607276
22283443
30436635
30470038
30504620
30528044
30493121
30461424
23580817
30431987
30485959
30476859
30420717
30473419
30745383
29824339
44595083
30459502
30449227
30498596
33875331
25770235
30476155
30497329
30463529
30433960
30436187
25753771
30409753
30604248
30488717
30470395
18586886
30404839
30455064
30492536
30441935
30444777
23940282
30494444
30472713
30495026
30453053
30506251
17861447
30567619
30475286
30541371
30433777
30473502
30580810
30492778
20031547
30436831
30411642
30452815
30481147
30492247
30499031
45292079
30473369
30583966
25551429
30473893
30494668
30430083
30386424
30527526
30489333
30522262
30526042
25544309
30484673
30456233
30477100
30442385
30481136
30427378
32605913
19710377
30485599
30492077
30434176
31126625
30491610
30424361
30501650
30456741
28984671
30402459
30541080
30471281
30454242
30493338
30443686
19735463
46663640
30469040
30637974
30555373
30497682
30530553
30557341
24794548
30585884
30527015
30556264
30535248
30552425
30510414
23413948
30449122
30565586
30508397
30568003
30561730
30565140
27765943
30644887
30608753
30553015
30823966
30546812
20739005
30512431
30556115
30557130
30572540
30542048
17825619
30512057
30587375
30564962
30558471
30644415
30498468
31050687
23868523
30506287
30571204
30559026
30561458
31110898
30535133
30534900
30562742
24861125
30574862
30595573
30491806
30544035
30538804
30500604
30537171
20146077
30573026
30671549
30557159
30607297
30564701
30534326
30585346
18173687
30577140
30660700
30643128
30624846
30660650
30611106
30691108
21380246
30604226
30679148
30685097
30723288
30640749
30634128
30614126
30617687
23895030
30579647
30634079
30608621
30635613
30669193
30637337
30651743
20958427
30578268
30623193
30635585
30671501
30653486
30653799
30686990
21534743
30617277
30655923
30588494
30652253
30589558
30614617
30607041
25543571
30645177
30652137
30662041
30568665
30650782
30580297
30620599
30621144
24898052
30631682
30633262
35741937
30634469
30596979
30628075
30643810
30581702
29828950
30648494
30628449
30575326
30667900
30556644
29711245
30665210
25446682
30677468
30669862
31230605
30775501
31695428
30731830
30622897
26535245
30613685
30630126
30537831
30845613
30629278
30617461
21360504
30564353
30653440
30613604
30614742
30576869
30623792
19272625
30648464
30598805
30656108
30656617
30615735
30549231
20929037
46919114
30685984
30725114
30669562
30779797
30686362
30642610
30710899
30310445
30632888
30645236
30592660
30579482
30613746
33895205
19815501
30620888
30729015
30651751
30614578
30686843
30682037
30677933
24703086
30699546
30807466
30706723
30634602
31491228
30637039
23196611
30742210
30630322
30677230
30596886
30638646
30685124
24631362
30688734
30677277
30682857
30619261
30696052
19409291
30666857
30589698
30635017
30566843
30673744
30681057
27048901
30636135
30694259
30760641
30701965
30731250
28000615
30670039
30629708
30638483
30602577
20614306
30634773
30638504
30673984
30561275
30768207
25846384
30725304
30688053
30679133
30690512
24090556
30696388
30705158
30679554
30739999
23689057
30657993
30685176
30629112
30657187
26338420
30635726
30704044
30587982
20695777
30520340
30587657
30637641
30876099
30644617
25911134
30625197
30584562
30532299
30557586
30634184
20494197
30620884
30600744
30568165
30696228
30596282
30598871
30543582
24671369
30862986
30576473
30623995
30683870
30589235
30609597
19465828
36988339
30607764
30584788
30636976
30676463
30602666
30584784
30641095
19219220
30513124
30575790
30565568
30582164
30545134
30588299
30606361
30603246
18756314
30649175
30632359
30580514
30583799
30599414
30693813
30561323
30622329
30601910
30547337
20857645
30575628
30566055
30570037
30565634
30636011
30492640
30601644
30629697
30610412
30658833
22636098
30688079
30592080
33021952
30579219
30577339
30657159
30551331
30546910
30587730
19666851
30543648
30590737
30631859
30720290
30548074
30603231
30550093
30605419
30663978
21362104
32521999
30610155
30560229
52950983
30568253
30593713
30587146
30570537
30534817
27900632
30638773
30734634
30575412
30585846
30596386
30620581
30595511
30583768
29275477
30547739
30606967
30640515
30586330
30604457
30514974
30582773
22555477
30572168
30571380
30720726
30559500
30606359
30655743
30963288
21194533
30580444
30586249
30565366
30584577
30600355
30639250
30543404
23541959
30579855
30580303
30641174
30600293
30623003
30605259
18793019
30561735
30632495
30575797
30734015
30589812
30555050
30574003
30359035
30613163
30623166
30623179
30627100
30568837
30621049
30590590
23375262
30550434
30559228
30559477
30641186
30542579
30693731
30585884
22316435
30580477
30616297
30584869
30629459
30579547
30785092
30652450
24716846
30636630
30617902
30736755
30613817
30649677
30574643
21099156
48025950
30641809
30578210
30572130
30783689
30611911
20800868
30556961
30619074
30590316
30604289
30542002
30538251
23039388
30543702
30589819
30579264
30577355
30600640
18463777
30544495
30603604
30639297
30566092
30642108
30566899
27656301
30470073
30448579
30466067
30527630
30477262
30386250
30409358
30459231
30524229
30470895
22490331
30477135
30466310
30474624
30544796
18288244
30460568
30447445
30561839
30473795
30525259
27895021
30488050
30486559
30497884
30470985
29894325
30375242
30434431
30452679
21333744
30474944
30474456
30495232
30507546
26271881
30698752
30519877
30494084
23387060
30452085
30578095
30447924
30472935
21582613
30488817
30510808
30491509
30539213
30471653
19668021
30393571
30473913
30470259
30656488
32498831
30478828
30472944
25106596
30438704
30459077
30731759
30441073
30439243
30432848
30515291
30419336
25781111
30492309
30489033
30502208
30530733
30517213
30514030
30514000
30413060
30421597
18389017
30437597
30489666
30539895
30618854
30469175
30554382
30509035
30511393
30519571
30514913
21463184
30415735
30526421
30442150
30455749
30449253
30520958
30457697
30519924
30476922
19003593
30424013
30481472
30454393
30492757
30505393
30620866
30449603
30567902
30531804
21805108
30422693
30453244
30502220
30475442
30466198
30399711
30462295
30427514
18175547
30423920
30533908
30501097
30508675
30605741
30467510
30475500
30448605
19897487
30465653
30507455
30412584
30426028
30473875
30489407
30453582
30521133
25327862
31150194
30538563
30498315
30474226
30450288
30464888
30443424
24308888
30438502
30486792
30515864
30500175
30504406
30486073
30555311
28563684
34223862
30560722
30622628
30741477
30575736
30618031
23644208
46498400
30487749
30509009
30518815
30471720
30486311
23495807
30451591
30429963
30391371
30456169
30450778
30487653
26723843
30492476
30558666
30515435
30489395
30464048
22535622
46521434
30393647
30460740
30403742
30434711
30436031
30438691
25565275
30473354
30432400
30554639
30431971
30395249
30355626
30412202
30542508
23326990
30402039
30383996
30392100
30382464
30373834
30415939
30481980
30391613
25131756
30463192
30430706
30427138
30470973
30443202
30427617
30447206
21348838
30340577
30423028
30433584
30414813
30448680
30484073
30375713
21172426
30489555
30421245
30366873
30449729
30413651
30393995
30696472
24570495
30410762
30443653
30420263
30413604
30481268
30422393
21568112
30412289
30512353
31050818
30441994
30330086
30575005
30392865
30432091
24271032
30364953
30403789
30447239
30401034
30602441
30440008
30470377
21028902
30393946
30441803
30435613
30435180
30395342
30395184
30396480
20776898
30405860
30412500
30783001
30420812
30365908
30394779
30600489
24467806
30435962
30432015
30411968
30428991
30443093
30471573
21875948
30424180
30390440
30499051
30420436
30481946
30452659
22412728
30411022
30408695
30372429
30461468
30451462
30400713
30464253
18999283
30394529
30427731
30449349
30440151
30455138
30438885
30344461
30441793
30470835
30082599
30445600
30423302
30368591
30399249
30390246
30460948
30378838
21830392
30409343
30433904
30544501
30520962
30462877
30487520
30490170
18792793
30386327
30434755
30422367
30444613
30393361
30431079
30383695
30380038
20416829
30484546
30432861
30429069
30425218
30411202
30429004
30492517
30465786
25086674
30547851
32413020
30424040
30404135
30441077
30444194
30426858
23815216
30358351
30408860
30416075
30419431
30451148
30389042
30403314
26823857
30433929
30415764
30423813
30458908
30485598
30463384
23970832
30578626
30412449
30641027
30426454
30442410
30414560
23967028
30395555
30554037
30381551
30482462
30426041
30431784
41277528
30491933
30445645
30438456
30450330
30478886
21283820
30445584
30421166
30369324
30423573
30484115
20089369
30390377
30414318
30460013
30531288
30408635
30454362
30445827
26472557
30457026
30442977
30485481
30481882
30386038
30466324
30446006
30497984
29203929
30483310
30503522
30445166
30542126
30501104
30439238
30467422
23323386
30491466
30495840
30419778
30466955
30381193
30483616
30466619
24676914
30439590
30534787
30455844
30482470
30455817
30485200
30472536
26394709
30419458
30440042
30431190
30409457
30411403
30462273
23527713
31053394
30472388
30432241
30596005
30491464
30429358
23247602
30424933
30448935
30470386
30483664
30683068
30464606
26088227
30445406
30459113
30593689
30467362
30453112
22862297
30383235
30384960
30423455
30440151
30515348
21959894
30427007
30497004
30509021
30512412
30477013
22933860
30414373
30407747
30571386
30430641
30482908
27972038
30478824
30691661
30495833
30459386
23936365
46727588
30574552
30477049
30528355
23101062
30536848
30582360
30578851
30536267
24658634
30597393
30546904
30565995
30589122
29198725
30696134
30507467
30527559
23085445
30592851
30630162
30616874
30566726
19567570
30511258
30530057
30579621
30484199
30541062
30531545
25262754
30550614
30560068
30630745
30582559
30576279
30531106
30635720
29937290
30612044
30599102
30502377
30545419
30515038
31119493
30610712
25610700
30614871
30605106
30590186
30573444
30681889
30598364
30655976
26807599
37134056
30663288
30610753
30604090
30636148
30604768
21578810
30583531
30704618
30556771
30622970
30619079
30639865
19601879
30544799
30727953
30646579
30616149
30665150
30609480
21196304
30640634
44136252
30707613
30581868
30602220
30565254
25716999
30583191
30594881
30590123
30593046
30601837
23261576
30633114
30595101
30606980
30597579
30589555
23306260
30525528
30683591
30594017
30646312
30626407
26271865
30723970
30575642
30579795
30825359
21661663
30566512
30566432
30605620
30593717
30585828
30590033
39918204
30463317
30506331
30520586
30459088
30515046
30436504
19346758
30449295
30478226
30517351
30466373
30470949
30511838
30516035
20824394
30458249
30603050
30492388
30461762
30449098
30499391
30540617
22485108
30425560
30461704
30477106
30517329
30451697
30436738
30458318
30441608
30498198
29673104
30436510
30508373
30455636
30459664
30406444
30452104
30458835
30436498
23719619
30481571
30463833
30474204
30467039
30659702
30506717
30584372
30522412
30507931
30442739
20908736
30422684
30486670
30499522
30433917
30432835
30656111
30495464
30590131
30487802
30516447
30541436
29067234
30482808
30456613
30491241
30446542
30437754
30427535
30449769
30532437
30459575
20191053
30470568
30527595
30497593
30425684
30606730
30457173
30486289
30483453
30465262
30461879
27964710
30495821
30525236
30474453
30515280
30485109
30427242
30493864
30519253
19471129
30407882
30443620
30444842
30503560
30456467
30470938
30569221
30475193
30478542
25971007
30646972
30539661
30491284
30446459
30530842
30605924
30463740
30489772
27278063
30511338
30497258
30513837
30466946
30520209
30485780
30473557
22031307
30438660
30630921
30421869
30569944
30492971
30495136
30651394
20915041
30437524
30485046
30506837
30396374
30436208
30461084
30472767
23959952
30492355
30496831
30525444
30553384
30498615
30536684
19926523
30418154
30535670
30530453
30517455
30438708
30493951
19124860
30483677
30510992
30406320
30466715
30431933
30492124
30438982
30482429
24269549
30450811
30504428
30502683
30502629
30504555
30531146
30504844
23497441
30563475
30468612
30500306
30485428
30418038
30604155
30507693
26570272
30503995
30488824
30533530
30543707
30403351
30445339
23143124
30486018
30523917
30462791
30596493
30512366
30461422
22878325
30462595
30458773
30437386
30486821
30798237
30489086
40551939
30399289
30391369
30471632
30542915
30431349
21808452
30372887
30438687
30401202
30416419
30481846
20653777
30420835
30414026
30414050
30450447
30483561
21701970
30415324
30433193
30421377
30509799
30418231
30492529
21576862
30448180
30556722
30400000
30517261
30426603
30453438
30452335
30478433
27862014
30589866
30403199
30476704
30442377
30455988
30534809
30445399
26842549
30402198
30402485
30457131
30534220
30424283
30451399
20270489
46561034
30486422
30485193
30452793
30476642
30465113
30493717
26841046
30453816
30460025
30458373
30528017
30494839
30487569
26908104
30463331
30393609
30453291
30452415
30483846
20589744
30437669
30605619
30517964
30515813
30676398
30478056
26275567
30856576
30423973
30498606
30479344
30419660
25287400
30485296
30481817
30489224
30453013
30460755
27112491
30468466
30484573
30437610
30474570
21437639
30443773
30473582
30490533
30554055
30470301
29732488
30450626
30466713
30416642
30593169
27512537
30430742
30485162
30480318
30503813
30265605
30469101
30602450
30434400
21821163
30479866
30467756
30494232
30438104
27773716
30503900
30427818
30447851
24395972
30525664
30494249
30476190
30490031
23182378
30480799
30444695
30416826
30465064
30682477
21746978
30458363
31339427
30445394
30577413
30420517
30463605
30527497
29383423
30415560
30498780
30483634
30451078
30471674
30481155
29206853
30517917
30475524
30464740
30521699
30464150
20332364
30458908
30479255
30468846
30528646
30514661
30503491
32501351
19384460
30510924
30548488
30499669
30581037
30464537
30495841
30484073
30520493
30432407
22615212
30435869
30504062
30498178
30497415
30493839
30457961
30474546
30417141
30406456
30427377
26335593
30590664
30610959
30418006
30445051
30594595
30474831
30515162
30473069
30509177
24595692
30461788
30458097
30526788
30548621
30517584
30568331
30513577
30624719
30513504
29820754
30476260
30467348
30450245
30498653
30436315
30450106
30502524
30498050
25985196
30528004
30620037
30512204
30453204
30479318
30444671
31183307
30440638
29737430
30474850
30467547
30426162
30474951
30431708
30427685
30499753
23963645
30465059
30481559
30455751
30448144
30447777
30512231
30471286
23908332
30409456
30482393
30460964
30496871
30509403
30506297
30511910
28959417
30450945
30470498
30429049
30461655
30436095
30521747
24686950
30514527
30380895
30444644
30486355
30432631
30431024
25063458
30586038
30472938
30506271
30491382
30478145
18210860
30420086
30477482
30459950
31452086
30486158
30421897
25035588
30445348
30525990
30513975
30428059
30480131
24216975
30435401
30505086
30553481
30476249
30706681
26367595
30434309
32422338
30476393
30513538
21057180
32433363
30623615
30554806
30621089
30607542
30528290
24338533
30638896
30534740
30524806
30527224
30504202
30573097
30558462
24416619
30564044
30585224
30540671
30596443
30565915
30544329
30557100
30548898
18129158
30511140
30563249
30672178
30518137
32005159
30500608
30558891
30582522
30509131
27742792
30496737
30593357
30482887
30568490
30578453
30612100
30614901
30652524
30557538
21446526
30564417
30593355
30552326
30532488
30539012
30580678
30529270
30579943
30553817
21554771
30587122
30521716
30551364
30689644
30557615
30541283
30536393
30520477
30690909
23678659
30561751
30592286
30573411
30610932
30580775
30578844
30542322
30536648
22023450
30570833
30592127
30495612
30618653
30529897
30682204
30564449
30525264
24078218
30570523
30580264
30560904
30521995
30533133
30596128
30623441
20884257
30487382
30725834
30603590
30603355
30631735
30543455
30651055
20921625
30484473
30677957
30532338
30577952
30530698
30541680
30612562
24493322
30578957
30613022
31444191
30557668
30505793
30552244
22202963
43271164
30689495
30651272
30672912
30668808
30788802
22486541
30623931
30651228
30661188
30574210
30699610
30631935
30688033
18830323
30633181
30674112
30639631
30614615
30634889
30639332
30617629
20460338
30542728
30619875
30626335
30677555
30791390
30611477
30671023
23491550
30663749
30711565
30615420
30645989
30577513
30633529
21191413
30613324
30653546
30657944
30615168
30679406
30653399
22106276
46927690
30666851
30640380
30635928
30612021
30692970
26021505
30691057
30668197
30635363
30766991
30640133
22822942
30609495
30568252
30703628
30657655
30653465
22624314
30606060
30651328
30608242
30622106
30642143
30580699
20549890
30575597
30612411
30774410
30664688
30525815
30542731
30973650
30741577
23371853
30664099
30642930
30624279
30664088
30709468
30642841
30633261
20743776
46763298
30652197
30910321
30632780
30711457
30593393
30568657
21687401
30564302
30640815
30643525
30591988
30576644
30558962
30600820
26022772
30626608
30605799
30722686
30576238
30672332
30624548
23713619
30572051
45278009
30702094
30550218
30559049
30605199
25242449
30625365
30658299
30610006
30605177
30596900
19585588
30537110
30586812
30737094
30613059
30575814
30617453
26706202
30665112
30598186
30618859
30614299
30590048
26723359
30611101
30616334
30595377
30563780
19287426
30578404
30652258
30598377
30630590
30662379
30731552
20898468
30549133
30572765
31440562
30629686
30921823
30545546
30585082
30643117
29718186
30574180
30592108
30619499
30583292
30647026
30686997
30663946
18624304
30553895
30553455
30562406
30618689
30558222
30581082
30604232
31262875
23813014
30570419
30762339
30650115
30599941
30610935
30604157
30512546
22719221
30599970
30575012
30608246
30619015
30587626
30607097
30605924
25199095
30587418
30653787
30623663
30567662
30605540
30518413
21340444
30589863
30693967
30537611
30677828
31199301
30585533
20623271
30533268
30560156
30544311
30628424
30605964
30589753
23405971
30605831
30534453
30532892
30565353
30590352
18612643
30662266
30618819
30548609
30624660
30648224
30737842
27864109
30600166
30588181
30608139
30601437
30566145
30381173
30720583
30581119
30639747
30600429
22249635
30583017
30584630
30628231
30584420
30585300
30597395
30559649
30561105
30525108
30568295
27611293
30530375
30568900
30580842
30555683
29593799
30565756
30626176
30673659
21145144
30521807
30580972
30610590
30612269
25892556
30583870
30593075
30532224
23025222
30614975
30626655
30593550
30632745
21168342
30629512
30667643
30615815
30622497
30570639
18807152
30574906
30669795
30583302
30583590
30654362
30618728
30517135
24359875
30577939
30558580
30788359
30589408
30613050
31292262
30563216
30548754
30146716
30535328
30612651
30647566
30596333
30519709
30590983
30616673
18529299
30406979
30446111
30438597
30412822
30359442
30440125
30416058
30564103
19898280
30438098
30405137
30507848
30422615
30398996
30415544
30431471
30394840
30412557
30634834
22318428
30413242
30416546
30416749
30448782
30489529
30452471
30475855
30382811
30506868
20488345
30417164
30418768
30397368
30327494
30339708
30334813
30326221
30369398
30395644
22681797
30417817
30403196
30513506
30392582
30465022
30421662
30299724
30551171
19522577
30377551
30453895
30394661
30405200
30388198
30342569
30370902
30433993
21151058
30405770
30347713
30420016
30360827
30327972
30356674
30300845
30350877
26198498
30428180
30405389
30360747
30337295
30344271
30334098
30391860
25410050
30428435
30428830
30375945
30354769
30363209
#end
