#729a2951|blade-1-m620|jdom@54ed0cc8b7e8deffd5e088305ca7723dc0bd963c:org.jdom2.Verifier#checkCharacterData(String)[generators@bcfe6d43107430b2604e2e34b9151742941652e0:cz.cuni.mff.spl.casestudy.generators.ParseFileGenerator('MQ==')]()
#date=May 12, 2015 6:47:35 PM
#warmup=1
#count=3653
#begin
21989896
54161639
24320613
30635750
30243122
25749603
30675803
30305467
26097361
30678789
30323357
31865554
30527805
30505648
28412842
31185840
30538286
31730399
30427660
30440358
24457678
30566991
30410920
30452144
30507109
30525345
30498955
52440154
30659126
30552663
30477356
30493947
24602606
30515749
30439847
30473055
31876355
30510591
30494167
30496682
44718297
45388909
30497784
30502324
24791910
30398149
30400309
60676395
30380729
31295878
30525711
31384725
56782908
30499457
45086572
35972218
35061516
30477106
46327920
36859919
45853974
31173754
30351957
30415725
30498458
30401198
60004194
33122996
30419262
59610218
33002072
30441451
30418684
31395649
57362187
22006906
60741803
30427615
31218024
30490044
30562682
31322808
30515438
51761855
34150268
30691570
40808673
45708512
30522772
30598680
30606411
25474515
30447044
30453122
30534846
30433526
31295911
30500803
30421366
30676581
42988473
43232109
39438549
30690737
30679666
30426118
26574017
30425020
29150396
29238703
30572252
30488237
31252850
30520027
30421242
30467536
30487583
30422968
30536950
30431801
24644927
30467167
30415451
30444749
31311458
30463601
30454735
30471315
30479229
30414568
30461664
30414582
30506509
38752517
56722070
37455680
30427506
31062933
30501395
30560670
30453590
31479997
30413504
43518295
36848324
31657762
21172940
30895540
30471375
47833750
32440900
30593395
30484253
30777908
30468173
30727726
30614775
30405918
30570653
29890318
31433495
30392556
30451069
30559922
30515299
30902585
30451670
30424311
30435287
30600295
21275022
30434126
30457997
30453840
30556644
30505023
30572147
30537404
30499046
31334737
30451935
19810830
30575510
30448322
30541211
30481802
30448596
30501180
30553926
30524017
30489888
30398696
23387580
30439193
30415159
30464947
30503013
30709986
30438938
30536680
30435376
30419346
22633172
30439326
30403499
30439649
30692762
30518486
30538435
30475382
30391466
30422204
25737408
32497996
30458754
30419095
30443749
30529131
40108425
30466972
37232307
23703715
30440382
30548142
30428055
30466504
30702830
30475067
30471047
30504100
39429453
30456625
39822779
30470996
30470407
30525455
30502156
30474000
21977932
30453627
30476306
30462519
30453536
30469739
30497380
30493162
22222627
30490973
30461713
30540771
30498069
30466169
30497350
30466442
25600295
43984137
30438569
30483459
30476806
30475411
30472902
30544675
30516606
30400744
27284744
30455809
30611313
30448673
30500730
30497144
30507426
30514468
30444516
21845105
30656795
30461177
30532175
30493527
30457968
30510576
30562009
30488441
21638184
32769501
30457286
30570869
30450635
30477880
30740775
30513761
30452238
25366420
30564291
30447019
30652748
30502146
38049259
30550501
30485604
23492015
30448003
30370997
30521471
30443797
30479670
30514511
30641264
24694159
30411886
30395322
30452309
30490891
30508333
30488380
19807189
30473591
30552386
30543251
30477992
30492388
30506627
37888405
30623581
40760354
30431317
30449763
32249007
44280998
20705315
30461413
30477540
30492133
30553572
30490246
30490378
48386890
31458908
38610244
35425564
30463974
30492053
31279172
30444090
30467687
31633534
23444700
30473772
30571726
30440658
30464850
30521424
30496813
30494278
26078473
38918203
39110154
39480982
39835043
40069477
40592839
22149174
30495939
30462335
30482820
30702077
31705020
30545052
21325835
30526606
30556155
30483222
30515653
30447263
30701739
23440517
30388159
30538633
30476802
30487131
30503028
18828670
30554601
30446100
30455884
40916117
40819130
41649314
33933808
41315586
30496799
30523508
31267000
17971785
30443855
30407271
31493362
43152508
31305636
22189133
30376540
31396555
53209125
30403140
30477808
30390700
23271400
30312227
30499711
30466220
30371796
30422507
30472220
30457226
19534885
30377229
30430956
30459873
30359617
30457618
30476622
31304373
19648493
30478353
30437422
30459996
30392082
30542017
30465957
30457533
23329881
30407217
30405922
30352982
30404816
30422093
30596710
20644932
30444542
30411216
30428884
30445587
31287427
30477164
20966003
30436726
30379375
30391899
30404782
30479839
30405857
30427751
30440995
26810753
36767858
30419075
30427615
30439657
30561184
30458624
30434077
27138765
30434011
30354886
31253185
30457520
30616674
30397482
19521277
30423704
30389240
30360911
30512716
30439527
30670037
30428813
26505014
37349000
30453391
30427779
30561157
30458258
30445062
26740293
30458344
30443702
30409411
30438664
30502422
20004868
30386020
30385490
30540502
30727377
30389911
30460592
26098867
30458390
30416106
30401776
30478372
30635148
36275301
30399364
30427770
30466139
30446924
30378953
27183772
30453626
30469593
30370937
35954374
21915435
30452946
30437144
30393606
30435429
30504426
29892094
30402259
30396724
30394700
30446915
43747562
45343560
30437973
31356911
18160528
79172776
30898481
30482515
56073122
22127400
49234829
40001157
30472120
30453956
46303164
35847422
30401662
30424033
24518933
30542390
30448166
31367278
23569049
30515690
30733539
30454549
30596893
26918224
30495724
30459165
30434751
35189360
30496624
26116613
30613595
30554131
32441782
30437389
30455964
30465468
25110731
31130913
30459106
30416589
30494757
30475202
30480432
29067749
30622152
30517053
30502586
30466116
30529342
23201834
30501199
30481508
30485102
30437782
30552886
21731021
30707986
30430264
30518486
30438936
30523150
22791323
30560429
30477104
32695081
43941565
30551715
26574082
30471362
30542079
30502913
30534748
22951014
30451992
30436456
30580015
30479633
21390806
30507099
30467686
30385299
31407362
30447381
19649148
30633123
31372466
30515988
30483908
30522233
41763012
30526353
49622100
46821238
30562997
40219118
49265505
30590904
30539162
42238903
45099181
26542948
50634097
30453340
30464298
31287686
30675239
30492129
30468562
21707443
30449031
31301238
30505208
30477218
30644371
30473713
30533581
20963167
30413966
30494355
30461828
31626042
30474513
30598916
30542004
23409948
31328996
30458882
30611713
30514394
30514138
30572066
19841488
30463320
30571815
30511320
30441568
30516417
30473444
38636323
46976348
46660830
46604542
30482407
30547322
30666666
24978566
30512075
30820264
49100734
32076709
30873739
30765639
43923600
30502925
30628973
30439700
30726921
30504251
48496667
45286912
37179614
30455613
30500653
30492656
29903486
30446984
30568720
30470084
30541759
22216466
30441548
30552803
52929068
33022434
18289987
30481502
30981503
52318531
35195194
30508367
42946574
31511819
30458128
30490417
30417956
30233998
56377565
50728477
43448904
25786345
59957507
30510855
30535515
30525599
28297871
30607175
51462233
35476270
23517461
40751292
30531413
30526646
30581589
22114263
30478210
30439125
30579529
30786684
30632395
20382810
30555556
30672350
30561172
30543318
30617970
30530282
30805821
26389644
30551795
30526331
30588337
30531071
30534341
30562248
30570561
30521430
26988295
30489215
30486938
30522157
30542822
30587355
30604501
30684583
31450920
30558364
29219178
30490473
30507846
30505192
30515897
30584955
30502468
30593941
30537484
23706541
30538262
30541119
30493482
30609977
31753726
30702349
30623215
30550292
23006456
30505473
30542455
30527079
30556517
30537978
30552908
30535340
34081971
27025323
30514186
30567422
30547153
30552333
30641767
30542919
30747786
24737748
30530629
30478041
30509818
30543167
30500769
30474577
30565388
26529449
30586073
30534951
30517717
30562783
30546119
30537244
22790626
30504775
30518669
30543133
30600615
30561883
30495555
20562050
30547988
30565721
30552489
30549591
30604738
30563224
22415929
30525979
30490597
43659084
30534129
31424516
30487013
27287624
30525538
30505064
31421709
30599306
30522556
24728928
30517279
30469364
30517373
30549837
30485068
30537240
20379277
30298613
30296200
30341187
30324734
30382093
30416286
30363412
30352473
20491668
30459156
31706206
30302426
30293189
30302718
30352539
30371073
30289788
30232356
20893781
30277156
30298502
30283710
30287425
30301586
30320420
30483202
30262598
30231804
21143022
30291051
30237439
30256445
30219258
30235040
30274265
30288160
30254163
30320706
30261959
30208224
21234653
30234058
30253734
30237938
30193365
30204846
30393268
30336804
30249988
30232084
30314151
30391758
27004547
51469755
30208871
30232554
30277618
30216488
30264653
30302299
30158963
30290204
30382692
29738157
30210021
30179256
30869327
30339956
38615324
30419344
30287539
30250762
30204290
24197926
30226434
30214594
30236996
30294412
30308946
30292856
30384538
30240471
39523257
25395118
30234337
30239996
30284646
30275222
30318164
30322269
30286396
30244127
21274076
30271242
30382126
30190905
30262294
30327829
30378417
30270785
30269493
21229116
51222776
30325574
30288085
30269667
30256418
30283456
30272194
30846307
25305995
30252783
30278978
30308629
30328435
31134476
30395626
30299006
23344829
30250013
30248094
30229029
30307393
30287967
46574698
30290014
25326862
30264862
30300502
30311493
30207005
30319219
30300456
20937478
30260973
30250350
30308044
30272726
30267879
30210451
19474589
30223743
30310946
30240018
30434449
30292791
30332065
21643683
30251226
30242666
30207686
30440281
30258769
30227584
26616890
30227991
30305897
30243700
30291335
30277413
24336149
30245905
30151983
30216298
30242336
30267193
25154793
36861152
30172525
30228634
30233964
18225843
30165967
30271104
30223052
30215407
30247794
24588370
30258631
30374780
30236555
30254816
22667600
30309276
30290187
30277474
30270267
30899565
20498346
30246558
30216622
30240304
30226683
30237476
30285207
30262860
25781170
30271889
30258205
30242347
30347651
30869779
30293686
30273945
36991060
26296260
30265080
30273971
30383697
31805188
30251676
30298129
30338331
30226778
30277668
19038171
30250390
30244310
30209211
30230317
30210920
30319485
30279972
30255476
30257440
30296282
21997452
30373506
30264153
30353935
30237067
30236003
30294365
30390453
30248487
30230859
19406795
30298874
30419233
30335190
30313127
30561632
30391607
30250269
30298780
31122831
22107772
30209385
30180576
30274089
30265936
30311271
30330028
30330018
30299843
18956351
30269986
30410828
30212435
30219361
30262378
30269436
30283643
30459195
20476565
30249755
30218627
30190740
30213189
30323287
30267707
43096677
30252272
30215302
30229797
23797514
46451724
30352138
30525840
30451372
30405362
30412187
30417111
33125867
30443705
22589810
30400220
30335684
30391442
30366382
30410484
30418840
30463656
31014743
30343600
25763990
30451335
30407795
30349770
30373015
30539220
30436353
30331896
30393484
23410849
30367729
30398755
30679392
30413496
30599753
30383117
30404673
30427929
25460052
30342091
30381706
30362711
30440740
30448304
30450404
30373713
21634849
30417548
30378417
30356758
30434636
30613857
30406458
30430084
21419258
30361466
30385937
30395716
30442029
30458351
30479408
30391248
24871623
30487832
30401985
38631771
30467286
30413495
30507133
21886027
30350091
30374240
40246278
30379431
30432836
30420995
22304404
30379236
30438151
30492122
35171207
30369806
30345673
25718192
30475366
30435126
30454533
30489957
37514002
22249134
30469184
30450418
30533715
30482969
30465108
30484498
40409152
25814557
30490819
30405781
30508835
31088156
30459328
30520347
30507612
30476382
24192044
30452235
30426140
30414794
30495818
31297156
30465329
30532431
30475749
27193314
46721274
30502013
30541493
30529909
30600018
30706291
30539972
23519420
30509500
30484738
30555175
30563213
30617819
30544389
31138398
23963003
30540277
30507217
30545003
30561188
30614573
30583762
30637820
30086790
30551888
30533686
30656573
30626115
30579758
30553101
25778982
30399591
30521671
30431814
30476273
30499891
30507274
26706874
30621355
30520953
30427482
30467548
30646788
20693712
31433268
31423731
30512575
31357061
30566480
30576135
28840288
30512144
30493886
30565891
30563655
30588906
27884783
30729802
30509745
30523592
30530527
19929687
30535155
30583342
30655688
30514611
30622133
24617799
30558544
30578293
30503707
30551937
21812166
30388695
30431738
30399344
30433304
30417598
18566169
30353369
30330247
30396947
30395578
30456796
30385922
30480133
23533473
30382767
30339007
30374591
30344707
30425397
41789151
30407009
30350309
21847021
30369750
30427602
30473113
30396300
30410613
30423660
30377522
30377031
30365318
30371846
22649073
30498639
30432817
30433598
30430260
30471862
30494438
30453323
30455430
30438548
30440037
23056103
30446331
30451935
30579470
30780050
30514475
30498079
30476249
30488828
30451077
19502051
30540731
30473988
30404300
30487524
30562666
30498671
30466926
30481111
30430302
19284404
30513426
30447986
30406196
30623626
30478931
30415235
30863719
30509560
30484382
24321253
30617924
30471555
30376282
30462300
30513840
30467837
30689931
30479566
23776133
30439623
30461473
30458364
30486472
30458183
30610544
30467135
30464480
30426815
30364029
28494168
30464190
30431966
30634979
30502721
30442044
30510770
30531997
30457795
30473542
26145491
30399985
30391573
30530584
30468686
30484529
30512568
30534742
30495153
18707486
34154750
34022814
34014498
34047148
30500565
30449253
30476536
30561458
30444193
26785897
30425782
30458919
30566492
30471529
30582440
30486578
30534649
17951318
30510984
30533317
30450804
30454971
30578401
30422933
30537573
30513369
24350883
30416915
30444753
30427200
30481377
30469186
30520185
30475515
24133007
30478241
30487564
30452213
30512122
30651655
30509677
30519790
39282806
30392413
30374091
30399420
30403045
30390196
30425144
24707393
30391248
30431533
30402703
30431925
30580685
30425717
24981146
30420257
31301052
30423250
31085205
30489193
30415125
30392459
30342534
30419124
30404217
30602413
30389891
24746786
30423027
30402505
30386222
30388053
30462176
23901266
30402220
30355513
30402071
30443462
30434295
25955093
30405992
30419856
30402133
30418768
20504512
30385913
30516466
30411346
30390516
30420466
30394983
23593360
30328289
30328671
30413826
30378780
30449813
30407697
30443324
23615414
30355604
30386212
30541746
30403560
30415202
30433779
30453684
28739202
30433773
30393072
30334082
30440781
30374971
30469024
24571657
30508850
30354718
30346400
30441148
30409479
30386173
25102920
30410922
30351451
30397068
30396582
30447266
18509430
48021010
30322454
30376660
30402363
30472791
30415546
25125833
30383549
30409251
30357902
30392463
30593597
24420406
30425916
36481086
30393155
30489144
30435597
26659646
30374293
30384131
30398684
30436945
21270791
30375135
30348329
30378488
30559028
30482113
29967814
30379694
30370890
30369264
30457146
28780501
30369947
30349978
30431117
19095804
30401364
30388054
30334612
30382109
30379184
21126875
30392593
30366973
30382197
30352646
30349851
30462341
21225198
30374606
30374433
30851287
30401577
30389871
30606037
30418286
30339578
28266304
30400182
30397202
30436431
30444727
30593993
30418174
30437464
28426760
31017767
30336224
30425067
30377576
30356764
30416559
21070805
30522490
30361068
30381847
30443693
30362160
30464497
35512987
29854959
30420716
30356446
30375371
30396962
30404560
18077556
30365556
30333976
30537441
30415889
30375802
30387728
30483362
30361951
25141529
30430260
30420741
30417480
30357339
30445024
30404265
30410573
20561940
30406000
30404596
30437066
30443074
30402160
30398062
30458795
30343317
30395026
20547367
30431029
30423375
30382057
30493157
30416548
30479209
30463569
30426091
30392702
24542110
30365606
30525500
30357109
30454119
31069236
30422748
30449451
30439578
23514528
30423599
30425007
30409916
30478561
30449071
30406059
30417502
30436822
26733492
30416649
30375418
30364320
30417580
30431162
30418782
30442313
23539650
30432460
30467660
30352800
30383369
30428770
30417418
30437804
24739481
30366075
30394682
30474389
30653770
30393484
30406907
18868210
30445589
30460498
30466707
30426655
30442116
30464501
30496832
27253309
37446517
30371238
30395891
30433755
30343302
30423269
30082662
30353905
30330957
30348209
30428360
30553775
22548408
30398370
30389502
30336382
30392898
30395071
19385995
30547908
39155487
30414231
30387367
30417798
19504768
30375905
30353181
30583397
30424384
30379233
22355540
30310862
30340726
30438351
30424980
30559917
30445202
23572342
30389329
30327569
30351716
30327996
30417405
30425862
30417121
20987822
30465353
30388320
30320911
30399331
30373494
30423532
30407621
30376380
21760972
30425731
30389763
30433429
30421364
30417478
30447689
30442141
30391004
30342106
20763884
30381984
30310382
30252162
30288289
37951547
30296267
30329907
30369244
30344298
26249180
30387460
30349677
30307912
30325183
30335942
30400018
30482693
30341769
25843194
30253722
30275767
30283165
30306863
30329554
30319673
30338491
20073303
30349992
30323540
30319693
30303911
30338753
30492278
30345216
30341456
29577684
30348880
30324187
30307529
30276489
30254370
30315080
20257073
30317464
30317022
30419263
30333204
30346733
30466447
30406721
25181255
30418402
30289280
30300902
30320798
30340330
30367796
23331833
30385075
30294989
30325182
30496126
30341229
30328566
25598877
30300276
30327193
30280823
30301816
30317660
20406248
30345981
30306127
30329420
30433335
30418663
30212200
30106405
30271591
30300845
30299200
30376177
18687252
30288776
30299038
30260336
30948836
30391637
22203700
30356833
30290514
30373103
30338226
30362826
30332560
23800632
30305187
30272049
30369631
30358158
30318197
30275936
30344815
22376416
30295869
30341853
30349393
30365684
30337970
30345327
30340691
30301600
23363091
46241994
30246436
30285221
30276308
30242470
30301070
30281220
18743992
30302645
30301127
30248482
30248302
30256669
30326467
30321234
30304112
29493684
30870101
30400109
30261869
30277517
30252666
30264658
20777288
30237275
30269716
30234942
30274669
30272254
30250647
30264482
27453924
30233731
30239931
30385698
30262715
30274318
30318276
26787922
30197205
30230227
30264249
30241644
30226253
19531006
30235396
30247411
30268471
30239842
30290551
30437515
25326445
30265124
30214805
30203086
30323533
30239040
23866260
30353771
30194092
30231171
30265364
30298842
30208598
20599904
30264360
30276738
30214355
30229803
30230705
30290501
30316928
30192392
22296971
30428273
30239478
30218102
30287818
30307334
30243300
30255340
30303269
21247049
30373960
30652228
30267274
30250053
30275953
30335804
30313365
30239660
20282293
30224687
30280973
30253416
30344218
30320413
30370724
30337117
30300416
23222718
30338435
30275778
30316102
30376567
30325958
30337207
30369046
20541059
30408073
30408129
30424458
30430840
30476786
30522901
30424353
30363653
30340142
20785163
30429304
30384355
31018531
30451471
30311651
30382476
30431182
30408620
30426968
25993013
30392406
30344869
30416167
30390484
30457766
30448024
30410286
30440938
25333709
30374815
30314824
30360155
30559486
30404627
30372808
30560853
18949634
30387845
30426946
30357462
30360122
30386311
30439335
30489643
30470232
26749110
30358742
30411562
30382569
30355183
30452964
30471031
30411320
29816134
30364100
30613078
30390755
30410059
30399138
30466631
23061106
30412462
30371696
30355331
30509252
30367948
30476955
21404692
30421277
30443524
30397880
30395949
30484388
30440684
23069362
30352144
30380591
30378774
30347887
30401235
30420115
30418798
20961505
30432513
30391871
30384744
30324851
30370613
30473281
30376167
30358432
30386707
22616299
30401453
30375573
30388058
30375698
30405464
30398971
30419107
30391425
30393606
30269208
30456402
30369184
30379720
30448308
30408600
30369527
30417904
18563090
30358562
30516122
30360384
30378462
30461353
30420096
30463749
30421656
23399608
30340833
30356105
30356288
30418295
30428644
30542146
30404949
21765415
30353138
30426809
30424820
30383926
30373729
30521115
30414704
30384531
30317654
23755343
30418940
30373527
30425092
30472356
30443061
30378447
30442549
30382189
20955932
30365031
30388866
30351073
30413084
30399617
30429558
30440035
30410297
30408391
23630577
30398696
30383804
30411149
30463433
30430769
30377198
30386687
30354280
21199673
30358420
30344956
30391946
30386569
30540966
30477144
30361527
30345532
22934938
30406354
30406311
30416804
30403091
30456938
30468799
30349051
17910288
30511155
30433221
30326640
30477355
30326022
30304702
30357460
30420142
29851843
30381462
30315203
30326285
30473587
30405986
30360851
21560993
30553783
30450615
30409388
30540370
30392874
30478968
30452255
29832501
30339642
30392111
30400951
30601457
30457678
30428837
30383699
20535079
30409393
30364644
30348316
30336184
30363529
30470140
30498388
30350509
30384069
30399477
24426708
30413726
30344518
30365646
30384495
30390060
30407253
30447543
30419940
30430788
23760935
30339775
30511439
30385133
30377190
30604653
30448286
30409013
30406946
30394222
29802691
30379202
30408864
30415962
30393593
30449822
34686208
30423255
30494509
26474633
30406522
30355173
30385533
30425056
30489724
30424118
30448779
19364220
46531991
30479110
30611277
30496662
30576522
30513560
30489287
30498898
25998797
30421511
30451593
30474558
30521593
30497366
30504126
30504050
26430353
30471915
30423563
30445101
30436135
30539210
30461044
20699146
30478226
30367955
30457148
30421863
30486518
30479709
30503642
30038735
30438877
30429150
30597350
30570786
30501574
18835032
30469344
30399090
30395374
30394421
30467431
30473436
23593077
30448223
30443257
30660514
30497481
30540108
19944433
30417493
30404633
30563098
30435149
30637844
19507873
30494631
30437462
30487871
30425570
30489760
21992736
30434928
30489655
30474203
30521410
30465363
30601438
22860332
30420446
30426457
30413039
30503069
30565802
30521673
30446026
19992152
30432740
30491780
30477486
30467777
30524990
30471910
30663820
30460296
30447101
24297325
30508779
30404364
30421629
30475781
30532856
30499433
30512504
30601819
30415975
24716146
30500417
30398085
30408989
30424444
30487858
30568080
30739793
30450290
30493141
25171374
30487887
30438231
30552054
30421038
30555272
30459415
30505299
30459548
30620752
30504673
30362485
25582642
30566821
30369871
30484718
30512684
30481111
30496846
30486866
30486973
30674812
30481446
21600068
30463207
30455702
30484598
30452966
30484455
30488148
30450471
30452047
30447358
30486582
30429393
22965454
30460580
39199309
30511025
30468522
30421806
30511842
30505923
30472579
30490878
30600124
20934076
30475555
30610217
30506073
30499847
30470463
30546780
30548910
30488597
30446168
30457464
22041041
32107191
32103196
30290409
30229282
30229149
30258813
30279878
30176887
30207803
19283019
30197100
30312380
30200549
33438649
30245756
30228002
30301773
30302609
30258844
30261779
30282069
22687464
30238782
30287524
30144242
30234246
30249062
30246111
30234021
30224518
30363611
30214640
21912343
30211656
30178329
30237845
30206618
30235843
30315906
30298102
30236544
30299616
30293136
25541513
30214852
30248080
30333923
30205876
45759064
30236484
30319640
30233503
30216700
24472906
30262454
30841819
30245353
30234897
30254576
30265751
30232984
30267752
30436260
30108687
30263809
30266910
30275716
30364001
30279191
30285360
30266247
30292221
26410795
30260560
30218698
30296318
30260584
30347691
30458926
30267507
18538136
30212259
30838925
30259744
30276230
30268997
30382213
30248016
30247100
39927526
30269391
30224785
30355911
30301898
30386508
30359706
30363304
25614488
30477297
30274551
30307605
30334706
30347882
30341084
19398482
30298184
30476584
30325836
30207898
30352869
30522023
30409822
30342271
30282229
29729502
30312437
30290055
31352667
30325262
30312404
30351971
30350144
20838319
30325108
30286998
30367591
30348022
30352895
30410485
30330013
30287560
29136970
30330135
30309265
30309837
30449861
30314348
30279098
30326857
30290469
30327384
30256931
30308125
30344193
30289429
30347271
22802850
30309821
30421411
30291200
30298169
30367420
30305162
20876309
30420302
30410458
30387737
30446604
30434802
32402733
21432095
30402064
30279567
30289504
30348931
30286498
30373193
25488228
46608994
30454575
30630235
30494275
30507076
22582832
30427871
30414771
30486100
30515472
30524084
22470688
30388353
30440865
30438920
30572391
30554777
24828829
30515617
31103603
30461786
30472371
30436128
30579499
25883385
30390991
30488886
30346477
30430729
30513818
30483622
30501133
22979672
30452519
30479542
30362482
30447413
30525381
30493186
30523796
23849277
30487359
30478580
30417229
30546091
30510200
30468638
30643238
30450169
19208559
30516840
58764844
30447271
30504638
30536986
30432973
30471497
30487091
30488130
19418643
30427935
30468043
30429290
30424289
30525996
30480560
30444317
30510202
30441326
23804819
30480718
30443868
30489792
30497246
30551131
30527889
30500110
30481650
30488476
30462606
20562578
30584313
30554577
30621862
30568989
30585578
30678775
30540622
30520104
30570966
30575535
22391639
30588688
30499093
30540686
30582864
30519829
30565093
30515139
30691941
30535989
19594112
30458400
30425602
30424429
30492344
30489486
30491186
30514020
30484568
30645282
21245587
30433988
30479515
30452419
30474075
30457535
30538182
30531355
30431051
31097933
28661677
30707862
30388648
30462506
30491339
30626823
30470271
30454178
30488407
29834256
30477919
30493829
30445693
30467373
30535355
30473962
30459886
23275958
30424582
30485522
32464509
30593092
30487299
30506959
30424044
21322073
46229583
30289903
30332417
30282931
30278631
30294898
30371017
23523439
30335962
30269782
30334916
30332789
30310365
30300542
19477946
30278025
30306436
30366214
30267682
30368793
30377482
18733135
30301303
30325931
30220023
30268540
30360909
30328808
21495304
30279823
30337807
30282407
30332876
30289004
30390209
26781628
30296698
30333187
30344944
30325078
30351364
25107978
30304363
30246763
30309852
30304007
30371848
27786564
30256100
30295306
30276369
30293874
19992891
30895475
30262678
30391404
30333431
30278898
26103302
30320227
30354514
30343173
30382442
24349740
30304045
30288680
30344624
30354073
30335351
22812610
30322127
30270797
30316928
30385591
30358575
30447976
18258858
30256397
30292897
30287395
30371287
30303584
30305483
30325498
30340024
19615549
31172531
31261876
30435446
30410278
30435720
30392592
30397805
30363011
30513789
30378509
38994863
30377967
30419131
30459137
30416375
30423624
30461725
30416275
30402335
30371629
26137396
30352676
30495399
30378269
30456929
30472536
30443574
30557295
30393442
19080634
30405258
30359051
30353193
30373367
30393344
31071943
30390088
30356158
30338188
26417922
30457895
30432606
30403053
30506477
30409607
31310147
30453473
30420082
29820741
30361075
30392990
30437687
30408049
30402019
30393260
30420328
23694801
30401042
30344031
30462829
30490547
30417908
30377717
30387904
23340077
30677417
30413080
30503227
30373207
30424000
30378184
30428325
26627341
30393213
30426386
30362829
30419611
30420755
30458639
23340033
30408567
30343900
30339747
30398835
30413742
30408742
23436111
30401537
30376582
30402549
30374902
30405016
30418977
26677519
30398624
30359205
30440698
30429954
31109900
22857698
30440751
30363655
30466324
30366891
30421722
21968787
30341617
30420703
30459073
30405979
30468942
23284566
30373877
30409779
30366722
30574157
30510955
29188867
30402411
30667338
30366164
30411838
24315306
30544542
30383407
30407882
30439302
30421809
20919821
30406002
30490766
30527195
30447877
30399044
30419099
30408380
23767315
30342690
30386527
30406448
30354157
30421404
30592535
30431437
30338809
22002309
30392785
30410535
30468004
30453120
30472634
30347359
30415715
30446189
30426321
30437844
21622444
30506860
30414605
31257666
30398609
30427237
30445729
30471029
30379135
30382436
30422076
26241845
30464584
30458310
30405522
30450960
30453150
30375646
30426811
30367305
30343894
25833073
30394444
30449178
30364563
30424715
30426725
30408928
30428674
30364602
20463566
30403798
30396071
30369853
30391858
30435777
30428346
30481175
30399760
18425727
30418585
30326179
30366279
30414628
30437096
31379031
30415816
30780274
30438903
30362166
21372849
30429931
30355620
30393461
30350998
30422884
30416175
30419911
30418742
30364228
30403304
27854017
30383967
30350845
30376889
30415386
30448284
30443993
30388525
31026570
18217819
30344267
30343320
30378629
30519976
30412021
30434147
30422424
30416652
30385854
24520051
30428337
30343761
30421612
30426913
30383400
30374682
30551864
30410493
24959892
30431848
30419682
30453020
30466549
30502355
30636446
30511746
30512801
30504768
19656186
30523771
30485636
30501213
30406814
30493210
30528208
32540229
30474502
30566301
19357140
30434934
30470589
30478848
30467706
30481246
30478142
30499167
30473853
30518855
23434952
31107372
30448824
30413701
30449531
30501633
30505258
30572255
30421193
22067931
30426558
30836484
30507844
30446990
30443766
30443277
30465585
30389031
24773506
30477871
30420133
30453869
31021357
30427901
30553151
30391433
21972938
30392952
30411014
30482624
30429827
30521439
30507297
30556901
22496850
30443817
30467469
30439449
30495051
30461571
30591247
30470927
26730406
30470600
30504177
30475709
30501644
30463324
30493435
24147544
30476195
30618962
30506088
30480204
30525040
30496149
25280244
30492102
30442847
30518024
30464367
30451122
19708309
30467149
30479731
30445489
30451733
30599943
30508393
26520901
30598603
30492584
30529466
30546158
42809244
30671013
20969143
30527766
30655775
30528949
30513317
30518153
30546448
17979269
30486336
30543319
30521951
30522760
30576246
30592978
44068569
30527213
22119075
30571313
30589219
30519475
30507468
30564620
30571344
30566097
30505429
30516641
23129618
30567539
30540499
30513579
30500864
30615328
30563689
30628039
30572773
30567502
23974407
30667203
30530548
30578326
30603975
30559178
30547310
30578224
30508849
20067636
30536208
30526050
30600729
30476135
30643037
30602457
30530024
30501671
19845899
46408961
30362581
30422722
30380518
30426253
30379504
30477215
30424359
23799449
30369742
30435091
30436044
30578457
30453444
30417492
30464071
22324344
30364902
30347997
30303902
30404022
30364651
30414907
30386128
23943981
30881456
30548330
30566993
30550448
30605470
30548606
19467757
30479315
30517597
30571982
30597424
30531393
30587170
30855436
30183018
30492375
31104480
30505645
30610835
30635819
20424818
30495447
30599775
30483887
30513935
30555624
30862183
25376871
30529975
30478882
30566137
30555975
30564926
23454768
30493827
30491486
30548047
30540654
30600075
24004906
30530613
30546732
30490949
30489192
30647406
28239036
30521258
30524704
30513538
30507455
23266777
30512485
30836784
30562148
30577832
21524773
30538146
30602253
30519830
30555292
22090030
30512382
30543904
30543731
30488633
71950580
30413817
30435695
30501300
18863750
30470235
30451766
30448429
30482751
31147524
24342139
30533907
30531261
30473571
30496135
22441295
30437766
47960850
30513033
30426906
23209149
30494473
30415713
30448964
30450549
25622159
30478835
30472593
30514145
30475900
30452327
29755074
30451739
30463196
30470677
30462375
30551748
19247393
30435338
30446198
30706926
30411459
30458996
30509346
30583110
30519535
27205780
30439782
30443508
30446629
30510597
30485362
30619173
30516068
30468568
30579655
29994114
30480137
30535812
30427693
30465517
31145331
30527268
30461182
30437027
30419919
40994323
30357227
30331591
30660767
30395231
30416924
30376129
30537004
30374289
18039944
30426738
30393390
30376402
30383354
30502937
30403662
30432020
30451256
30409920
25570079
30496148
30386992
30351753
30376328
30404139
30414673
30453882
30377556
27057692
30473741
30448944
30420340
30399289
30424340
30442302
30402330
22399602
30363678
30334486
30434651
30420179
30422598
30323067
30455924
21818437
30949185
30386953
30607417
30429593
30436940
30424833
30469337
24443253
30418348
30338098
30394607
30489518
30395299
30372161
21159222
30379055
30384973
30376789
30376954
30393856
30433085
21118392
30385129
30579264
30440815
30398745
30418126
30428295
23709179
30387715
30474975
30412487
30438502
30434769
19907212
30413262
30493594
30422442
30384418
30433636
18135234
30337544
30416956
30419171
30388744
30426160
20478375
30374465
30358744
30503044
30332311
30432706
30435980
20162964
30359022
30302480
30472290
30585369
30443397
30482912
30451193
30386591
26177078
30405333
30393457
30391347
30405526
30445866
30476309
30467065
30400024
30548342
24534068
30315669
30434195
30985864
30421149
30396653
30364207
30668152
30386964
30414510
30397504
26145102
30388411
30397651
30377888
30391002
30377491
30374378
30502751
30329800
30344502
30408330
30371897
24765228
30378093
30362048
30415384
30471763
30435140
30372291
30387755
30418224
30411520
30390622
19266391
30391724
30387879
30387447
30346117
30403007
30455770
30444402
30404867
30408013
30376610
18878167
30402645
30423740
30388851
32451835
30396469
30380704
30446449
30413010
30429296
30359445
23678661
30408478
30553508
30369533
30495323
30455047
30406857
30499589
30406258
30409125
23574043
30419855
30415811
30368698
30426846
30555658
30454644
30477284
30389507
30353907
45971823
30410607
30329907
30366007
30430460
30382034
30442322
30436588
30339309
27694228
30415309
30407120
30380459
30387208
30472789
30407473
30506526
20588619
30370215
30465760
30430055
30397875
30490684
30454940
30420976
30535522
28113371
30373053
35443270
30395088
30375628
30454800
30458743
30430540
29869605
30366673
30318911
30418257
30467418
30462119
30458169
22595401
30367571
30428938
30404018
30361971
30401631
30542255
20608666
30370037
#end
