#729a2951|blade-1-m620|jdom@54ed0cc8b7e8deffd5e088305ca7723dc0bd963c:org.jdom2.Verifier#checkCharacterData(String)[generators@bcfe6d43107430b2604e2e34b9151742941652e0:cz.cuni.mff.spl.casestudy.generators.ParseFileGenerator('MQ==')]()
#date=May 13, 2015 10:36:13 PM
#warmup=1
#count=3859
#begin
38459623
49675384
38560910
35497494
30396571
26254984
35450469
30322891
26316400
35577090
30421896
31094976
30339805
30445015
28028536
36477591
30334440
30331229
30363616
30407480
26332156
35342171
30429265
31507253
30402060
30370026
30330400
31181809
30352780
30402718
30329658
45973430
37267336
30307677
30406991
30396644
30396957
30391700
30356033
30293835
30296362
30339729
30464793
30263847
25756661
30378640
30350973
30379316
30446280
30551695
30401240
30464348
30398295
30410851
30406293
30387081
30413408
30436610
30380418
30425469
30129053
30368198
31095024
30479658
30351589
31085897
30409048
30403146
30464030
30411231
30429655
30410091
30451806
30516138
30395160
23883581
30379223
30406182
31897854
50571679
30440598
30285946
30464488
30392231
30444120
30474833
30395779
30402787
30395933
30428817
30365677
26286938
31227645
30417416
30422115
30390518
30413367
30330916
30452300
30413853
30522906
30485940
30357640
30427663
30407886
30414076
27120494
36394064
30584131
38074272
30403851
30432313
30354571
30543986
30422493
30421259
30375386
30423286
30497719
30661392
24552695
30389191
30358220
30486124
30351609
30403549
30394282
30335833
30463704
30567708
30398573
30401780
30379293
20924687
30380138
30354096
30442967
30401155
30406582
30369880
30443328
30378162
30363605
30390851
30384894
31358662
21166713
30340405
30406523
30386329
47219934
30450235
30436895
30439751
30432657
30375386
30378442
30551197
30443857
29664359
30428031
30450738
30364517
30400106
30425927
31233836
30433618
30421982
30404086
30377249
21826323
30339184
31217158
30539508
30394926
30462615
30435033
30463057
30517600
30427728
30390343
19412291
30350573
30486113
30457086
30474731
30383187
30340655
30420240
30420759
30455575
30404603
23279302
30349806
30402604
30387294
38215052
30425651
30382444
30416013
30392949
30419520
22016255
30368256
30418806
30450770
30389967
30419798
30399033
30471728
30425142
41449164
25518687
30352446
30462997
32431036
30428593
30366993
30401978
30416153
31267046
23413528
30523783
30437157
30478333
30395728
30445564
30570013
30470751
30396975
25496796
40961946
30317571
30424237
30502896
30395144
30450186
30344782
21640763
30452419
50023421
30377333
30390913
30416329
30370300
30383546
21650753
30334397
30358802
30324825
30654019
50251861
30397735
30427057
25238344
30361208
30381108
30433778
30459839
30396297
30403658
30402640
31271762
30456426
26101974
30370922
30449942
30430748
30463361
30447621
30469984
30454787
30428173
24740441
30362078
30431217
30468458
30866583
30489969
30450286
30432226
30532829
21090809
30522103
30441322
30383507
30441969
30426912
30593655
30467238
30485813
24984029
30420618
30382862
30435500
30343100
30359751
30404613
30371598
22779659
30344346
30411153
30380796
30371573
45311657
30524085
30408679
30342653
30348361
20102098
46247004
30368816
31164675
30359113
30332484
30332057
33854021
30377774
30480119
30272064
30378355
30338600
21776590
46326226
30395097
30413797
30355197
30357702
30280790
30316613
30347235
30357782
30349444
30334489
20063504
30317706
30401940
30378462
30399524
30347967
30375398
30348268
30345012
30377745
30328070
30365607
22521846
31358280
30358433
30327704
30316474
30317893
30527276
31203891
30390051
30429166
30414856
27166340
30356882
30451195
30345511
30375102
30356022
30413302
30412986
30434213
30373244
30364009
25286738
30307170
30387063
30355565
30380767
30390165
30339569
30455033
30386604
30404256
24115843
30366224
30416037
30592033
30340979
30295526
30333409
30349480
30329665
30392369
29502866
30360766
31132222
30429344
30329965
30326553
30344615
30346691
35812761
26070533
30346448
30342547
30505502
30263165
30384516
30300873
30299565
30365183
30252834
30382060
30412580
30422362
30310855
31072993
30387511
30361502
24695775
30317073
30323811
30388951
30383536
30381765
30344862
30345820
24969318
30342016
30344435
30355977
30324818
30317447
30979567
18609404
30376289
30343777
30405984
30349916
30353240
30372990
30522104
29632479
30378087
30392735
30327054
30292393
30320720
31368160
26943320
30355640
30336431
30338080
30371720
30347136
20591655
30328602
30549926
30364982
30418160
30383398
30355524
27881454
30351973
30393219
30399407
30358176
30305554
26699061
30387006
30410746
30372773
30382419
18709843
30358178
30426429
30385413
30368695
30332620
30386822
18773959
46456274
31126305
30506482
30509151
30509041
30547177
30505635
30528295
24237933
30446475
30487099
30496640
30460773
30470573
30517677
30449911
31150391
30542740
21992097
30494930
30565343
30577355
30559903
30583056
30575275
30562888
30536590
30551497
30581037
30580037
30546131
29925143
30560271
30605708
30542306
30549731
30560783
30497501
30559050
30601814
30564244
30564991
20251662
30534975
30533080
30793561
30647246
30553761
30581615
30642477
30551740
30556231
30590909
30581585
28623842
30669330
30566050
30591725
30567409
30636588
30680901
30626131
30608386
30542268
20374802
30545475
30572662
30556050
30631188
30629728
30551937
30607956
30575066
30585965
30615726
29669861
57278216
30530415
30543319
30604057
30584157
30594715
30532706
30578024
20531681
30499037
30569024
30599795
30559653
30514475
30534373
30642915
30625982
30543317
28359489
30525928
30599853
30605554
30583217
30588835
30608648
30522762
18082735
30478210
30561892
30570342
30569179
30546735
30558621
30564405
30658826
23810061
30517592
30668424
30650815
30546769
30601635
30567461
30508059
23315424
30492019
30590837
30585389
30575696
30546617
30562148
30638433
26276566
30503002
30609588
30655848
30579842
30616917
30540104
22605504
30545221
30632656
30559101
30575424
30609323
30591868
30645167
30565257
24095154
30487770
30553908
30618375
30551164
30618472
30518168
30503335
20015647
30524506
30549475
30553753
30632617
30559867
30594470
30603901
30611000
30596700
18442850
30500217
30582328
30633452
30604572
30641120
30550042
30602930
30619528
30589506
22438491
30506560
30631581
30499982
30666319
30584937
30502381
30604415
30529850
20822823
30507286
30605463
30592113
30520021
30582768
30602164
30587799
30601584
22869398
30700312
30584126
30582262
30618937
30605408
30617497
30548919
18811129
30695512
30580710
30562837
30643640
30601435
30577773
30602116
19195904
30467811
30514633
30567279
30586086
30579467
30647392
30565958
31540645
30540482
23773820
30686013
30593439
30581928
30562726
30561157
30534490
30576353
30546657
22045700
30497456
30583193
30575903
30568006
30636768
30576840
30578546
30547095
24881610
30477395
30655784
30551973
30513478
30601255
30573606
30533029
21861763
30506384
30518882
30576442
30522709
30580464
30558061
30617257
22288862
30472695
30606051
30550033
30614826
30597528
32074194
30593256
26469302
30394384
30381673
30381571
30358631
30365113
30340847
23932729
30341251
30377322
30360761
30379411
30345065
30342436
25068179
30346180
30350794
30346067
30350146
30359028
19996571
46247967
30357204
30295288
30298562
30486320
30317248
26138355
30355547
30330311
31080976
30352494
30307500
26007996
30346151
30298100
30320291
30284939
17861834
30294205
30374778
30329233
30377753
30427267
30401444
19466504
30308255
30344069
30431266
30311003
31186020
30278180
30298332
30331416
26646902
30319265
30275160
30330223
30340786
30324693
30996443
30419123
30402130
30340535
28024245
30305875
30622392
30368602
30254580
30352911
30303200
30327204
30354375
30328891
20949434
30298235
30402524
30352705
30375147
30340605
30372451
30305176
30362976
30312218
20513452
30240736
30381051
30297595
30355961
30332695
30533238
30297279
30318520
30288529
22731256
30314466
30372640
30323973
30320280
30382746
30382964
30306831
30329027
20610408
30327485
30362574
30302560
31125378
30288435
30284412
30310591
30325066
22594508
30318885
30335660
30333148
30352457
30342529
30256641
30509879
17931209
30258758
30395074
30601069
30450108
30324500
30354066
30336954
30389080
30205769
30323262
30576893
30359898
30350897
30333244
30389391
22071156
30509073
30418364
30307958
30364312
30363555
50619303
18855170
30313575
30430768
30357982
30353124
30360476
30331553
19477588
30309329
30384955
30364467
30361040
30478018
30303558
22816572
30383707
30483722
30362115
30400475
30319016
19117605
30329936
30390394
30354964
30356133
30334056
17986485
30274524
30399862
30376175
30388217
30363082
30283360
30326918
25596384
30339512
30334873
30388382
30408257
30364031
30431638
30363349
30352004
29863811
30420151
30327184
30432374
30370864
30396962
30336667
30354540
24563114
30378329
30422049
30423235
30346353
30417653
30375255
30343945
24941162
30341281
30430438
30429456
30328596
30357013
30379616
19080570
30296856
30341312
30290710
30341617
30319348
30334791
30319904
30427982
30357020
29546471
30361840
30353206
30431180
30329827
30475544
31203178
30424513
20934322
30314098
30549336
30421197
30309543
30363860
30417793
30563381
30331775
29264449
30406016
30399570
30391606
30404432
30354064
30394147
18399146
46541001
30488619
30495395
30485875
30476030
30516171
30508191
23139447
44135678
30581337
30542090
30612452
31578986
30743813
30649861
30561186
23800241
30515693
30602372
30614446
30615717
30598246
30554798
30497755
18925547
30501358
30752945
30623892
30607039
30586231
30562761
30759446
30609500
19694655
30517553
30553213
30444942
30662857
30537821
30563653
30584877
30544949
30558149
30527057
28914181
30560019
30613244
30592746
30545304
30564029
30568700
30585619
30598253
20643299
30522697
30547662
30529792
30591663
30588232
30557991
30712220
30543994
30579204
29384337
30566777
30726078
30601404
30638251
31272377
30556347
30576884
19648539
30462957
30700273
30540856
30606738
30585492
30558466
30704905
30632406
25234669
32530706
30605764
30732153
30524658
30556813
30716437
30601106
24592206
30571081
30682124
30589335
30629750
30605284
38594713
30552924
29785774
30627155
30598346
30764110
30597279
30544935
30574568
24628790
30497663
30582573
30615008
30573613
30545066
30531625
24674299
30533686
30559560
30623794
30607164
30636879
30577888
29515471
30575068
30653847
30909724
30526248
30606334
23874021
30501370
30597446
30601593
30545684
30633738
23036040
30586211
30596507
30600199
30592566
30541153
24803678
30576723
30610324
30610811
30622677
30606715
30567884
24826434
30603191
30662517
30691506
30605153
30717504
30624275
30616958
21052512
30553282
30610811
30619135
30644494
30639581
30644805
30568542
30562668
20742087
30643988
30621042
30576597
30670010
30621495
30570713
30642426
30608366
30773939
19831421
32369588
30538915
30542760
30510320
30583215
30596902
30630808
30574932
30597780
19305126
30491278
30558928
30543794
30568295
30630702
30648556
30517591
30581046
30515057
23115327
30514208
30474174
30553739
30565099
30560996
30527184
30546215
30568395
21738494
30457366
30537071
30605695
30526860
30553664
30539309
30553759
30581362
24137373
30497228
30573728
30537202
30589291
30522740
30501382
30514628
21041323
46459130
31348451
30561066
30477953
30495822
30528684
30527364
21666967
30457113
30510691
30567808
30520146
30580230
30530597
30565990
25615460
30442576
30616919
30540264
30552140
30707530
30546469
23015270
30425230
30584741
30524667
30600843
30585153
31162560
30533358
30534730
26182567
30428462
30533188
30477083
30507157
30592686
30542667
30525830
24352244
30556084
30547588
30532426
30531044
30488426
30495550
30556048
24737532
30414751
30517686
30520879
30479644
30477515
30563626
19192329
30454064
30523804
30537112
30555934
30656026
31142507
30517631
26692610
30449971
30535206
30479082
30503141
30481133
30507464
30561849
19867156
30470731
30491456
30561641
30555131
30506278
30531987
30544293
30516486
30515081
30574377
25937863
30524489
30415082
30440620
30414077
30386942
30339522
30423392
30361609
30362307
26916205
30372295
30365947
30397176
30437878
30414544
43143018
30350142
31247485
22477721
30368491
30471524
30353666
30424028
30415475
30400760
30352280
30397193
22501760
30365094
30464849
30294762
30369731
30436247
30385957
30367819
43587704
41381501
30359647
30366746
30293989
30279916
30343554
30300195
30389234
24249893
30328806
30376596
30400462
30359004
30381394
30308804
30290210
26166171
30325588
30405091
30346973
30315375
30398428
30349196
21462961
30517715
30379158
30308893
30372515
30377892
30348664
20321933
30334342
30360805
30348707
30358519
30259907
30312117
22078656
30301700
30522984
30367487
30386971
30357773
30331311
27395616
30374889
30288691
30341794
30344134
30296740
24776639
30552666
30361464
30351813
30307961
30374191
25462353
30340795
30325387
30393862
30381115
18440213
30296403
30397549
30369376
30446682
30277733
30361693
22690921
30276936
30363786
30332439
30531760
30337309
30320267
30348045
18843736
31014334
30317596
30341548
30320636
30325988
30517722
30287145
30337300
30317395
20955699
30342885
30397508
30420148
30372313
30397660
30342905
30406947
30386173
30334235
30338163
29326480
31089823
30559504
30476495
30452015
30551726
30426008
30483666
30480284
30528508
24548235
30463835
30416560
30497009
30436926
30469547
30413204
30464296
30495033
30556215
26282238
30473429
30563277
30476188
30494938
30480175
30424582
30504429
30514732
30429665
30498155
30422574
31913157
32416862
30612129
30587256
30557790
30549524
30570810
30600060
30562484
30578827
30577850
25904242
30539977
30552059
30629463
30616875
30553650
30535198
30607653
30581085
30556751
17770223
30492491
30538748
30515515
30548210
30569711
30559158
30578558
30555209
30591120
30565630
26298179
30574648
30577159
30548534
30555929
30598235
30496028
30536475
30582037
18443349
30509724
32584231
30593444
30566466
30569899
30555401
30544509
30535443
30539996
25830207
30499989
30577046
30570743
30597022
30595453
30531131
30614073
30573638
27470184
30555711
30521817
31259131
30576291
30566369
30516397
30613437
22623590
30510903
30584791
30493517
30562068
30584726
31453447
30555252
21772921
30531740
31194094
30581337
30611364
30537305
30496439
30598953
24513069
30517924
30580208
30558035
30598406
30541384
30566460
21162481
30475453
30592993
30581615
30545857
30548048
30591466
20837703
30533957
30582297
30553793
30635299
30580852
30524812
23622203
30507388
30562497
30560988
30516128
30569033
19524630
30499872
30576899
30481064
30517366
30578353
30564053
30416102
30552415
30547542
30528794
30543217
20143185
30503020
30558503
30587459
30649526
30536378
23875837
30553815
30578797
30623964
30586015
20705161
30429166
30511478
30479906
30494358
19378557
34074670
30425078
30509553
30533274
30448142
30568655
29816194
30454369
30460649
30476940
30511846
19405068
30392180
30575793
30427237
30488415
30489404
30439937
18999240
30471668
30505006
30449520
30502000
31539678
30519488
30503355
30468944
24411909
30400846
30569086
30524666
30460513
30492721
30469487
30478073
30448228
30447331
23225824
30424082
30494306
30477188
30558031
30556191
30780215
30462960
30462879
30549982
17821760
30445524
30473055
30479789
30464800
30546298
30460262
30513715
30511140
30522426
30577324
30517026
30517631
27123670
30501360
30441348
30497544
30438957
30427174
30418991
30508326
30443885
30457591
30502217
21320573
46630594
30600255
30570831
30566460
30550499
30541041
30540571
30536488
30502847
30566880
20901490
30527012
30545864
31207998
30563651
30590355
30563570
30533704
30539338
30543149
30531907
25583568
30517828
30596169
30625772
30588375
30598864
30618777
30587861
30554760
30536653
25452695
30510467
30579257
30572891
30550838
30572807
30460817
30512871
30580566
19513538
30650301
30530686
30551109
30574049
30552597
30574387
31192624
30604673
30566220
30433079
30557902
30594084
30546177
30560746
30535637
30542611
30562699
21537398
30511402
30534047
30570155
30572766
30578597
30596372
30543332
30606749
30443194
30548627
30534226
30588864
30579849
30619644
30582612
19212222
30518777
30525369
30574075
30584403
30559946
30577935
30548208
23433485
30512395
30561809
30533493
30542786
30599012
30497931
21583863
30512147
30602519
30615699
30635071
30609273
30584804
22514544
30509308
30558673
30597426
30540290
30575918
30589971
30542666
19689048
30543875
30574050
30622356
30614991
30580073
30576542
30601100
30630339
30578970
20739116
30514258
30564399
30592367
30591717
30570685
30599524
30723777
30565428
30521100
30556589
20764288
30524919
30527537
30539539
30761548
30547697
30512702
30590733
30585835
30561599
30571655
30558337
21792272
30538907
30624746
30628932
30634641
30588454
30562793
30604255
30599992
30621948
30580600
30600079
22604715
31032154
30596255
30566500
30572657
30609639
30739900
30592746
30533718
30544712
30529188
18725632
30552335
30521192
30572164
30619241
30548166
30559993
30595477
30778063
30581560
30588709
20961711
30491409
30581590
30645087
30589203
30617046
30627722
30584512
30611035
30556542
30579420
28555735
30548429
30601282
30627180
30588621
30596944
30525442
30580435
30560535
18866654
30531197
30527169
30559242
30582037
30678695
30556747
30518766
30597999
30560619
25405978
30525726
30586386
30594414
30557968
30567878
30528501
30618788
30598642
25758980
30534522
30630303
30584498
30812156
30584852
30560342
30587640
20569926
30520293
30601566
30584076
30603257
30592091
30590490
30616366
18672090
30516102
30526282
30535964
30564894
30544766
30625039
30580620
21375482
30487705
30601813
30599724
30588919
30900500
30593400
30597055
27130616
30585028
30593830
30633970
30585949
30565333
31237680
26356095
30627655
30588080
30640599
30664120
30700576
30659471
30525568
30619194
30708710
30752096
30596746
30656831
23523615
64230696
30499942
30507117
30530673
30571604
22149153
30469162
30577873
30502906
30523417
30586112
23146911
30478646
30531673
30510603
30657775
30493328
26883669
30617653
30531686
30595279
30553620
22923171
30474762
30500824
30540953
30608745
30554348
30515829
29898560
30487602
30571480
30495999
30550570
30525817
26296933
30368754
30416874
30389329
30425711
30430287
28166074
30424193
30382984
49399082
30376586
20911794
30383134
30373849
30344821
30405684
30372022
26939050
30401797
30404910
30347948
30330537
25213345
30374604
30464873
30364733
30353483
26129071
30378373
30386735
30418402
30397416
30581399
26712914
30304754
30348337
30332267
30361988
30325522
39069248
25501982
30416333
30361902
30334808
30983279
30367393
30371228
28959134
30394537
30365600
30569457
30327513
30379388
22789728
46590377
30526662
30487635
30460137
30584057
21155029
30437491
30604839
30487825
30549900
30516549
22152196
30468604
31138472
30546335
30544619
30524031
30492057
20950179
30473928
30562693
30476307
30534712
30472002
30505271
30569671
30542711
25240696
30446999
30574644
30558006
30569380
30475742
30489062
30495022
30518426
30509548
22991552
30484388
30570230
30556723
30558305
30583715
30531148
30539435
30512415
30511544
30472770
30532342
21803019
30467692
30514068
30507446
30496586
30554033
30516702
30620844
30548275
30526844
30488419
34341100
26215006
30551841
30603471
30558086
30717377
30557548
30511632
30521911
30570130
30589077
30536829
26156145
30467916
30512033
30590505
30517829
30524636
30453865
30529849
30546250
30519988
21290406
30462846
30567770
30550484
30520522
30551269
30536579
30496204
30525417
30468961
21212438
30451024
30489044
30484954
30457243
30490455
30522924
30469646
30500001
30494250
25651286
30469428
30560473
30506701
30486370
30574900
30470237
30523748
30467348
24394952
46313847
30395809
30485535
30332511
30392062
30377057
30302556
30508573
29149149
30394020
30394617
30344843
30583257
30404735
30408269
30414231
24753935
30445386
30344969
30341291
30332822
30353985
30440313
31118977
25823531
30437440
30378523
30370553
30364915
30305951
30417047
20425124
30256774
30389666
30306174
30517213
30279427
30257054
30301746
30041688
30354961
30319845
30296672
30336021
30266385
19509822
30311178
30368700
30425544
30281514
30267371
30340119
23614480
31414778
30375878
30301680
30292123
30293058
21194163
30305522
30345863
30332544
30316109
30331776
21413679
30266647
30367126
30391978
30307566
30435249
23539017
30281543
30304220
30360433
30610050
18768507
30312855
30383731
30292453
30304162
30300318
30355820
23168763
31276636
30527140
30623368
30356345
30513902
30314171
30320451
24079213
30294364
30364188
30279100
30283580
30307299
30314051
30390838
30329458
19383582
30337031
30342200
30310355
30334905
30355656
30456888
30459824
30310907
30356049
30333153
18344906
30322673
30332445
30290413
30336553
30443389
30319465
30306543
30494793
30316740
30317903
30358482
29508844
30512743
30323044
30323458
30375449
30319158
30471953
31395438
30302711
30370167
30365060
30294503
30352773
24899438
30655493
30379763
30339602
30346094
30326604
30251945
30309391
30385822
30328691
30304386
30258769
30330900
29963285
30352367
30354634
30304456
30321031
30246366
30211443
30306827
30275163
30314249
35603195
30277784
28662891
30327875
30340436
30330026
30317322
30366206
30297402
30360151
30349933
30302722
30346518
22418935
30304988
30348855
30316810
30318920
30339269
30339543
30286965
30342131
30321109
30426426
23107067
30327331
30361407
30278656
30332334
30351920
30350889
30292518
30320218
30358917
30269353
29985253
30383318
30326800
30326720
30337962
30413155
30329895
30323951
30332375
17948963
31758723
30390382
30615746
30307653
30345740
30263672
30371595
30360350
30309984
23261127
30280133
30358707
30302774
30359946
30368345
30284682
30283402
30375675
22845074
30352962
30366985
30459266
30379491
30316627
30359824
30286978
30482313
26286691
30374558
30294640
30307920
30471349
30291340
30299544
30384045
23664343
30490437
30406524
30331069
30307084
30317016
30404484
30346775
25161887
30306409
30307913
30462880
30338091
30381778
30282881
20096470
30335518
30330720
30348573
30473169
30303062
30289516
30334302
29921207
51257592
30342286
30403935
30322944
30313361
19593745
30300984
30300851
30318158
30281600
30259618
30353120
24066299
30442349
39240856
30333546
30376566
30279703
21804620
30275526
30381769
30334402
30320409
30300671
22093777
30309000
30366917
30313902
49593360
30276694
24946958
30453020
30365915
30372129
30323940
30313662
30287073
26614266
30297394
30517815
30355038
30345171
38278136
21280369
30318891
30338876
30345356
30298933
30286446
18262170
30335587
30304624
30497011
30389835
30347908
30348669
32006000
23567531
30301565
30412156
30361571
30363284
30343439
30358895
30335462
30383844
23645946
30346422
30341340
30377080
30322382
30346582
30307764
30398011
30403562
29521332
30586948
30353218
30340102
30362337
30340560
30476088
30378189
26025492
30392457
30380486
30516866
30333264
30321696
30340651
30365324
29442850
30375915
30370240
30373597
30326801
30383742
30256019
23175886
30410348
30470957
30365111
30413160
30341691
30497239
22012689
30422459
30404524
30356691
30515260
30424722
30383711
30433696
30343318
41722305
30366367
30334817
30423148
30437585
30298602
30364727
30436884
24994530
30462780
30396066
30380313
30359617
30420126
30496038
30265436
43162618
30337807
30373571
30339411
30319422
30305182
30338597
22907501
30311875
30365700
30361046
30318926
30301900
30273450
22079587
30350713
30343920
30354951
30272533
30292921
30304594
24014692
30257096
30343654
30276922
30311236
30277309
19509224
30279734
30643810
30352922
30341845
30323031
30356160
29062845
30350395
30343642
30408831
30380620
17996852
30300503
30302815
30382746
30348177
30330877
30257696
30300660
29129182
30334358
30307200
30596324
30262889
30301554
20360608
36727224
30338327
30280567
30344300
30302942
30323238
30299551
18548290
30249329
30374682
30354020
30314844
30299278
30257831
30291036
30359438
30420330
21421473
30351317
30310045
30403666
30297637
30410122
30290838
30303787
30296422
30359106
30487913
27405628
30364056
30342158
30381416
30382109
30300698
30339446
30399037
30326240
30248714
28862139
30367446
30350164
30377509
30289796
30376951
30366549
30363916
30320605
22784772
30345406
30344532
30351222
31000326
30435718
30276615
30338742
30310720
22483771
30297682
30425966
30372691
30335691
30334644
30277992
30445293
30262460
25997455
30320336
30349502
30303073
30345734
30337983
30524566
30332073
23439326
30299286
30366249
30346430
30347249
30262894
30259620
30317176
25054261
30321910
30385496
30302284
30259267
30331338
30350799
20317431
30425068
30409829
30276934
30286406
30391355
30280207
17872343
30283888
30348648
30421902
30356031
30310251
30551668
21349956
30290410
30335886
30336263
30299529
30483004
30233687
24745531
30319497
30319877
30424349
30290024
30259267
22458090
30303899
30519379
30279869
30320738
30334284
22745266
30309409
30392979
30329102
30317411
30321169
30330900
21404491
30336888
30454671
30349698
30320282
30297860
30271680
30256766
30353000
25954541
30342791
30308119
30296834
30345515
30283411
30292571
30272737
23768118
30357213
30439690
30340292
30292714
30294067
30317131
30233414
25337411
30339756
30381651
30347405
30350463
30268734
30282136
20718784
30335165
30392373
30310795
30288906
30278849
30315120
19416128
30258169
30366168
30333876
30326294
30283686
30346293
30300448
30460660
23838188
30290191
30352151
30866603
30302665
30305733
30314109
30316802
22561322
30296262
30378189
30350595
30292720
30331346
30290955
30322796
24531655
30314030
30359762
30345551
30302945
30370326
30301185
23366586
30302426
30360149
30408520
30317149
30293295
30239635
19486118
30321809
30385333
30480681
31170647
30340377
30337973
30359691
30502318
24030967
30315320
30302235
30304947
30480827
30357924
30330884
30366939
30356798
25227856
30298191
30417373
30371194
30422664
30350034
30562798
30350811
30348531
30358907
23075624
30349256
30435279
30358776
30555060
30384713
30337406
30324895
30366956
30490700
21240447
46572904
30574153
30528944
30586853
30615388
30611495
30605902
30574040
30547850
30616246
30552453
30690540
30095932
30571188
30535525
30569982
30532210
30584815
30583673
30626219
30568404
30510739
30574324
21416104
30695737
30561199
30520857
30575824
30585673
30687908
30610632
30641235
30596623
30582565
20318186
30487015
30521380
30533342
30549861
30579086
30569411
30578706
30532139
30594262
30555300
23791701
30567109
30596437
30598588
30494947
37116480
30594481
30586684
30587590
30596344
22746430
30474156
30605333
30548746
30621544
30693543
30550204
30578804
30568486
30626199
26132247
31144827
30603484
30558498
30589281
30568104
30537135
30609748
30717812
23884127
30581335
30556374
30585095
30593955
30587773
30557713
30569458
30581406
26060798
30499926
30578215
30558998
30572399
30541942
30537384
30619768
22406488
30538615
30524088
30530011
30542753
30760275
30586088
30560382
22433497
30543472
30772979
30583077
30628696
30591764
30572036
30670196
26085250
30469113
30509913
30496353
31086651
30484686
30497757
23094265
30448555
30501004
30517226
30567152
30514402
30525166
23391357
30450422
30498062
30477371
30549002
30532117
30447971
27923054
30461297
30477022
30615005
30576056
30470028
23592550
30431911
30484774
30424273
30493591
30464896
23079497
30432491
30440124
30478050
30477188
30493720
25129643
30441670
30535984
30471838
30478260
19888317
30397640
30498869
31043551
30483091
30479431
26933017
30452260
30546305
30476026
30740859
26261344
30462502
30494822
30484821
30496773
29107285
30458795
30485269
30467813
21569525
30429405
30516540
30564899
30517787
30480877
25689052
30457089
30612103
30533297
30462723
30464575
18776183
30581669
30484086
30527468
30551230
30497370
30604791
30501671
18399521
30401991
30488191
30453933
30557352
30495992
30502311
30522067
30580881
30455525
23617923
30415102
30523801
30418133
30388055
30583144
30454191
31108299
30532140
21049765
30418306
30493555
30485035
30504653
30519756
30466644
30497191
30441127
23423544
30389858
30464889
30432485
30464691
30473995
30501424
30517486
20029536
30417818
30506371
30505677
30508110
30472031
30480827
30469389
20560618
30486722
30464091
30458782
30510369
30531882
31461703
30484885
24138798
30508368
30573973
30580235
30616155
30530801
30599519
21700575
30502357
30608753
30605299
30580433
30605168
30606005
22456688
30502651
30665257
30705357
30460460
30543841
30519414
26300037
30553737
30526664
30568187
30568564
30544335
23024610
30506684
30620719
30630632
30556713
30515022
22680672
31106624
30603065
30588281
30552408
30519882
24925261
30537115
30492664
30590456
30559644
19738257
30510022
30606842
30524057
30589735
30574762
30598484
23423493
30491517
30566722
30516872
30551944
30587526
30608606
30513304
24003632
30536970
30658037
30587752
30533370
30526903
30573290
30544180
30612771
18344700
30487660
30538750
30570752
30597307
30548848
30593037
30574530
30584808
30573328
19574407
31538672
30543357
30668853
30611857
30832661
30690221
30600066
30562180
30535555
30584240
30609731
25111365
30529666
30581115
30573470
30577986
30617701
30551089
30572326
30736364
30604092
30558821
26142705
46346941
30492095
30407017
30416826
30379542
30427137
30444904
30429651
30425623
22384900
30334051
30431173
30436090
30451998
30463136
30417926
30389424
30349634
30463591
23052156
30366736
30434607
30434242
30417548
30364537
32180873
30446288
30392529
18229055
30354343
30418273
30477041
30465991
30367974
30401659
30381673
31349473
18909798
30340384
30431526
30430437
30382331
30427131
30447331
30369214
30455029
22713493
46291410
30407004
30490358
30339178
30402839
30388151
30352917
21066916
30266162
30381978
30411489
30365994
30521850
30356220
30399247
22313536
30300039
30403084
30342388
30399785
30412398
30419815
30405642
28875603
30394682
30384858
30385235
31159809
30397834
30994687
26298487
30335591
30383716
30418490
30399925
30342203
30343724
29888678
30325000
30414193
30406977
30403325
30339840
23109289
30327480
30325960
30382962
30508404
30389355
21129880
30320648
30400758
30376078
30401717
30423086
21863032
30336986
30433722
30389646
30329889
32395133
24885144
30282529
30414044
30381391
30359693
20921492
30373882
30406837
30414684
30388558
30375942
30352663
25591646
30341627
30399547
30401574
30295049
30372547
23554668
30300309
30406515
30358681
30360151
30360945
23748599
30336517
30398696
30403287
30373985
30371204
28144942
46759421
30357787
30391898
30406738
23073516
30337558
30456559
30376700
30422620
21155389
30335122
30345982
30435433
30433850
21437626
30303300
30407870
30363311
30401622
23838775
30345638
30392606
30376091
30371066
30353851
30334437
30550866
30348889
24803256
30405420
30429604
31036109
23031962
30335409
30402830
30360931
30346638
23247966
30330131
30426708
30354626
30414505
30399777
23145817
30358749
30434969
30357507
30422416
30419702
47857063
21152249
30306089
30434343
30395926
30421462
30389927
30418279
30712008
30402362
24319877
30341292
30341783
30406460
30457831
30413788
30340775
39317236
30384680
19461336
30327871
30386840
30373110
30430631
30439294
30459676
30524673
30481294
30371877
23918174
30411030
30574148
30427791
30419140
30391633
30431884
30373033
30415403
30327024
30366087
20255331
30350904
30444576
30471599
30409987
30367602
30393834
30382143
30534148
30631466
30432376
21758199
30332842
30428689
30433722
30445979
30500695
30421744
30432935
30394135
30422533
30383104
28374105
31270564
30394026
30458833
30514005
30367694
30395893
30415620
30462044
17960135
30507444
30595719
30537842
30503564
30629415
32573099
30542775
30562335
30475261
23988087
30528762
30550323
30586681
30529948
30546800
30552553
30511882
30485440
23950511
30504596
30583063
30501760
30678139
30558417
30549404
30524754
30513222
30679402
30484100
26229733
30541781
30525661
30518295
30521364
30573524
30715999
30525163
30484928
30491101
23178158
30528621
30485926
30501977
30497104
30481906
30472559
30452144
30561234
30571004
25017035
30497057
30550315
30547930
30476847
30554484
30710305
30503143
30550702
21429399
30501357
30583008
30589308
32575024
30559098
30563232
30521601
30537808
22204495
30513044
30562100
30526929
30530302
30576263
30510011
30536666
30506340
27217091
30511805
30581521
30487635
29223234
29242682
29243851
29212869
25831658
30512952
30590309
30482544
30536544
30518542
30500331
30535075
47602773
30701939
30532491
30505188
30514693
30545553
30707244
23883324
30517062
30593706
30549453
30483615
30506340
30472290
23406513
30535744
44305043
30553023
30500045
30575105
30504010
25965858
30578542
30548404
30722526
30546622
30531386
21564261
46713757
30592384
30595544
30601595
30593390
20018832
30578490
30642908
30546073
30613209
30611515
20944633
46523441
30547197
30502978
30530634
30599693
24581701
30513272
30581770
30602043
30610990
20963420
30551377
30575044
30570588
30620998
30565537
30591838
26391206
30540518
30525635
30575836
30547884
30541544
24696355
30515542
30485854
30584039
29249067
29939737
25933154
30828029
30559678
30514955
30516510
19533181
30520843
30518065
30558602
30579528
30543113
54109125
21947495
30515233
30687937
30538828
30567202
30535980
30665409
30646679
20899909
30485640
30540512
30587820
30549210
30569082
30506106
30611815
30563922
30559513
23384682
30529426
30722225
30629079
30592904
30573270
30543820
30749034
30589986
20879223
30523179
30564858
30574337
30617919
30598173
30582885
30565957
30602595
22289020
30482586
30606550
30526055
31172994
30568115
30513888
30586248
30515898
29319429
30704997
30681324
30554550
30584270
30612773
30685710
30626174
27997476
30495250
30529963
30674952
30648307
30488344
30548684
20437674
30535930
30554687
30581457
30600607
30512650
30504684
30609186
27143659
30540212
30609404
30618239
30576222
30562995
30504553
27002222
30543846
30605310
30588359
30584404
30534446
20063885
30551310
30530997
30549362
30615404
30595893
30562482
26187198
30522675
30577768
30589632
30579315
30533618
24999730
30497628
30586502
30607318
30598332
30591352
26733282
30527135
30619741
30554922
30693723
21031127
46707527
30591139
30531553
30549841
30579386
30603888
23917038
30607526
30627476
30632539
30610310
32450064
30585017
30530093
23368867
30556466
30621989
30639448
31177438
30550481
30595248
30596355
30605213
24875061
30598530
30646604
30549186
30545688
30588313
30541019
30652095
30564470
17823674
30803679
30624508
30666129
30656594
30596203
30540996
30596444
30622464
30615701
22207600
30554322
30671246
30567714
30602035
30590363
30627666
30639266
30604380
20487955
30567871
30636028
30570662
30601315
30554760
30564630
30621050
30564048
22352964
30583759
30686948
30515398
30646704
30599621
30633358
30541635
18035652
30611313
30614300
30592159
30646524
30631802
30670782
30654671
19280264
30558268
30625435
30564479
30639304
30597802
31591598
30606429
22560284
30566241
30599314
30623824
30604886
30605015
30580009
20150120
30549826
30668488
30651051
30693823
30630962
30599662
20343570
30571690
30653859
30589473
30560209
30590834
30539586
23596433
30609280
30731746
30622406
30572886
30574808
21874279
30548115
30663426
30569000
30591939
30597144
21047334
30797575
30625248
30599260
30524744
30613893
23542288
30557317
30724222
30514124
30634659
30606598
26723408
30635888
30611022
30632291
30549226
23551599
30607611
30655474
30588776
30612226
23128494
30612492
30559920
29290677
30615884
30613176
22400593
30584042
30627930
30474302
30585020
30940298
30767565
20434844
30579090
30691268
30595758
30580297
30599982
30565531
30609999
30635559
21924603
30709858
30667757
30603550
30559346
30592456
30713670
#end
