#729a2951|blade-1-m620|jdom@54ed0cc8b7e8deffd5e088305ca7723dc0bd963c:org.jdom2.Verifier#checkCharacterData(String)[generators@bcfe6d43107430b2604e2e34b9151742941652e0:cz.cuni.mff.spl.casestudy.generators.ParseFileGenerator('MQ==')]()
#date=May 15, 2015 1:47:08 AM
#warmup=1
#count=3881
#begin
23302013
46515882
26165230
31113405
30324678
26166540
31153063
30392860
25890539
31120943
30420250
42615702
36127057
30579520
26061588
31182425
30625044
30481977
30580190
30590522
25599241
30583576
49564514
40159649
34542402
30487329
30543631
30572501
30606884
30532938
30592346
30504317
25775441
30496447
30661124
30631822
43745119
31311429
30527158
44515620
35390909
30673306
30548913
30610087
25581162
30524310
30601637
30599830
43375096
48035010
30662675
31262718
30586961
30707397
31340943
22628961
30580180
30575144
30642706
30595753
30538322
30562991
31745004
30603893
30637044
30606042
23434195
30569844
30581068
30565615
30591533
30618386
30638713
30640895
30634319
30481493
30641753
29420827
30524791
30607817
30581822
31497041
31428891
30720584
30558593
30652099
21074601
45359431
53656982
30330709
31092796
31441993
30363046
30430022
30409155
30469077
25164174
30406588
30441705
30405811
30410122
30402478
30387184
30450256
30419238
25200537
30588675
32942134
30419868
30886917
44795180
30412435
30437151
30354400
30189699
30444646
30441309
30609791
30420996
30404444
30438566
30547699
26877329
37719829
30375306
31396538
30353358
30421550
30421171
30402400
29966550
30428304
30374996
30418773
30425862
30423669
30396851
24421644
30454691
30402282
30369481
30398631
30835513
30404940
24632951
30431987
30450504
30428505
30471058
30354147
30999360
25135618
30444922
30401088
37463744
30386165
30408491
22453271
30408260
30372067
30424162
30437304
30465529
30443946
28197747
30420679
30455437
30388114
30404620
30380126
29427559
30407475
30423304
30455884
30425233
22994872
43830944
30439504
30389825
30449504
30375538
30434833
30469738
28849098
30351104
30486370
30366409
36292764
30439850
30536046
27868150
30441175
30467651
30399227
30522290
30412171
21624907
30401284
30321989
30340284
30398147
30851624
30339798
26290599
30536797
30370385
30437656
30420444
30444029
25260911
30579521
30458728
30388704
30405547
30365573
26413724
30458652
30409527
48940567
30464475
22216162
46240507
30385086
30350815
30386203
30313275
26628488
30413302
30438101
30356766
30353206
25701444
30386922
30378644
30328036
30342484
26627602
30425133
32459197
30400020
30443169
30392427
25631351
30401298
30378759
30384791
30363351
30498237
30364586
30459360
29869490
30389351
30402896
30460957
30401193
30339853
30427297
30473782
30359627
24177776
30463309
30442931
31289257
30407706
30429753
30417171
31271431
30476884
30417371
30401528
30464711
24660106
30396826
30397595
30441426
30368385
30316760
30450857
30390407
30318969
30435177
30411023
20833929
30329936
30412642
30480079
30490065
30500413
30405228
30426740
30478535
30396353
30365546
21955632
32257796
30423021
30484742
30417082
30392755
30945210
30406931
30459411
30421778
30479302
26896638
30483415
30552129
30467664
30430233
30420655
30416642
30444318
30448548
30364927
28922227
30460130
30543578
30439127
30467455
30479984
30431281
30578443
30452399
24580504
30395545
30402484
30431782
30436120
30415931
30506673
30425617
30423940
25129737
30424280
30407919
30416254
30408629
30415170
30417357
47571488
30421036
28847108
30435906
30492208
30435951
30437478
30476404
30446496
30474757
26512846
30431646
30445173
30390933
30441513
31243188
30423525
30489608
29126902
30459502
30457437
30493925
30438375
30512921
30343360
24328613
30454615
30460766
30462498
30449084
30442608
30472311
23587228
30423258
30466709
30425891
30466133
30460813
30439680
25061100
30405311
30448899
30463637
30458077
30433033
21309784
30383701
30449570
30552882
30418360
30424828
30442421
30463695
23253918
30450953
30501907
30635597
46518828
30433775
30419998
30497305
30477035
30423884
26738808
30504824
30503853
30561577
30600815
30493842
41500271
30499323
30503518
25263913
30500702
30517095
30507732
30555595
30420791
30426822
30513064
20211042
30495622
30437680
30482613
30518069
30759872
30511200
31361520
30454984
26672410
30465855
30514946
30481322
30453190
30488668
30497677
31150450
28347186
30376921
30517560
30468340
30481953
30447537
30492888
23606657
30439853
30519995
30501097
30459427
30469650
30464672
22548637
30500817
30541513
30512499
30459121
30473879
30472116
23545636
30504137
30527584
30544684
30502024
30495271
30481236
30474997
20548703
35418959
30469331
30566146
30477876
30454866
30465344
30444157
30573959
30497920
22405326
30526200
30496465
30551611
30476845
30443479
30430109
30497630
30526688
30495959
30477046
30500553
24027554
30494622
30498880
30534935
30542953
30454971
30430650
30526378
30512808
30456479
30505786
20822843
30426235
30555908
30422341
31352106
30411769
30494335
30472382
30434551
30502553
30498114
30625770
30454738
29050587
30421189
30472453
30536963
30515019
30515271
30528898
30713938
30489215
30672584
30464629
23329589
30552133
30459213
31247854
30547016
30447791
30509701
30559542
30549326
30489517
30429924
20779796
30496026
30543866
30485189
30443519
30493501
30545386
30369898
30507275
30480171
30417758
24754221
30462042
30568010
30454547
30449844
30464403
30464338
30504642
30542889
30472848
24036127
30483838
30495316
30483704
30477349
30468771
30455339
30495693
30533141
30492100
29194413
30464326
30506501
30452429
30489597
30536153
30473928
30452093
30466924
26305856
30500971
30528609
30655218
30481106
30477695
30462344
30411398
18811442
30550293
30509104
30635760
30595740
30550431
30589864
30571272
30740967
25487733
30547075
30568662
30575105
30559144
30642748
30602782
30512879
25909428
30524631
30597956
30554233
30494509
30583340
30571391
20571315
31436079
30632826
30636174
30667793
30683740
30625672
30616853
27512191
46699244
30562573
31472472
30663294
30583466
30689042
29361031
30625601
30632103
30574960
30655608
30613079
21830152
30624646
30548995
30649386
30605710
30578108
30604446
30506521
30734901
30625077
30603142
31218079
30553058
45892793
30567884
30612028
30525968
30589303
20407910
30500639
30891239
30583522
30567628
30515869
25542568
30537555
30550408
30564682
30529117
22526881
30569506
30555944
30578228
30557415
22393190
30534702
30531410
30564978
30539894
23639755
30581624
30568187
30601044
30593273
29112460
30540129
30585297
30517497
23431980
30476178
30612973
30619140
21235632
30534788
30521535
30551857
30633424
20646330
30549811
30571672
30520464
30612614
30519090
20371963
30513629
30565502
30544882
30604738
30636419
30567269
30597588
26205764
30495666
38340100
30468919
30415589
30451148
30436191
30533262
17734756
30385264
30477042
30496830
30461479
30525348
30447087
30497235
30462237
30442726
30472632
26464962
30460069
30400033
30423324
38693026
30383588
30373045
30436625
30382386
18995324
30334725
30371160
30393320
30404276
30399656
30352131
30420226
30436044
30465998
26300537
30455053
30449279
30435311
30415282
30336051
30410542
30417065
30552382
29261871
30455108
30433124
30439076
30547868
30424393
30397351
30436388
23364806
30381862
30466632
30415091
30415913
30413586
30368531
30443305
22923254
30363293
30371486
30388831
30424160
30432327
30362680
30478931
25888622
30436442
30420957
30392945
30422842
30362329
30431882
22569265
30356926
30393631
30387818
30431949
30321828
30447337
22532833
30392493
30434702
30387214
30482292
30446548
30427282
25453062
30445102
30466079
30417982
30358419
30480782
30427464
30403051
25215494
30347228
30376017
30423369
30428844
30473877
30489662
30466490
30389069
21730637
30351020
30345231
30380309
30465416
30397465
30422174
30422601
30386535
30467830
25067036
30547810
30409257
31355533
30446488
30466573
30354349
30449110
30384428
23193271
30358500
30396505
30383637
30481634
30551307
30434706
31363772
30455713
25491228
30361580
30391984
30436024
30418736
30402932
30375511
30393185
21870462
30403778
30449864
49880261
30416657
30402063
30429296
30449037
22233909
30481126
30510767
30412858
30467655
30422467
30553072
30512961
26025805
30394260
30401571
30592173
30505592
30442735
30525758
30619388
30589357
24448453
30508222
30466771
30444148
41035498
30525102
30415211
30432284
30487902
28656272
30506417
30460788
30514544
30516408
30467239
30463892
30525608
24269176
46688088
30570824
30618192
30594391
30508199
31080716
30611266
24924758
30559789
30607120
30468818
31412423
30566870
30685598
19379040
46565350
30472262
30502530
30452980
30515604
30408786
30447508
27054309
30519371
30436346
30440521
30503124
30491906
30530260
29310109
31102927
30429460
30439310
30544881
30428900
22052956
30461577
30454996
30418004
30469592
30527472
18757160
30564058
43332526
30551720
30552600
30527306
30566972
30683164
23662964
46698624
30619257
30620882
30672237
30661781
30597953
30647221
30642361
24601336
30608513
30579437
30641770
30666770
30679157
30560743
30609215
30614947
26241985
30599519
30612273
30656213
30613868
30600110
30606943
30645697
21713339
30623019
30599990
30600333
30624108
30583805
30578757
30587164
21054358
30598762
30554205
30622817
30625173
30585128
30580953
30576672
30585296
30597886
24742886
31480444
30563828
30575459
30537526
30560595
30534992
30587698
30512310
22065056
30542922
30509464
30520114
30564268
30869370
30520584
30604708
30603534
30565084
30527537
29908247
30746214
30555688
30548017
29476351
29287145
29247222
29186696
30463566
19414573
30573826
30607864
30571137
30560601
30534975
30621395
30563179
30524773
30555196
24701618
30610582
30586899
30558244
30593311
30580970
30592586
30617300
30564909
24600286
30474873
30473955
30451183
30445609
30489844
30486839
30458260
18617267
30441996
30478653
30487624
30449271
31320602
30429599
30476939
30491409
27296269
30475882
30451661
30465911
30466335
30451795
30446938
18503995
30421217
30462795
30518168
30439790
30469728
30516617
30486078
24008029
30423777
30455776
30445564
30500579
30456853
30426908
22856118
30566071
30443401
30544810
30418913
30487379
30487484
24749690
30453961
30445318
30494666
30574279
30425982
30353449
30505353
23293891
30460164
30472255
30414671
30540743
30472451
30481852
30497751
30478146
30436239
27328051
30443204
30516881
30502646
30422516
30507330
30458077
30444806
30503693
18771681
30405868
30477193
30506362
30449642
30382716
30459583
30399035
30432629
30411204
21429780
30407301
30471427
30474384
30482729
30491158
30440551
30489447
30725975
30477666
29139023
30454744
30426868
30472389
30544013
30460665
30469408
30499855
18346415
30359657
30490318
30462926
30473672
30444798
30506977
30439760
30489720
23516939
30418336
30449024
30489055
30513807
30453004
30472848
30440953
22647721
30459233
30437273
30480073
30478775
30453804
30409250
30459222
25098076
30504602
30391949
30479604
30485470
30436697
30441997
21267142
30419902
30460975
30498444
30459895
30402538
30469655
30513467
30398373
22626779
30404219
30399358
30448253
30584535
30484028
30436727
30423051
30514357
30616398
30457661
26209763
30564510
30462902
30473145
30370917
30360409
30525995
30681341
30376378
30436749
24599830
30370349
30407370
30412957
30427700
30464590
30415217
30365382
30428762
30611531
29588813
30406836
30425196
30422771
30550370
30442875
30325581
30402366
30387869
25579202
30397433
30383127
30402799
30434324
30444404
30466302
30395311
30384517
29109954
30419027
30364141
30360282
34992907
30476047
30363855
30376162
23607540
30435440
30417666
30402279
30403773
30407182
30337600
30388005
23455632
30419582
30443791
30372422
30432111
30443753
30389640
30515826
43262488
30508608
30431040
30411022
30478857
30466779
30485513
23956205
30462569
30481207
30493835
30381857
30486119
30489109
39063396
30545366
30578499
30539538
30560253
30551953
30504768
29880981
30555955
30671015
30568307
30587299
30495612
24295820
30670799
30596730
30545532
30563766
30542220
23878676
32584504
30546162
30556961
30517524
30608991
25835523
30584486
30651739
30530126
30560568
20486809
30576467
30570255
30528822
30655895
30605417
28695054
30578713
30543630
30726301
30522424
30552484
23363591
46958774
30596403
30528693
30629208
30627975
30604053
30566963
27563232
30565926
30569850
31485245
31236654
30539840
30595581
30591309
30537552
25533737
30595126
30552390
30597006
30573830
30609362
30629015
30593688
30598748
29812017
30614666
30631157
30684604
30607537
30636126
30605286
30655110
24567170
30577447
30611503
30622523
30602319
30790294
30600437
30636132
24943325
30598090
30851279
30613728
30623773
30600873
32571273
19211486
30553347
30562863
30565207
30579013
30671870
30624239
30560784
26476570
30609852
30779023
30562513
30590170
30660644
30540560
27969352
30597868
30594329
30578433
30602461
30596873
21203471
30574581
30577933
30579783
30833156
30589926
30633195
29491566
30567917
30610243
30618717
30620050
30582411
28725374
30792633
30650784
30571477
30612379
19917371
30569319
30557531
30607091
30634588
30603035
24597601
30613139
30560308
30579003
30590624
21974134
30577435
30559469
30570507
30594759
30530524
18234770
30544150
30617141
30658267
30601587
30591004
30612081
30627423
23198672
30544240
30578124
30552542
30618016
30589397
30599217
30648166
30591559
21841805
30557663
30581241
30611895
30588164
30739977
30620159
30575623
30583383
24470808
30747230
30617484
30593960
30700787
30593561
30583571
30632304
21894390
30484680
30553753
30604343
30593322
30606690
30552484
30569762
30543356
20846798
30539478
30592078
30601845
30576117
30576786
30539609
30557579
30504199
23549152
30539469
30578695
30691699
30649100
30583612
30615946
30570601
21012652
30615367
30595234
30544840
30599628
30570924
30563408
30609909
21737567
30521984
30536010
30548412
30548504
30704486
30639911
30627560
30535513
30552612
41565135
30413069
30485478
30496484
30474449
30368991
30459117
30493264
30477170
25910308
30496015
30830324
30555042
30474835
30475833
30422799
30444704
19371933
30409872
30593415
30497604
30490262
30488587
30485589
30602790
30460486
30418826
23368304
30443636
30517977
30460666
30434853
30466040
30434597
30434300
30464776
30490995
29008869
30440288
30465224
30477929
30466259
30453029
30503344
44186754
30434051
26092950
30402398
30402733
30449637
30411631
30453957
30360577
30459582
18630817
30365681
30416767
30305134
30424495
30452430
30393262
30454338
30397824
25963025
30410484
30412739
30452371
30469920
30469899
30439288
30431435
26429784
30459631
30467455
30462044
30435029
30368458
30531770
20564589
30396626
30350066
30403928
30542775
30430168
30359560
30459958
29869630
30706992
30603019
30541075
30575849
30581591
18632655
30497227
30564968
30531433
30547580
30703576
30529452
22895486
30528759
30572333
30691417
30590699
30563153
30588053
30557524
23689417
30526512
30535207
30567319
30563141
30598214
30548630
30605941
29979556
30604106
30579243
30579414
30571554
30542520
30538640
26023256
30572248
30599972
30469918
30589190
30558713
30582297
27265240
30545155
30580555
30560040
30590201
30547960
21462106
30543507
30565155
30594313
30580806
30528340
30648370
30292635
30576024
30595409
30551353
30551007
30512824
30154136
30880056
30494804
30570763
30530895
21177220
44365364
30592338
30476245
30637596
30577882
26075481
30554962
30553573
30570515
30542249
23526746
30490886
30563164
30677005
30572792
24471657
30520633
30564044
30685453
30610936
26116794
30546244
30576662
30512188
30588495
30608933
29599500
30599247
30584970
30568648
30569044
24323736
30499118
30537955
30792550
30590704
20192486
30513980
30533584
30665958
30552669
30587838
30512202
27066336
30640465
30638711
30595011
30561689
30546810
30488366
21297684
30570739
30523073
30584412
38476580
30562615
30598003
30611977
30588037
20170263
30499270
30537573
30665093
30584197
30644295
30862123
30590546
30755037
30581113
23395546
30614071
30519904
30662228
30550373
30581807
30675421
30566463
30546473
21512435
30588376
30535677
30615165
30570888
30527165
30512273
30710772
30563339
23546580
30527241
30502415
30708368
30588932
30592401
30558289
30603248
19845647
30535674
30588215
30718553
30572986
30558071
30548761
30607690
30773621
30555695
25482704
30520702
30561626
30719940
30555057
30602135
30547551
30608773
30518915
25441837
30564922
30630486
30556295
30542707
30574042
30571917
30483908
19705063
30483875
30576907
30549670
30533784
30590928
30545058
30614024
30627257
44406306
30358564
30399902
30387713
30465509
30368964
30355314
19171158
30360369
30363871
30416517
31266420
30476247
30412806
30410691
24687634
30593912
30543599
30537729
30581335
30602321
30640551
23348405
30627184
30835353
30575935
30534073
30511110
30627115
30531651
30613632
29429005
30563620
30584811
30545404
30619033
30564359
30599355
30614802
26304860
30580861
30619769
30585461
30584906
30518153
30462575
30719548
30311717
30589871
30475129
30518866
31253943
30539175
30614515
23832434
46545731
30416224
30395739
30512915
30478809
30458198
23043669
30339496
30434606
30486071
30490943
30469872
30553211
25225111
30399693
30439431
30400198
30547476
30466629
20778474
30367460
30326183
30398538
30447951
30407391
30341431
30390829
22855727
30415042
30465032
31385313
30426636
30482221
30527932
18794907
30467417
30394840
30362697
30386720
30419006
30457522
30407379
30468955
24323446
30424840
30424509
30445538
30376140
30442767
30399566
30468088
23981607
30674192
30399890
30442102
30469237
30437017
30428402
30440329
28530924
30388997
30421466
30390800
30440320
30393140
30420100
24035798
32353925
32311272
30508384
30475762
30511884
30480074
24082529
30379173
30384558
30455813
30406264
30449609
30470288
30469637
23043827
46379447
30417493
30442790
30457189
30358143
30478196
30395039
18816949
30401461
30469391
30422382
30439831
30464455
30465022
30418241
20572328
30355488
30392125
30448209
30470517
30379405
30436171
30994332
22622639
46576294
30485617
30481850
30498604
30488146
30446284
19424880
30464482
30467164
30462527
30393302
30525378
30484777
30527442
30508988
44539680
30506462
30586979
30503332
30684582
30516013
36760512
19015128
46872462
30597850
30759461
30692660
30720195
30653926
30686215
17929574
30583202
30637641
30598699
30671615
30627732
30672099
30662340
30680934
29563382
30625986
30599607
30098327
30173638
30683732
30602482
21197067
30572342
30696793
30649758
30624597
30657240
30589726
30713646
30654969
18252696
30505731
30615507
30615632
30572113
30579392
31450704
30647126
30659055
21052818
30611555
30594100
30660924
30699007
30706002
30580467
30572290
30638174
26587177
30651324
30565043
30588021
30625411
30576322
30622072
30646008
26452231
30640717
30561174
30611871
30638352
30608289
30611744
19699441
30648230
30546575
30516826
30658813
30624510
30634608
30642381
26948854
30605044
30667869
30677709
30658573
30618699
30576628
27328885
30664433
30624450
30586212
30641037
30635619
20742622
30612367
30549228
30631494
30603311
30574664
30637074
26927597
30600690
31263684
30648873
32637513
30530279
26122694
32383344
32403656
30625920
32549182
30601312
29725696
30673210
30635039
30556072
30573817
22572351
30680172
30565786
30500837
30592831
30604771
30560342
25884967
30599313
30608347
30600428
30606110
30724399
30553055
30550789
25931345
30565046
30626367
30588940
30616988
30532549
30474873
30589998
22078245
30562676
30519469
30630317
30622617
30584328
30544693
30576688
30590389
30582233
25902660
31191491
30608582
30524863
30612083
30552513
30559210
30580458
30567680
24278436
30562522
30552013
31622935
30600411
30660394
30561877
30585431
30555784
27389267
30584206
30607104
30514351
30515017
30557373
30549259
30595530
23712699
30497988
30562449
30596748
30593244
30555246
30604652
30559528
24076389
30538456
30512647
30626744
30557735
30569953
30586135
30601299
30606744
30560049
30560088
30547422
30609413
30697695
30543315
26175025
30560073
30597208
39574844
30529431
30613784
30515806
27058591
30722045
31216221
30516693
30595179
30561650
20931281
30515299
30506015
30549119
31200032
30495644
30541604
29314986
30584753
30618175
42804053
30629379
30530535
28744366
30588170
30581884
30586893
30606937
20099800
30513990
30539222
30542444
30530013
30589130
24825305
30560453
30573691
30581481
30592566
22192276
30543019
30517983
30507600
30702970
21785259
30562299
30570353
30551875
30537543
23459729
30453331
30525724
30537058
31209605
28515482
30551955
30590224
30600310
23303247
30559561
30601142
30540734
21123487
30515774
30564324
30493710
30570584
20508669
46459713
30537777
30424682
30421162
30562253
19325733
46388150
30391340
30537940
30456111
30441176
30414839
30441385
26215236
30393611
30427740
30399582
30402245
30386002
30407151
30431270
22462472
30999602
30401791
30405268
30344549
30411160
30386687
30446732
30496231
30225609
30442599
30406473
30395219
30425027
30612372
30440685
30470844
30050743
30394140
30441362
30379322
30383946
30387496
30453928
21901461
30340695
30403180
30415396
30408986
30401058
30425246
18584114
30399978
30440035
30353556
30404395
30416649
30422106
20141914
30443437
30413071
30365889
30399551
30474192
30394225
22795899
30388642
30440502
30392497
30449342
30404805
30466722
30402596
23018516
30374886
30440417
30459168
30430336
30428013
30449255
30405484
26797843
30294727
30337023
29829636
29604274
30412902
30392462
23764528
30344922
30487775
30378262
30390906
30427671
30477807
39087360
30444427
30445288
30387810
30439517
30448740
30411953
29985583
30400480
30402248
30473657
30466717
30498093
24865665
30525071
30464300
30642660
30461462
30458455
24247912
30435900
30544348
30438384
30462617
30443751
26538386
30591932
30435046
30441433
30437873
21284222
30608284
30439142
30445600
30498379
30475671
30471730
30396497
30443786
30485766
30497488
29367522
30488788
30470358
30445757
19848063
30474713
30429035
30417548
30445729
23242856
30407090
30457102
30407829
18959338
31032001
30514905
30449877
30457688
26594881
30444999
30431944
30456288
25913729
30431077
30499551
30470564
30498186
27774215
30449279
30653091
30553926
30573751
18460332
30405333
30439222
30447761
30601582
30429452
30408026
18047271
30642813
30458202
30431423
30411142
30448245
30420969
30582198
30451704
24342067
30394039
30441432
43790176
30453971
30506535
30419844
30358379
20615036
30457913
30463184
30394196
30454130
30529991
30473368
30425087
20249802
30378277
30437800
30466854
30441939
30473502
30496527
30447942
23403346
46550344
30456705
30425906
30487511
30500328
30535369
20353126
30464201
30435256
30454795
30504042
30466242
30427015
20558119
30489658
30483783
30473641
30495164
30503089
30432031
30480170
30526279
26408433
30488285
30465760
30344991
30623853
30371935
30398473
30462493
26319184
30499678
30427460
30471626
30403676
30404617
30452377
20123387
30409237
30418429
30388722
30433324
30434398
30634321
30498622
27485871
30472128
30484342
30468082
30422347
30509002
30422493
28578446
30450346
30448671
30423169
30423692
30483341
21153938
30428035
30473292
30472578
31022121
30447426
30436024
28746166
30479409
30470660
30437076
30474875
30415791
26856294
30465033
30575879
30458942
30428127
18663488
30479871
30434444
30552455
30514157
30497163
30477994
19427170
30398326
30445449
30419314
30490012
30457569
30475841
30424082
30522104
25808604
30480097
30474901
30485352
30407773
30485953
30467455
30404909
26118439
30374991
30460286
30449269
30424840
30491297
30422838
20510095
30424125
30462076
30476693
30620632
30473778
30397092
30501493
30470869
23185415
30394084
30417944
30549211
30505916
30426557
30418806
30401491
30561842
21988732
46653550
30515255
30544513
30595920
30527240
30552787
30668030
30605507
24563808
30593748
30611289
30571864
30503753
30656628
30572290
30526646
21774203
30547644
31369671
30565379
30580172
30622593
30536302
30600118
22220609
30584930
30539035
30508813
30543739
30675098
30510747
30580506
26483749
30541535
30663364
30546609
30624493
30578177
30557064
24113902
30654041
30584515
30547769
30568081
30640648
30535264
25129598
30565610
30565677
30673127
30547814
30519906
19258284
30505971
30570330
30533646
30609522
30615375
30534506
26258251
30569042
30595826
30589434
30566571
30606059
25983443
30605775
30573484
30534289
31495229
30525971
30490552
30565213
30536193
30540746
30500098
23510720
30585991
30591944
30573440
30551309
21062714
30537284
30620690
30634502
30571160
20695604
30550594
30693448
53522991
30622379
22657206
30580404
30589835
30601615
30546029
26528162
30613859
30568381
30601757
30758026
21461708
30557604
30621329
30647188
30683800
30563437
30623859
24953497
30601153
30737286
30644151
30611366
30579207
30856691
30583762
25422765
30608904
30561947
30570972
30537597
30618604
30573826
19438969
30517802
30565084
30598628
30598268
30652067
30597795
30627031
21053629
30543707
30551507
30618404
30481908
30625304
30569002
30690465
25851130
30610422
30680332
30627826
30688933
30604142
30479331
30601924
29262827
30665108
30618732
30584988
30590419
30644648
30583361
23351818
32632408
30627235
30610468
30627604
30598791
30593571
22388840
30626566
30574424
30578466
30568704
30606408
30608299
23916125
30466048
30496834
30516047
30457244
30484553
30467766
30460969
30323378
30502019
30426060
30508620
30523502
30459688
30495124
26162038
30527139
30471037
30415975
30499039
30428390
30438580
27942225
30481925
30484113
30416233
30593222
30461754
21489563
30325271
30382157
30613515
30596888
30365160
18156631
30375498
30588441
30363301
30390013
30423806
30442326
30291189
30352746
30389244
30409791
30450811
21185058
30411280
30414877
30451891
30435849
30563257
26141834
30410034
30464395
30476246
30634821
23441537
30481600
30443755
30557777
30558283
30492789
20824499
30439887
30396285
30529449
30436713
30443126
30432800
21532739
30516686
30454342
30516428
30434036
30447016
30570172
22073889
30420365
30397176
30459037
30593330
30395578
30444581
30405006
18673173
32343817
30424111
30485824
30500809
30541407
30478200
30571022
30526601
25694728
30446626
30466827
30633627
30453938
30527419
30459417
30461233
26469084
30489917
30496791
30490277
30491733
31395540
30546492
30396858
30528931
21117524
30464433
30455371
30593308
30503427
30491775
30487742
31302692
30522748
20549969
30451336
30513235
30473697
30456415
30495222
30487758
30564733
30555869
23570935
30478112
37847268
30502978
30539547
30388873
30488237
30446899
20891516
30519570
30505113
30453745
30442549
30580037
30446614
30494535
22055071
30574052
30472476
30464486
30511080
30471462
30437169
30434926
26616422
31400196
29821699
29162829
29181576
29176009
31062676
24667121
30488458
30469517
30438748
30409017
30509015
30446795
30450960
30490146
30428270
30433853
30524497
30483815
30428680
30406496
30512893
30476432
26194051
30479189
30507759
30439258
30524019
30462437
30404996
30434316
28772928
30571692
30454403
30542749
30536096
30502169
30426509
22626877
30502817
30457639
30515069
30394511
30458593
30420364
21064896
30426687
30615622
30452233
30453788
30469422
30442002
22678846
30657547
30501884
30456704
30419792
30473068
30572564
28050481
30415228
30499761
30539779
30637284
30471857
24862986
30497111
30472044
30490273
30456481
30500886
30543857
20205916
30499580
30489979
30469130
30452890
30563404
30470780
30534542
30505864
21940196
30517691
30475152
30523468
30469320
30396020
30469289
30441975
30475589
21924516
30465511
30460719
30429682
30496846
30439937
30465100
30478518
30422616
22208318
30480288
30458304
30421313
30446844
30505935
30411760
31140670
30461557
30495913
30505410
23947936
30484025
30489602
31091438
30478148
30606722
30510811
30490278
41541004
30523836
21696649
30499913
30511431
30486073
30456176
30615917
30437924
30466220
30485404
30482625
23391558
30520571
30414573
30469178
30481500
30459249
30467084
30461965
30401680
20020956
30454648
30535351
30424056
30423504
30470557
30499460
30461998
30463606
20826052
30473046
30505202
30461289
30515952
30474930
30489551
30540470
30455964
25776710
30525825
30576926
30552109
30532893
30578826
30451200
30553764
24540574
30680395
30657015
30624792
30670848
30544103
30610380
30574725
27574830
30628239
30628903
30676672
30581580
30722121
30660018
23264233
30633343
30661746
30747703
30623817
30646201
30737721
22724808
30614990
30645946
30622318
30611392
30604211
30757383
30605132
30729757
29390541
30638068
30751171
30677330
30610659
30599173
30663848
30667284
27157426
30630588
30555993
30618447
30766865
30557110
30577159
19669939
46611857
30529797
30674114
30583793
30559796
31159931
30474770
41151357
30416703
30433844
31274433
30507184
30404593
30456100
25687528
30430044
30458648
30443149
30487148
30448851
18102902
30440433
30416255
30451558
30516693
30518456
30443478
30428413
30483184
29798998
30446941
30456204
30413258
30472513
30496186
30428433
21220046
30432733
30755481
30430278
30487366
30444657
30504948
30440435
28964470
30442458
30478683
30456131
30485169
30476792
30425259
28730108
30409998
30474129
30468173
30497011
30468388
20630193
30441950
30423059
30445204
30453862
30436193
30567923
26701036
30449617
30646384
30499146
30453813
30442411
25572269
30382229
30399304
30479469
30477924
30445055
27759746
30488240
30422613
30440786
30472421
21471293
30403169
30508350
30610062
30463871
30427737
29696832
30499240
30615154
30446382
30498609
27121876
30438715
30528944
30373519
30466653
29851770
30454396
30488140
30487946
21619465
30486871
30457705
30517796
30502546
26845376
30463829
30443204
30456829
23832251
30402929
30468128
30491580
22931024
30449700
30499304
30569902
23559542
30434860
30446367
30465067
30365517
26551542
30385015
30382082
30482093
30461820
20042863
30401937
30411246
30533879
30468982
37248827
30451184
22046733
30431376
30581063
30467184
30471471
30400377
30431609
30438949
20683754
30451829
30431564
30443971
30528693
30493889
30425584
30423751
30393338
26393066
30470311
30385485
30395989
30429455
30366005
30528260
30371863
30398714
18000010
30324751
30418047
30438418
30422028
30444455
31031172
40470144
30409531
30380259
20838620
30368469
30364560
30373641
30399211
30423817
30427679
30406844
30376463
30383811
30344977
30377338
23327994
30407663
30431902
30420186
30419531
30509424
30412680
30435020
30442304
30504630
30423408
30438799
25933064
30468451
30515486
30492275
30443864
30488744
30397324
30424468
35864641
30463774
30489135
23878947
30426907
30500213
30435789
30434684
30551960
30493862
30447345
30467999
30419211
30470665
28412236
30456512
30481472
30445270
30432133
30433009
30473428
30519907
30513224
30406111
25773510
30433758
30473184
30495721
30438824
30427589
30450909
30539629
30499702
18483013
30400499
30450954
30485363
30459771
30461162
30432076
30451615
30406355
30391788
26395797
30469633
30453311
30461435
30479370
30403051
30472073
30442492
30431120
29822392
30523100
30456184
30458555
30455980
30491560
30601664
30502175
23884401
30397127
30392677
30485117
30437790
30336701
30383564
30440955
25124152
32333634
30441185
30432413
30409435
30360160
30472061
30502479
27296151
30466318
30498946
30471074
30468060
30458096
30440169
46283373
33998550
33856095
33945339
33930719
30415471
30401177
23835538
30381297
30426151
30431605
30395944
30409598
30405141
28129621
30405026
30412297
30413642
30373553
30406391
23378981
30390126
30455766
30401382
30410420
30427553
22816954
30335656
30406200
30413677
30464260
30409654
24380855
30386637
30454626
30680800
30457763
30444815
30439748
24792087
30373529
30389500
30427582
30691546
30455722
30453610
29789352
30390104
30423957
30469773
30444038
30400996
39366480
30375641
30424075
30537004
30403837
30398635
23233111
30415036
30418694
30431331
30372866
30411628
25495425
32441561
30407556
30368906
30409040
19880319
30389280
30371792
30387049
30423757
30422144
26655568
30420142
30416659
30405692
30397781
25743089
30407173
30412655
32788772
30389571
27828013
30419284
30397331
30366229
20735647
30382345
30541046
30486111
30496318
30471844
24652519
30439517
30422922
30538917
30396560
30349128
30429702
29288616
30326774
30439708
30425653
30372216
30435973
30533577
30505544
28394453
30398826
30477355
30539200
30693023
30443572
30507693
20805506
30412009
30441377
30356889
30532491
30373573
30388116
30371786
30403911
18477279
30377345
30379406
30422418
30410163
30481186
30412838
30416327
30419192
20806543
30412718
30395507
30361750
30413746
30433298
30388733
30413201
30440611
27052814
30428300
30428081
30425333
30420337
30478142
30417976
30403271
27398333
46529397
30452646
30544864
30451560
30499259
30593901
22279517
30392237
30415838
30430737
30455093
30479341
30483173
30519286
29390434
30443866
30456129
30467684
30464264
30534748
30475430
29974590
30466628
30444631
30426886
30490246
30482837
22771890
30408676
30420168
30459829
30463042
30550233
30470806
30041890
31403584
30359767
30516693
30445286
30477886
28945680
30426908
30600906
30516017
30440215
20036700
30360195
30559810
30386856
30430273
30422377
27290926
30537744
30449971
30417157
30516425
21477955
30479016
30455457
30433066
30496009
30517452
30553089
29167433
30449873
30506135
30483240
30536412
30395042
30484701
21597870
30389124
30548953
30458402
30441913
30408925
30458795
30578475
30412077
20003565
30382882
30533662
30496485
30451251
30472575
30430229
30495420
30449655
30428055
30429542
20384076
30429715
30389762
30391340
30438816
30493595
30489082
30447577
30486451
30454953
30462083
30445164
29647372
30427913
30513963
30407475
30477152
30452693
30404575
30479002
30493156
30429609
21175269
30384502
30401428
30435728
30379053
30467677
30460531
30467611
30494926
30562513
19102338
30365217
30472651
30417226
30424182
30494873
30394414
31123483
30455458
30605242
22134297
30476710
30522975
30474613
30438049
30502877
30427510
30587475
30485753
19303675
30448562
30442664
30468691
30470866
30437281
30465866
30430891
30480466
30424780
30490339
21088672
30522751
30553253
30613186
30571799
30591600
30555384
30572639
30583304
30586786
30610206
19872739
30485213
30606659
30474464
30588782
30615864
30552144
30547777
30511731
30546831
30613359
23634235
30616573
30568206
30554787
30593605
30515629
30557775
30530409
30526855
30606033
22633317
30725255
30578624
30592097
30626341
30541781
30585244
30572209
30537497
30539877
26324706
30556077
30543826
30633630
30564891
30509582
30570924
30624595
30595902
24275307
30585563
30509589
30602161
30553993
31183750
30511453
30565380
30606780
26778174
30760979
30644486
30528028
30638024
30543836
30673618
30580667
22968442
30608293
30509856
30499413
30591219
30594280
30594072
30578101
23253587
30594637
30552108
30576037
30528059
30538588
30588717
30568400
27216473
33909523
30382689
30452931
30553835
30472870
30670700
24039826
30448918
30504057
30480819
30549481
30468791
30548553
24771521
30501462
31420923
30459380
30497641
30573452
17858323
31251942
30482947
30396236
30491568
30452717
30634083
27215660
30486854
30533575
30535036
30675657
30528024
24576629
30480313
30523973
30504556
30513064
30434380
26943188
30492010
30479864
30417731
30488848
21701650
30489386
30568478
30501608
30524076
18387631
30499759
30466909
30550487
30593841
30599117
30546647
25310060
30538140
30580041
30552960
30522986
31346686
30591997
19080168
30568118
30550751
30687811
30569575
30558633
30573879
30594350
30685362
30589282
29408604
30557041
30576199
30545053
30525570
30550453
30548184
30629044
20969818
30556341
30507468
30528933
30585093
30566591
30528040
30557161
30571795
28866697
30552084
30605323
30597542
30629186
30551659
30734134
30582457
30000247
30729709
30621528
30609864
30601006
30613919
30583508
22588741
30577750
30581500
30610935
30745374
30601663
30589016
20451843
30599326
30611159
30541284
30522044
30628966
30680397
21372535
30557942
30653697
30609971
30627330
#end
