#729a2951|blade-1-m620|jdom@54ed0cc8b7e8deffd5e088305ca7723dc0bd963c:org.jdom2.Verifier#checkCharacterData(String)[generators@bcfe6d43107430b2604e2e34b9151742941652e0:cz.cuni.mff.spl.casestudy.generators.ParseFileGenerator('MQ==')]()
#date=May 17, 2015 6:23:10 PM
#warmup=1
#count=3835
#begin
21142278
45597904
33706728
30421904
30461173
25538126
30481655
30512559
25549321
30487328
30554602
31148582
30486413
30541136
25534186
43577521
30465077
32325427
30447411
30482444
25627577
30514220
30407230
30425117
30459306
40215039
31015903
43623945
45536796
30446706
30476446
30452153
25535608
31448713
30438884
30416085
30435010
30453555
30460982
30399251
30507335
30426964
30519164
30490048
25355326
30512241
30445453
30436644
30380449
30431734
30450169
30415502
30414795
30447446
30428271
30372461
30430827
30424584
30410191
30434611
30029580
30405975
30432762
30536868
30390586
33915897
30423108
30458306
30362358
30398607
30385096
30473182
30465751
30392476
21983105
30394410
30460055
30433031
30424944
30439942
30378971
30433933
30427825
30377577
30455651
30403674
30455602
31425651
30368244
27714908
30413128
30476982
30392493
30532770
30471075
30415406
30443984
30440560
30507877
30355299
30406833
30377240
23407663
30530577
30362158
47821091
30435078
30374111
30468418
30431348
30489301
30381669
30489129
30375511
30376923
24448902
30453533
30447998
30411295
30715937
30331771
30427929
30428406
30448986
36594953
30381429
30429317
22490701
30446487
30413859
30410653
30398375
30445409
30416589
30436072
30380597
30416803
30479193
30446680
24651036
30490039
30475993
30383925
30437889
30389744
30451482
30420168
30381662
30408204
30487017
30468053
30388535
30491751
30483309
22962042
30473595
37207512
30359258
30420573
30369355
30412122
30452081
30353987
31658201
30440393
30424692
30417663
31624737
30422184
26974538
30420627
30533934
30430167
30443458
30470749
30550431
30534249
30377215
30552810
30388527
30411778
31008156
30515855
30196909
30449795
30476382
30418981
30397693
30364253
30390673
30506829
30399774
30425333
30412439
30397955
30446198
28357119
30436493
30527170
30506751
31476153
30516846
30558178
30494844
31368044
30508635
30473620
30624453
41407231
46509860
30461582
31005582
30450745
30403356
30404235
30549650
30418884
30435186
30443271
30360574
26789935
30433178
30395865
30458399
30485712
30461955
30441531
30397513
30393589
30429117
30444028
31299880
30404615
30429397
30401722
30437169
30344644
30471928
30451162
30484378
30401060
30361291
20062510
30346242
30442213
30430053
30335569
30370876
30410684
30387104
30551098
30427477
30467515
26922808
30495793
30643727
30426575
30451456
30457444
30410827
30455642
30483299
30447704
29740010
30423707
30488303
30429019
30438524
30404834
30492317
30409036
30403122
23792885
30381632
30405446
30454838
30452253
30421658
30409282
32047136
30440550
24152152
30495841
30444711
30409671
30383527
30399034
30861988
30441953
18488428
30363266
30422576
30414638
30444857
30436885
30411423
30473497
30398024
27706793
30412111
36171377
30472632
30423402
30383402
30512337
19160445
30425633
30400231
30429062
30408531
30384080
30382485
30419962
24862928
30587614
30392524
30366096
30386500
30422891
30420695
24165251
30400731
30456024
30451417
30444109
30473489
30411933
26244191
30562010
30444747
31061907
30463166
30394751
22304155
30368797
30379293
30519873
30423209
30405676
20433726
30412165
30400764
30456331
30407784
30445184
20716386
31230914
30445398
30478769
30439547
30452300
24029785
30480882
30450970
30435573
30479322
20146034
30457644
30433395
30427527
30465241
30610710
30484625
22541095
30408371
30417046
30402942
30531372
30398835
30416957
30431360
20386598
46724345
30607579
30580577
30612602
30606542
30579700
30592597
30606961
30493260
19605510
30563147
30654143
30638532
30663675
30605866
30592899
30644508
30555219
30611694
30614340
30567528
30634115
27460255
30585924
30600395
30603055
30591035
37569426
30542399
30585182
30557464
30614835
30580341
20562436
30522919
30531975
30600442
30551197
30529286
30556221
30614261
30562882
30621346
30635461
18598731
30483062
30663179
30564439
30641537
30619152
30596001
30633357
30596342
30542264
30580846
22714914
30516582
30550193
30541631
30616801
30586969
30565768
30597888
30520613
30567604
21579968
30576547
30543453
30501204
30569484
30585579
30556979
30683979
30537013
30568237
24835852
30560064
30512404
30565814
30619264
30579656
30609453
30629542
30554204
30578213
30544284
30598691
29938262
30606325
30612017
30570195
30616637
30582544
30619664
30680228
30612095
30533803
30574517
26910253
30506759
30617859
30512597
30578164
30577536
30548302
30663619
30711504
30560637
20832214
30677835
45610935
30611151
30553052
30536281
30549222
30645615
30631367
30607135
19532884
30515388
30642822
30503026
30594789
30599923
30537655
30707542
30561244
30619874
23079120
31435148
30578055
30635646
30620222
30759235
30555431
30516124
30624801
21056102
30506882
30570389
30528999
30574582
30584384
30566703
30566033
30581078
23200808
30547774
30596584
30535817
30634017
30523593
30591980
30571588
19657790
30666046
30590381
30629477
30591182
31227598
30521802
30607986
19672474
30559171
30627957
30581310
30594377
30613490
30602663
30605790
23297051
30433143
30460691
30445015
30500544
30443307
30490990
20806023
30424153
30500780
30433718
30585940
31465946
30488064
21146751
30509491
30571604
30507866
30485429
30486739
30525333
24567069
30445370
30480278
30466244
30498733
30460636
21257989
30465204
30474624
30441046
30436824
30470175
20860898
30535418
30486924
30502884
30487722
30450506
22718621
30516328
30469544
30413638
30471870
30434046
28141262
30493115
30477122
30461106
30433235
24217540
30397722
30616720
30510515
30487337
30405131
21080325
30495246
30496520
30460541
30535604
30511207
30495342
30505125
24436613
31142503
30432642
30503173
30441110
30476239
30464350
21937259
30484915
30448568
30425884
30477084
30436228
30483973
22437573
30500456
30482606
30446401
30490879
30490955
30589208
30488157
19119295
30435298
31432664
30453873
30494442
30497846
30478459
30442665
19445984
30451733
30462249
30449104
30535911
30457835
30487006
30441900
23388484
30545228
30473522
30494803
30443584
30484934
30508348
21002948
30449293
30440177
30460759
30444080
30470964
30413131
21643917
30491453
30461478
30405564
30451957
30463840
30434797
30419347
30429575
30436802
30493239
30407379
30460944
30435335
30479675
30433428
19021300
30437171
30527953
30494953
30556988
30487457
30487504
30518888
23558157
30409852
30410671
30429838
30497486
30424984
30460745
21301246
30599790
30457113
30490091
30474559
30504449
30456764
22346909
30500809
30444224
30497031
30465179
30463033
30482044
26404042
30475699
30546453
30483551
30432683
30463235
23403328
30470875
30522066
30504265
30677004
30535225
23483622
35965979
30460910
30460624
30504173
30478324
25931843
30532873
30455451
30432142
30477766
21118503
35190347
30428732
30421016
30459426
30482357
30348852
30473184
30422488
30453999
30414126
29923888
30411771
43470636
30449010
20478373
46804455
30598069
30578639
30625770
38615569
30623853
30661221
36163818
20423750
30682167
30654846
30645827
30690279
29971979
30652058
30665514
30632084
29154152
30642400
30671695
30588135
19239192
30533777
30561768
30654173
30582776
30563928
21256206
30552698
30593898
30601875
30902172
30578532
30658530
21401053
30582023
30568232
30550766
30591142
30587940
30573132
30566646
30505281
29095954
30601039
30693581
30558918
30580429
30545779
30605417
30565693
29365775
30589131
30751271
30599672
30563521
30638908
30821300
21654339
30561979
30616867
30613153
30602297
30569411
30680417
18407617
30549832
30582788
30612066
30569700
30579686
30613064
19328956
30567768
30595228
30583189
30594461
30591838
30609192
30788756
30580693
25925674
30599668
30657294
30564960
30530915
30555806
30557697
30572981
30604581
30725528
25894774
30587594
30561326
30571380
30574012
30640314
30628430
30550193
30565078
20562957
33595441
30592294
30558806
30559224
30590524
30783942
30632935
30573413
30647373
20503328
30595499
30593099
30583360
30607159
30619531
30591749
30586493
30581000
30489380
20756596
30588597
30602499
30650261
30485230
30560362
30531593
30741808
30559039
30567812
30603842
30577495
20689217
30576553
30605099
30558809
30485017
30673779
30526673
30672853
30571821
30571193
30587222
30594681
26240503
30604088
30601119
30708987
30549662
30562702
30554610
30578851
30582793
30582586
30594866
27613261
30602742
30644765
30633610
30647884
30642904
30592219
30508240
30535088
30571115
23255087
30472726
30501487
30634955
30459550
30534860
30535053
30525753
30463940
30453093
23961777
30448275
30501499
30451182
30514684
30479699
30481953
30518475
30538278
19606299
30427589
30451366
30526229
30467748
30530166
30483017
30427738
30454385
19502013
30396679
30489648
30471664
30427478
30513844
30488347
30437949
30425968
23635929
30436377
30510604
30531742
30502710
30480893
30426104
30498809
21804181
30437040
30510584
30540355
30456085
30497785
30527604
30496099
23353613
30415900
30510589
30503673
30507793
30490424
30515979
18328371
30414966
30451551
30452326
30483228
30523602
30488059
30536359
28375194
30521850
30449684
30564535
30517629
30471980
19385938
30422273
30436798
30516522
30473435
30455150
30452111
24153527
32537824
30458580
30655559
30491320
30509109
30445473
30466384
26356289
30469960
30504297
30534513
30516679
30493368
30516777
21994874
30492857
30479708
30479817
30471166
30449114
30467030
20807236
30474744
30512371
30492504
30624631
30522575
30804524
30465713
30454055
25351483
30463951
30433593
30422680
30433760
30506884
30468600
30517842
23826045
30448973
30527377
30524304
30495095
30590557
30737581
30467396
26243466
30448273
30490580
30757299
30453804
30455924
30495118
22155122
30435750
30450782
30461462
30455425
30466048
30432770
21294213
30481923
30495904
30509108
30545685
30504384
30453264
23411259
39532184
30433915
30425346
30486835
30611264
30548479
30429458
22554430
30403369
31102230
30488014
30526153
30460809
30536595
30503382
30517986
30444924
25072034
30430391
30519500
30431937
30522584
30531464
30649348
30517661
30543559
30502508
21146407
30441845
30435325
30520476
30657174
30418268
30479192
30500862
30454646
30564802
30466897
30396316
24099832
30417489
30460747
30493462
30506601
30510018
30655117
30509593
30494186
30510244
30455897
22958011
30474353
30480616
30392518
30453171
30500424
30505163
30502764
30612328
30502675
30511894
26768592
46489444
30431875
30442635
30385478
30401851
30435321
30506251
30507997
30495115
25472575
30440096
30505951
30492000
30457377
30476617
30462177
30422229
30379893
18846703
30381002
30392782
30369021
30422417
30410945
30457749
30392185
30476166
30448253
27062147
30370924
30442003
30381829
30457010
31456541
30439457
30413733
19077631
30531611
30413291
30413398
30448856
30371369
30333466
30460811
30435046
30403107
30495128
23651633
30380572
31409623
30397887
30433131
30427238
30450882
30425191
30477825
30455368
23444404
30456881
30433214
30431796
30425789
30465442
30494868
30442581
31409884
30603920
30465069
21576757
30435756
30400807
30430580
30451362
30434506
30484977
30420309
30491366
30493592
30449360
24799724
30405853
30424424
30372760
30347113
30393055
30396429
30450131
30441356
30382657
22899621
30433582
30397920
30370865
30455491
30378664
30393885
30485389
30429762
30439258
25968912
30396671
30437425
30566348
30391450
30429411
30413655
31068336
30576135
23416847
30410440
30438494
30394013
30467629
30446973
30495659
30438316
30411699
25116976
30414222
30503126
30534193
30412818
30418974
30391529
30456420
21228918
30409481
30435116
30392111
30480447
30454291
30485015
30439324
20871878
30419900
30436659
30400909
30415445
30553671
30406291
30427776
30408036
30444796
23963165
30463237
30449145
30397915
30459679
30482682
30470100
30460205
30419053
22368526
30392591
30495052
30395660
30561267
30442642
30503312
30405400
30374354
24569655
30470644
30404195
30387591
30427060
30363793
30381745
30366737
20864968
30338206
30428511
30427591
30375580
30403515
30485966
30469780
21179895
30404916
30406996
30417800
30413916
30524438
30479387
30466375
24750459
30412121
30379745
30456470
30447340
30454143
30450611
22142631
30426589
30425715
30485169
30430529
30453387
30372231
22715701
30433840
30413300
30458744
30424099
30451646
30474635
26293696
30416591
30466771
30433095
30425708
30331100
22982345
30427611
30462123
30440389
30454809
30482656
30468833
30486505
26865341
30426155
30460911
30440855
30427742
30393846
30393009
24176362
30444473
30476753
30470858
30412327
30511740
30475917
24938343
30537457
30429484
30362138
30445926
30439758
18576580
30347426
30444427
30384904
30383895
30393986
30485482
25628021
30630022
30607195
30639234
30528869
30608015
25333039
30586075
30617269
30765408
30603944
30627423
28786336
32458897
30588273
30562343
30520278
22554130
30526432
30565370
30541509
30585622
19795754
30561952
30580077
30552095
30558913
30602940
30567719
26315467
30678826
30686442
30540561
31461575
30611970
30581839
20475809
30553337
30590703
30551247
30575677
30479530
30543569
30502409
30563342
18882983
30533186
30606377
30598369
30554548
30605724
30603384
30601190
30620125
30717630
30593128
23788363
30582697
30511829
30565161
30580730
31533967
30564950
30617368
30627817
30586229
30628321
24222967
30542388
30565344
30581431
30569871
30598797
30639041
30582500
30644410
30625735
45371440
25358964
30622244
30618550
30540654
30841500
30525664
30583744
30557389
30624079
30619972
20590997
30580882
30582597
30674555
30556084
30606104
30623224
30583675
30711848
30584205
20992822
30592252
30607140
30625853
30564833
30556739
30613428
30606340
30803952
30555515
26076442
30676979
30576388
30543195
30508290
30637598
30700043
30573145
30562495
30661262
30523754
22101788
30595244
30571973
30670342
30593830
30590227
30588762
30604172
30536048
30625003
30562264
23487623
30564850
30595166
30647640
30598183
30593892
30594973
30633429
30571997
30609885
20455926
30539550
30579579
30560677
30591983
30535807
30573482
30583124
30549639
30585020
21593301
30567315
30595704
30514304
30548730
30623004
30633345
30530410
30550637
30642090
28100041
30620593
30575855
30716919
30618138
30587755
30597673
30616952
30725005
28761565
30595635
30547555
30541459
30627877
30615270
32360658
30581986
22121483
30547222
30572248
30623723
30585415
30587213
30624739
30582182
20582577
30548664
30625619
30558444
30616827
30579270
30595415
30564119
22481364
30571273
30658037
30601561
30534482
30563946
30598049
30540688
29555640
30596804
30582459
30566119
30534966
30591464
30645757
26960903
30611680
30561204
30566107
30549033
30724179
18826483
30514988
30656408
30603501
30736963
30613502
30610347
24081327
30592857
30581701
30574701
30579742
30587626
30595010
30634043
26538281
30592797
30601671
30608158
30527599
30583519
30559336
22275966
30570628
30529548
30569548
30551144
30594913
30641417
21549166
30527715
30581795
30576448
30532229
30543575
30517225
23596364
30632379
30601369
30633149
30578268
30716399
46697022
30613089
22630617
30504056
30596988
30548295
30526527
30565835
30596755
30621649
30605955
30592875
25071012
30540937
30587188
30576026
30613284
30695063
30520850
30537753
30547240
22188815
30545197
30614737
30481368
30626453
30640819
30663839
30598003
30543344
23534760
30501024
31509583
30509973
30505819
30563152
30557671
30602886
18468632
30568348
30566589
30703666
30551917
30538862
30547099
30566509
30560279
30568362
30559004
28246272
30635139
30600953
30558789
30641537
30606764
30585112
30628042
30750217
20668425
30553869
30602661
30499499
30727514
30587819
30568698
30626605
30575449
30628623
30148122
30554379
30585941
30566749
30631330
30611337
30592794
30705157
20472126
30570373
30588206
30606605
30621784
30586744
30598791
30525508
30577786
26343533
30571859
30524144
30547406
30538318
30584611
30594046
30560017
26219203
30528694
30602700
30594224
30572215
31208505
30623091
30504325
30500611
20148213
30552668
30622038
30554446
30546464
30573444
30562809
30514684
30534781
30633217
30565022
18437766
30607815
30602489
30646042
30754059
30588829
30632881
30684804
30605910
30676961
30535059
30608917
28887148
30619090
30575467
30553295
30542340
30656517
30597968
30603766
30668542
30590153
22160924
30573421
30535864
30526335
30534102
30650521
30583448
30529289
30616688
30595558
20741487
45645255
30550246
30501892
30574046
30595914
30617253
30600044
30596415
30602955
24459057
30540422
30602564
30565344
30551297
31157891
30562534
30529433
30580260
22789358
30531050
30563180
30552873
30627657
30595437
30617282
30592259
30608422
25104434
30543604
30604180
30610548
30586702
30575701
30619224
31152716
22611370
30563562
30591028
30546275
30573955
30581371
30485268
30578295
22965373
30744474
30590201
30567213
30630039
30589968
30575859
30600998
25707277
30585510
30562555
30574288
30539286
30566353
30565115
23584095
30545593
30615046
30568470
30602831
30548064
31855334
24391535
30540430
30497578
30639734
30602264
30586802
30620441
27128287
30701724
30582658
30906850
30644655
30597475
23345090
30558158
30530796
30741422
30607124
30601485
30578244
30601709
27947974
30571550
30609353
30586570
30581003
30577993
30570944
30551199
30621908
26670903
30520524
30581026
30616053
30601701
30559557
30619031
30586405
30590708
30578345
30479607
27110694
30581028
30576386
30561019
30743874
30596706
30599099
30552495
30578738
30890461
23736321
30572948
30669008
30565824
30592332
30590170
30590602
30683057
30576238
30601835
24317478
30572584
30576739
30536939
30603575
30848709
30547062
30553338
30588603
30562090
29577784
30581448
30601162
30510083
30616640
30634740
30629641
30634970
31146351
28490976
30575903
30579418
30541224
30692840
30571173
30607548
30589634
21385591
30555339
30557375
30553815
30540358
30567884
30507320
30634077
18642597
30651981
30523835
30526353
30550282
30591717
30527137
30538059
21893043
30520626
30569993
30468748
30548888
30510632
30524117
30550993
25198622
30583190
30593089
30725737
30629459
30565772
30516642
23587353
30604129
30564506
30543764
30566677
30581085
30929506
25234676
30599070
30595773
30636001
30532488
30566908
19928547
30483644
30558379
30628859
30604740
30590622
30675208
28607771
30598137
30571264
30598308
30703565
30589084
29381526
30602824
30540308
30613854
30591350
21085040
30430334
30471118
30493008
30502615
30489924
26486996
30425055
30425604
30518764
30530762
24022714
43690093
30407069
30445644
30473858
30459630
21937181
30412069
30500459
30433569
30411557
30435621
30469088
30431062
26707853
30458126
30436531
31728084
30489576
30456990
30470929
25138172
30451859
30451552
30587563
30455100
30468568
30531361
26704330
30606906
30503590
30430815
30466119
30449150
21385902
30418269
30368515
30459064
30459218
30461620
18786485
30462059
30501853
30468367
30492093
30526273
20593275
46665250
30575790
30571909
30632317
30657697
22317024
30583543
30685284
30627059
30667457
30624469
29330395
30646266
30594444
30597657
30639424
25689830
30681353
30624679
30676488
31267671
25978494
30669725
30782983
30633644
30650388
30597009
26195898
30609314
30617338
30606745
30625059
30577565
30601415
24303166
30639775
30625267
30663135
30609836
30589828
30657057
30681736
30632575
29887905
30439126
30434855
30445075
30456153
30486384
30546066
34757130
26064336
30401130
30470094
30415468
30471900
30482904
30592704
30450258
29765750
31298147
30459157
30375157
30395802
30421706
30428280
22794248
30392836
30393402
30415446
30391791
30441340
30422756
21567157
30431216
30464357
30508011
30483419
30613818
30456755
23123207
30463653
30442278
30592410
30474526
30485211
30472808
29701675
30491652
30489097
30480571
30445653
30462484
25708228
30434462
30399140
30408477
30438088
30457680
28350419
46769064
30602248
30521384
30469777
19659704
30518085
30571191
30552015
30574077
30520118
25139469
30513775
30500829
30647103
32535125
23354622
30503244
30468318
30496946
30489344
23515177
30573881
30519475
30575642
30526508
25950892
30512437
30643874
30515609
20479155
30488547
30522873
30490816
30633102
30556230
25887889
30631948
30659526
30593483
30678442
23571402
32549330
30597750
30641130
30629664
30569229
21042247
30646890
30638902
30654553
30669655
30808559
21334908
30596334
30587433
30597904
30600317
30636377
23569737
30597876
30598820
30719042
30685094
18744037
30587055
30563113
30633659
30655265
30581053
30809052
23473220
30599238
30610299
30625504
30656990
30665440
20750801
30731641
30635784
30667396
30611223
30622939
20671106
30585082
30583224
30641480
30557688
30655117
30601402
18308359
30529006
30635415
30610126
30716999
30601254
30600329
30643475
30630166
23315188
30559324
30609864
30635230
30660930
30923692
30663353
30616348
30648866
20825978
30559382
30604724
30608344
30600745
30595942
30620042
30627684
30640768
19038242
31837716
30650741
30602278
30584659
30609573
30604433
30631115
30623948
30642962
30662037
19154947
30607904
30638815
30622295
30609059
30583393
30638102
30732645
30699823
30663168
30830968
25013978
30603061
30644174
30646190
30580848
30630362
30669449
30734955
30656422
30581848
24532018
30635966
30687397
30626055
30674332
30780079
30649698
30915575
30698433
19547595
30552800
30640813
30629188
30649059
30623250
30606904
30606200
30587137
18206664
30593684
30653334
30654604
30665654
30571311
30646101
30587720
30753228
22363767
30587473
30656249
31243362
30659327
30633793
30674035
30658578
19354405
30536696
30653224
30630144
30744768
30601695
30679600
30623957
30654873
30635952
20673837
30566133
30643853
30590553
30600044
30614694
30586122
30600847
30642126
30672590
30627579
24650666
30604935
30667848
30641130
30781754
30643510
30565982
30595646
30627109
30665735
23821555
30575360
30743792
30640353
30619781
30582710
30558041
30614818
30619105
30613730
29513604
30704275
30727901
30656728
30640437
30809917
30627328
30651075
30692279
26322511
30648248
30701680
30590179
30672747
30685728
30649409
30684073
18552808
46452881
30646272
30736756
30692077
30646762
30586128
30606635
30698634
30644390
30664020
27825240
30704235
30671255
30711475
30652997
30618045
30637255
30601540
30680321
20512095
30645984
30694548
30724977
30664390
30672249
30626282
30639184
30786064
30652426
29370836
30683450
30726951
30621979
30723877
30672545
30686582
30660722
19765227
30646030
30708668
30572630
30673195
30674109
30686397
30667404
30766121
25429582
30618955
30693637
30686042
30659306
30633726
30680532
30696620
25066285
30664067
30639279
30614079
30631107
30604595
30641749
30701801
30353956
30652022
30666544
30698351
30744125
30692661
30605440
25262280
45248327
30632050
30642967
30627985
30624782
30619935
25419415
30609986
30631182
30561374
30627737
30670519
17914190
30690343
30652435
52255709
30662099
30718679
31298989
24820561
30586282
30803686
30637328
30650938
30652602
30701659
30700885
30274880
30620266
30636868
30584602
30593412
30716894
30628847
25482650
30600278
30599069
30634991
30617616
30545809
30669191
25705561
30628291
30620422
30656122
30627619
30605219
18980180
30534546
30631509
30528713
30641883
30582338
30565833
30597273
19250538
30608147
30611896
30619217
30657728
30637493
30604670
30607173
30765086
30542172
25744157
30649853
30599983
30622548
30650717
30665687
30753169
30616499
30605961
26682799
30641997
30599224
30646471
30588068
30652004
30669491
30607568
21738796
30666199
31289087
30591035
30574264
30596657
30630268
30598377
20612961
30564427
30667539
30907903
30611504
30594497
30632239
30890763
22979585
30649036
30597895
30636295
31248145
30595188
30590130
18829101
30577212
30583528
30673613
30552434
30753381
30657312
30658917
30654742
20606648
30560555
30581549
30551728
30753105
30577973
30624613
30634948
30621469
30670744
30554051
30650148
30791946
30690066
30636551
30593465
30631457
30622359
21129852
30617644
30639540
30630779
30625304
30601694
30613742
30595282
30552221
28301283
30571090
30619809
30611721
30647262
30697737
30676493
30621522
29128814
30904274
30641526
30593284
30686873
30625915
30689782
21734074
30576124
30670622
30602043
30617512
30720770
30653083
18606655
30559654
30624051
30577027
30724319
30639708
30595406
19529243
30561322
30668367
30605904
31195989
30622983
30582387
23443030
30587605
30636914
30552086
30587412
30548883
20306446
30564504
30640328
30608913
30574944
30657127
19706090
30578393
30593933
30625090
30589082
30628366
30585708
30610575
27296214
30596727
30614578
30580121
30643108
30628875
30605636
30638488
23883548
30597644
30568701
30547545
30661276
30561513
30655086
30522019
24570046
30582999
30578264
30560048
30609568
30559044
30559000
18823517
30490300
30559395
30568259
30595094
30570235
30609748
30532104
26695462
30448060
30463071
30559849
30381175
30503710
30459136
30453481
21738221
30741177
30472533
30459015
30481257
30505729
30440395
30478778
30494848
24830635
30456688
30418790
30625397
30528015
30477090
30451164
30479313
30507144
30037461
30572461
30631253
30600095
30612080
30587937
30580111
30594900
25553149
30504026
30618774
30625684
30564241
30619057
30554337
30701171
26544215
31894927
30523533
30614662
30582783
30601548
30552022
21254914
30571244
30616004
30618899
30636548
30587811
30613188
19003025
30688424
30607633
30554654
30644793
30596033
30601504
31439891
30615655
22908486
46521721
30469722
30450555
30480768
30413453
30479635
30498167
30419744
30463678
22309389
30488329
30489566
30437282
30488918
30462662
30541098
30467584
30502245
30498027
26395080
30461631
30481921
30457287
30446882
30486346
30541853
30485754
30420899
24945306
30440678
30503960
30446048
30431773
30451864
31488556
30471513
30518515
29209873
30467842
30446122
30414722
30443224
30411439
30441738
30518764
24527753
30403887
30420557
30503391
30471571
30486720
30431664
30439349
25416915
30442969
30417235
30414485
30407838
30465595
30454071
19693290
30398602
30389231
30415982
30443236
30446462
30468708
30428446
27573753
30546355
30454013
30646984
30436560
30431563
30425099
30102594
30504591
30444820
30456120
30433315
30408011
22231702
30477579
30742179
30517393
30525539
30428031
19075293
30450708
30433531
30483271
30511597
30530715
18761938
30543673
30524296
30405737
30448699
30434202
30520518
30477441
26745414
30468060
30506233
30509329
30468438
30506792
30399274
29037294
30490568
30549771
30424928
30457232
30528873
22035243
30446004
30413986
30582320
30437057
30421897
18812499
30483558
30532670
30508535
30508804
30626744
18422808
30459786
30538361
30570260
30569800
30566619
30528782
30518766
26624441
31241149
30556111
30568455
30709024
30573980
30606559
30620063
20313046
46442763
30446450
30426875
30494389
31635093
30409869
30490539
30406474
19138937
30404620
30579342
30426495
30409068
30474168
30452997
30520420
30387282
30490851
30300073
30490067
30461025
30483186
30451860
30528940
30460635
30441007
21896214
30501862
30413470
30495770
30484155
30410580
30412437
30442922
19085036
30430650
30473531
30400108
30490664
30501288
30452259
30481126
20618008
30433166
30489279
30419080
30502451
30477077
30479475
30554264
25065572
30392257
30508160
30411566
30417684
30441260
30490446
23215678
30471784
30479062
30422475
30374625
30416340
30441346
24493091
30437324
30498907
30469093
30518648
30496308
19492228
30394262
30472329
30460131
30447646
30528911
30454780
26546454
30589289
30488026
30454282
30439402
30396773
26801247
30442573
30512198
30477816
30473238
19544787
30487284
30518341
30448202
30461202
30384510
25007454
30512672
30539451
30471795
30471781
23012428
30492686
30464927
30482935
30481838
30481255
20392180
30386873
30467559
30435035
30478799
30507708
30444220
30581426
24733121
30430731
30511488
30483557
30463067
30420907
30362595
22974414
30434352
30454138
30433686
30460427
30622084
30525911
24276342
30445797
30467910
30595688
30468882
30421257
18806916
30435094
30466462
30479781
30521989
30462037
30513575
26371771
30449197
30507197
30421360
31045268
30431540
28355855
30429307
30617288
30446690
30485608
19414328
30423691
30483420
30422109
30488198
30468283
30443206
21108263
30495759
30462994
30456772
30480467
30494862
31128727
30519737
18139053
30448369
30449542
30468796
30494699
30461871
30548953
30554266
30633173
30434462
26142109
30580402
30462911
30474924
30492512
30475228
30528804
30452652
30410814
29906721
30408285
31282258
30473921
30456751
30504722
30485737
30438407
23775012
30449044
30461533
30486520
30462911
30427037
30415687
30483853
23597395
30444500
45386024
30492447
30478942
30426391
30523356
30653924
27730972
30447861
30531242
30460378
30459506
30483871
30425029
37688533
30589097
30528944
30591183
30599370
30632457
30653344
24248441
30547046
30649326
30634210
30652712
30654851
30611148
29176933
30660747
30674268
30656799
30616304
30579528
23932564
30616662
30580630
30616091
30635979
30655575
23364463
30613842
30570425
30672349
30638281
30588918
25162695
30703247
30602089
30664539
30625891
19836888
46694394
30592437
30626775
30583028
30700588
30537831
23084415
30554889
30529333
30545410
30664521
30542759
30709965
30554968
23029274
30624613
30625774
30639382
30509522
30576995
30655539
30532698
26596483
30580444
30578104
30521231
30598244
30577848
30574828
23450782
30575602
30546276
30592857
30585525
30606502
30600362
24053565
30574119
30727868
30587412
30576068
30560171
30542344
44306614
31089524
30481836
30462323
30678070
30402627
23863359
30438121
30412244
30481057
30512275
30428209
23385333
30501430
30480206
30505566
30509608
30500197
25368639
30416596
31459186
30472379
30628681
20289719
30480593
30480390
30473298
30451169
30474484
30500273
23375073
30779059
30491676
30496829
30447678
30573957
30474539
30487616
24789070
30456242
30506782
30466911
30527011
30452662
30420012
19660688
30407065
30477239
30359227
30407214
30413364
30504693
30493862
20688712
30421008
30378422
30441304
30419851
30449440
30418524
30422433
30387106
20904998
30411173
30447704
30422237
30409374
30410500
30419764
30344362
30356400
20607122
30414689
30472820
30409693
30543999
30406035
30386078
31161280
30394900
30507236
30455797
22510429
30419171
30444086
30465384
30384332
30435353
30452602
30430221
30380089
30306622
20942717
30426875
30626917
30441300
30465410
30408198
30397378
30593677
30388588
30471246
21406570
30406063
30391029
30355364
30404715
30411389
30448564
30426525
30491384
30467719
29022485
30517009
30413473
30447548
30424224
30539224
30387891
30371376
30423829
50166796
31043374
30417794
30430542
30342765
30422355
30419944
30401693
22995781
30417029
30383103
30409415
30362431
30437082
30468803
30541511
21832924
30388124
30457998
30413244
30415344
30405144
30373348
30427225
23919405
30507739
30509255
30413238
30427748
30446433
30558054
20567473
30425735
30443550
30357548
30421030
30455673
30396488
19478144
30383203
30430940
30422695
30500873
30408155
30427189
21949474
30479555
30428631
30410082
30405953
30380007
30540503
28282851
30454210
30463682
30497215
30580330
30458584
25793748
30373462
30432530
30389905
30471948
30381311
26921211
30478444
30496084
30479968
30463861
20686366
30443035
30460950
30397204
30404500
30363285
26855592
30413913
30418484
30463086
30380089
25264669
46452407
30338640
30354191
30332920
26166743
30566817
30418446
30355856
18933280
30429924
30424597
30426162
30471789
30413000
22705535
30465762
30462191
30397393
30328148
30435821
30444582
24743781
34645371
30541735
30530657
31214145
30535956
30545281
30568359
23491766
30522400
30565346
30538044
30518941
30571401
30586026
30611065
30653961
18755324
30494022
30566457
30538161
30490542
30585230
30593281
30542346
30494720
20423257
30536077
30517124
30574974
30574309
30493438
30514149
30563030
30575353
22477266
30451206
30504201
30551073
30496631
30554464
30542426
30532981
20708779
30523063
30545506
30546765
30554015
30599862
30528718
30593675
22233291
30511273
30488738
30499748
30634717
30754341
30579644
30551910
27560043
30531618
30517350
30559255
30577288
30522247
30558329
25695723
30482134
30514660
30575835
30548438
30555064
30582195
28549962
30642412
30523776
30538931
30574772
30534672
22330732
30527824
30618552
30531150
30463818
30555522
20471684
30512732
30532006
30484499
30547084
30594241
30786095
30648294
25424712
30522799
30580259
30526937
30504713
30568510
30526964
23980179
30565406
30556697
30554583
30581765
30584552
30534268
40905293
30469487
30465800
30456444
30470096
30378691
21043353
30441084
30404207
30440844
30425856
30359520
30389217
30429040
22927777
30440748
30452926
30558729
30359751
30337300
30376715
30361639
30486747
28907157
30431677
30564390
30428948
30458824
30492099
30407402
30433497
26307578
30351933
30406271
30414803
30466220
30472466
30409175
20141909
30416140
30401448
30454084
30445969
30368729
30425356
30420397
25451455
30475160
30509526
30455013
30385649
30442319
30416619
23655850
30447088
30388819
30350370
30397657
30363046
30430079
26299218
30449859
30474135
30444909
30501500
30448888
23182820
36408040
30447458
30450675
30435200
30400695
20630072
30438417
30508653
30380929
30433132
30489021
22437464
30435833
30348065
30375751
30382333
30383109
30418218
20865287
30377620
30426651
30400902
31019246
30562890
30658638
30387671
30449581
25778491
30574584
30508584
30381693
30388450
30452259
32402182
30378558
24731942
30439002
30432330
38940317
30360903
30377880
30402638
30469182
28882892
30481193
30443324
30436363
30445973
30447145
30400667
23608563
30431275
30395656
30411327
30556954
30400555
30377298
23333093
30435971
30470957
30468627
30423790
30369486
30421695
26354383
30451435
30434138
30408390
30415468
30442609
22160598
30476080
30424903
30414637
29106850
30623280
20884923
30451038
30406004
30427775
30332025
30429844
30394959
30530697
27746006
30424516
30456564
30413855
30372345
30413918
30410640
26913710
30431222
30384111
30410753
30380076
30416601
19712499
30386608
30387640
30371110
30533319
30427223
30421594
25824152
30432691
30464893
30457178
30394986
31106485
24195027
30428978
30432128
30431891
30461910
30438689
25884517
30454628
30412193
30411036
30420895
20090483
30589455
30495655
30372193
30380190
30458439
30465593
22941352
30528378
30624204
30458329
30434579
30376117
30430893
33472153
23707441
30462224
30548408
30410195
30384460
30419822
30378738
30360960
23352795
30455805
30555265
30394595
30417544
30426013
30442873
30577379
22687590
30407398
30413533
30415313
30456319
30425595
30446732
30434093
30433327
30369319
26119078
30446175
30413700
30580964
30446553
30423422
30494326
30427066
29359316
23541217
30397102
30450873
30471000
30461370
30430969
30438810
30435114
30431869
25592460
30453642
30453530
30438333
30449208
30375409
30447877
30407205
22159331
30395996
30350104
30375704
30428175
30473382
30379982
30432889
21860931
46718637
30629471
30668941
30629717
30653470
30568682
30602152
25346900
30635493
30662664
30581750
30598203
30595951
30571446
22426822
30636110
30618737
30593985
30647566
30602615
30623768
22833690
30583430
30750641
30670664
30638865
30647750
30600645
41127807
30646266
30667432
30609999
30637937
30633438
22565721
30633274
30609154
30756574
30638075
30620395
21886745
30671718
30727034
30622830
30628135
30619172
23699885
30823761
30647768
30720824
30647424
30632877
30119162
30642378
#end
