#729a2951|blade-1-m620|jdom@54ed0cc8b7e8deffd5e088305ca7723dc0bd963c:org.jdom2.Verifier#checkCharacterData(String)[generators@bcfe6d43107430b2604e2e34b9151742941652e0:cz.cuni.mff.spl.casestudy.generators.ParseFileGenerator('MQ==')]()
#date=May 18, 2015 9:37:08 PM
#warmup=1
#count=3835
#begin
20462296
56096584
25148830
39226679
46630011
32045993
43758519
30543952
39548591
30555569
43658473
37260967
53007550
49062968
24314416
30642022
32347109
30563813
44679978
59319017
24483830
30452712
30442337
32033627
30541268
30504742
30555776
45855834
48616304
30462333
31777417
30461357
39178304
30206449
30207292
30223909
31120020
30250433
30298276
30689368
30321667
30257280
30221773
30321871
24666809
30224493
30202041
31098079
30292343
30267884
30299922
30299371
30370091
30265802
30298205
21511877
30269789
30271929
30255447
30242620
30348062
30374411
30404773
34409742
30273486
32877025
23249049
30223618
30434906
30263089
30300717
30326134
30293880
30414708
31341314
30230203
30275548
29704429
30292055
30252254
30371891
31233681
30316310
30498933
30252249
30238011
18374442
30262611
30283452
30243061
30270122
30310707
30337408
30262427
30262118
30245813
23847815
30253618
30251741
30230749
30287159
36046274
30277840
30243356
30271052
25638672
32265713
30291214
30343701
30369441
30605743
30337095
30305407
30274711
29957074
30313062
30326301
30350864
30353613
30352792
30387026
30348464
26267351
30281413
30259156
30356048
45526250
30469193
30327951
30316914
29704030
32162306
30276778
30311271
30317467
30355453
30307943
24164047
30248109
30232908
30310929
30417618
30240596
30252282
22303891
30264247
30285698
31698508
30298940
30399162
30295415
24988217
30231113
30275173
30276106
44953023
30291358
20974916
30379586
30250054
30260478
30197642
30240919
30255571
27321851
30241495
30258840
30227969
30259607
30259113
29026123
30241871
30204969
30237903
30295323
21064634
30237774
30252699
30253888
29030690
30246385
30346940
30233920
28406580
30240658
30279666
30274882
31218896
30257223
30248795
27414351
30271749
30233709
30244832
30246869
30251171
21516730
30239871
30252394
30308707
30209267
30217285
30268725
26045149
30223998
30251603
30209507
30715779
30293961
24132496
30272070
30292446
30300323
30234158
30290614
30311647
30244166
39049490
30287445
30301760
43464984
30339476
30363868
30304335
30332096
30311727
30315495
21734707
30315318
30348355
30336784
30334806
30298714
30340186
30322036
30274172
30270791
22026690
30360753
30314640
30248498
30346450
30369568
30324863
30355282
30341393
30466540
29268537
30351666
30274573
30314395
30277389
30331765
30356304
30389879
30302212
29498359
30309702
30310002
30295491
30349465
30389702
30340937
30321223
22128490
30303483
30311229
30316287
30435116
30498755
30297771
30382307
20388975
48715133
30352799
30332045
30377485
30461063
30360618
30387711
22185236
30346271
30267185
35474761
30297131
30327904
30334784
31920934
28850603
30344098
30320466
30516373
44439960
30319731
30267515
26914313
30298535
30306222
30368887
30332014
30311124
20207116
30326319
30293313
30340499
30312587
30330354
30357807
24691228
30299774
30253438
31178640
30392620
30506371
23022086
30342164
32990592
30643572
30344623
30358171
23711023
30757161
30334822
30496463
30304151
30370436
31205589
30298643
30300830
30333665
30303505
30373590
30420588
26541617
30343809
30287740
30349743
30331309
30463544
30392069
30327355
22560157
30344556
30262817
30324328
30336708
30390304
30344693
31377789
21862852
30474813
30281451
30299620
30341435
50289736
30329882
30331544
25026150
30317254
30326608
30335224
30295556
30408571
30338146
21874234
30353020
30335714
30301487
30407006
30466820
30372655
21978496
30489798
30330324
30290984
30320828
30345941
30545590
24894331
30267587
30310344
30380986
30321389
30327735
21192245
30257507
30288851
30328458
30326047
30334276
20328849
30383618
30314722
30371153
30362669
30334029
21994352
30278596
30364595
30267813
30411518
30358040
30380735
21434975
30366271
46822938
30286907
30357073
30333551
30430180
30345631
30322670
26540593
30337733
30280646
30375424
30390451
30337549
30391111
30367086
25704015
30407629
30292338
30317256
30389115
30365067
32417839
18517268
30507307
30339753
30310207
30327600
30365075
35369569
30346813
24992487
30356333
30328849
30335093
30412491
30367463
30383637
24692440
30353806
30286407
30306418
31234914
30455767
30950618
30351696
20643921
30347621
30339193
30477542
30343393
30353307
30356197
30397766
30299775
30345951
19472762
46334184
30962472
30323720
30307804
30356747
32304458
30304453
30307921
30323218
30264467
30421915
30262367
29222353
30407584
30308246
30305922
30369022
30386482
30323146
30382744
30339596
30276418
30383411
22039911
30353002
30509504
30321857
30334672
30366938
30368307
30346402
30473726
30309578
30319642
21665846
30310082
50573746
30341918
30340175
30323011
30367898
30326095
30297009
30317960
30329134
26482988
30322878
30271670
30361377
30279435
30542912
30362615
30367353
31251411
30269855
26157626
30321186
30307453
30469611
30365562
30326972
30268398
30334306
30330913
20573871
30335531
30474766
30309963
30325731
30474524
50120299
30353591
30310505
19986552
30297213
30320431
30345111
30308247
30363527
30356802
30441951
30304024
22246258
30332102
30289462
30335457
30376128
30408359
30318718
30348307
20252668
30443664
30280993
30361943
30274466
30321643
30512373
30351906
20743401
30308664
30352540
30367193
30311444
30383900
30266107
30367963
24505618
30343559
30304538
30317782
30328963
30312525
30430084
22442781
30472200
30287347
30339916
30323298
30306656
30446984
23383377
30285371
30277015
30420042
30330365
30279949
30385280
28799283
30341878
30299189
30353058
30302906
30495778
24541453
30281891
30272787
30364026
30299683
30312793
24489389
30268820
30477141
30302755
30368258
30365827
28080280
30299956
30327798
30312166
30319247
30549553
30598526
30193662
30793125
30274180
30285502
30353586
30387135
22669234
34599706
30309915
30294416
30311468
30348799
30354248
30330892
23479930
30283925
30298785
41121427
30434688
30340780
30308033
30380539
30220105
30384831
30336111
30385189
30307219
30291221
30320662
26406555
30304186
30328586
30359887
30405384
30329640
30341012
29039745
30337190
30281660
30326442
30288687
30506468
22205185
30342448
30378113
30342049
30329329
30326809
19675085
30314146
30351832
30289551
30303324
30281711
20838663
30314653
30353727
30292818
30306158
30328349
22298929
30368260
30312658
30371573
30383500
30317311
30350704
23399858
30338667
30380891
30438189
30425018
30439400
30372000
30431889
21338853
30419755
30375564
31229213
30414664
30396184
30524055
30508417
22654630
30409140
30431425
30379580
30474349
30449308
30407941
30437651
28655095
30505043
30400482
30434539
30395151
30629112
30410772
25878394
30466047
30346484
30333755
30367446
30435217
30387066
28397076
30452548
30441353
30394266
30361100
30474055
22042791
30461735
30385940
30503833
30400976
30393626
19852132
30446407
30459226
30402137
30381631
30392273
30400624
30465546
24557046
30449360
30380784
31040508
30404403
30522763
30443042
30391211
30386002
24629696
30437064
42728741
30459057
30563422
30451827
30382320
30407530
30395891
30364405
26355793
30415991
30389440
30425599
30463944
30552730
30429899
30418865
30402597
30391745
30479277
30277729
30420516
30388312
30404534
30461006
30539937
30426824
31344822
30445402
30406544
25450211
30428458
30419190
30516137
30321857
30463366
30406627
30402806
30342111
30399571
28378996
30466886
30424336
30426476
30445329
30447134
30418911
30432200
30433244
23775253
30449580
30395431
30436107
30365007
31490355
30411924
30442924
30615600
24475946
31211347
31167976
30331217
30314647
30336664
30349041
30365455
19551220
30333240
30339437
30355209
30425138
30413342
30331138
30451375
30337598
29946953
30344820
30312845
30408404
30367038
30362616
30368984
20928807
30371843
30342038
30329783
30266713
30383957
30397652
30384483
26744341
30356657
30326496
30327474
30337080
30368353
30341200
25981488
30336445
30295384
30347105
31213423
30333148
18040856
30333136
30389944
30312771
30350598
30337614
30334135
30320761
30307579
28899044
37100068
30233596
30255986
30269280
30304320
30436505
20599577
30258252
30247853
30309055
30297800
30252555
30291440
30234260
26558918
30287078
32265404
30271726
30428099
30255792
30231275
30228302
30200124
29773939
30291099
30246780
30224505
30215743
30218323
30322786
30238860
23537212
30239535
30217824
30277229
30248659
30228564
30191075
30240380
23089349
30259044
30196897
30222817
30247084
30442450
30284532
30303174
26152653
30230198
30266626
30304351
30286922
30248603
30272227
22889376
30260854
30297951
30231878
30257320
30307347
30288767
22961254
30293500
30317837
30233572
30249565
30227438
30234669
26051983
30232804
30281011
30304457
30247762
30224269
22104674
30220058
30248953
30233582
30479958
30232909
21852482
30230400
40060779
30266167
30319700
30279465
23144440
30231346
30252233
30260891
30897799
30321393
27057617
30265890
30227393
30314749
30336424
23390480
31253096
30181780
30235754
30253328
22685924
30261004
30252171
30272186
30282887
24139606
30278567
30223275
30254578
30217243
28153454
30312831
31303291
30225109
22900962
30223735
30232684
28954345
20156902
29151616
29103074
29150913
20206051
30429033
30444153
30376839
30404869
20099183
30409272
30446811
30384576
30391886
30411268
20865189
30395642
30382802
30423716
30376004
30451975
30483722
20044920
30448928
30406588
30394120
30445962
30418611
30413544
30584540
30366896
25056835
30444815
30412755
30547424
30397193
30422389
30405212
30372916
24145163
30444049
30385557
30425073
30408293
30471186
30740557
30349435
26471734
30441733
30393346
30462275
30449133
30441291
30460260
22627429
30525975
30359842
30407444
30373225
30459196
30519255
21991798
30383055
30413500
30373413
30425611
30395337
30439307
24646743
30386617
30391782
30371753
30388885
30492354
20539422
30447008
30420142
30414518
30455113
30485397
18835121
30407773
30402245
30521797
30450059
30419864
30377940
30443522
25235569
30384212
30400253
30500015
30417989
30416975
30502024
30433871
24138333
30710117
30366738
30415963
30443704
30397698
30450389
30458670
23398273
30409975
30428707
30441778
30442653
30336189
30409128
30485982
30438698
30425723
26264905
30390226
30599110
30381404
30564804
30443163
30380364
30441625
30378551
23584700
30397524
30390316
30445609
30464118
30398513
30404595
30408604
30418773
25314769
30408078
30406620
30427811
30430951
30364980
30371994
30388716
21126183
30427571
30379231
30387811
30562968
30463637
30413252
30400993
20673188
30457819
30407704
30382544
30589909
30450138
30458953
30453953
23587085
30386511
30394389
30347182
31049961
30409815
30473293
20542617
30433018
30413429
30367627
30425304
30351969
30418162
30442213
30328818
22674359
30381635
30369373
30382053
30393773
30434607
30428973
30393486
30403055
19634399
30433583
30404449
30390765
30405326
30553310
30435466
30478095
30353100
30392839
26305266
30384405
30390055
30407338
30450386
30387613
30381765
30422473
30394844
28649350
30402952
30429549
30435355
30461544
30449162
36727213
30357238
23608008
32211368
32872326
30320520
30354984
30365787
30328473
30366944
21689602
30324113
30315451
30331036
30291598
30298674
30347332
30345767
24414306
31298318
30316473
30358502
30393149
30348740
30290976
21018072
30347362
30296883
30341822
30300062
30329922
30357556
20629304
30283929
30328338
30341348
30294879
30328815
30473049
23134638
30333276
30309698
30371584
30293218
30296411
18934181
30358140
30405386
30294895
30336364
30309849
30349234
29034841
30349976
30275454
30350818
30399111
30305624
30393442
23876832
30309580
30302326
30336062
30293933
30318305
30327521
30277139
30312318
25613764
30352411
30324095
30350905
30420650
30322364
30297717
30306275
21563286
30288913
30294369
30352758
30398807
30348584
30359095
30334229
21053789
30409020
30351509
30322525
30336664
30356613
30404213
30371578
24157649
30318222
30306740
30484308
30340944
30382478
30361789
21168073
30287165
30311277
30357318
30342208
30443800
30352851
21231222
30327392
30297492
30413160
30445666
30308746
30444255
24139274
30344780
30574228
30313286
30321334
30468213
20603616
30352471
30341532
30356321
30331049
30344864
30326577
30348671
23591224
30384528
30266909
30310849
30332155
30419219
30291753
20926705
30387355
30359740
30325513
30358845
30328700
30309653
30429399
30310645
22955156
30353887
30265136
30294420
30337338
30316631
30351941
30326667
19155609
30309665
30331016
30351996
30318504
30320618
30331467
30336478
19469057
30324743
30371368
30315796
30318646
30347926
30299663
30319638
23043660
30395982
30334424
30922005
30286707
30364964
30462138
20491524
30472606
30385802
30324664
30323009
30395977
30399019
21009534
30316567
30275537
30363799
30318553
30375540
30375082
24625052
30364866
30289861
30309834
30381293
30442400
22409088
30328882
30282758
30356204
30333197
30425855
20611070
30334604
30328050
30360318
30324256
30372222
22801414
30312369
30260858
30258167
30424566
30286729
30318311
23150377
30446120
30314702
30336958
30342322
30315571
30320879
30336358
19835056
30332691
30343288
30308152
30286206
30388140
30380347
30359978
20417472
30313721
30267667
30322220
32962234
30304810
30398897
30371938
24085310
30458455
30282520
30329526
30339766
30345912
30500364
21890751
30338500
30303589
30334551
30299129
30368618
30339977
30330193
30335572
24598914
30332611
30301306
30314331
30331918
30370552
30336569
30363921
21794087
30334374
30357295
30459942
30352793
30352133
30360703
30300609
22597210
30309804
30340242
30349044
30328339
30332086
30388662
30376704
30291698
21927714
30354405
30323693
30344940
30311906
30373043
30364275
30350997
30339575
25256908
30345108
30304380
30338945
30369827
30323603
30365822
30304545
22834981
30302203
30291683
30411346
30304383
30368544
30356728
30312267
23841345
30255703
30287044
30287222
30334100
30349231
30442086
18717914
30431504
30339106
30305537
30346061
30370116
30510729
30359733
30383536
20512686
30344833
30312424
30344613
30335868
30484703
30399482
30302829
30318016
25779640
30360363
30416357
30323900
30286179
30337244
30316209
30334156
25121871
30442065
30312967
30379801
30320149
30394953
30451053
30343095
30255260
26090963
30292413
30350589
30271642
30307042
30347873
30308375
30387336
21382582
30277412
30373146
30352091
30306347
30361588
30359495
30305113
20470426
30320220
30323221
30325293
30459262
30419407
30370299
30319956
23040695
30390329
30269464
30345462
30385433
30344469
30373833
19282182
30316943
30322731
30349989
30374580
30380275
30369855
19509361
30407597
30332718
30386819
30952335
30483866
30381706
30420182
30363720
24081381
30367982
30316938
30294940
30520520
30331014
30369651
30367727
23431563
30411811
30316422
30365102
30369004
30394501
30358885
30343405
18521288
30324168
30276913
30315271
30473110
30344449
30361518
30341882
30316513
23880484
30280273
30322443
30343406
30369951
30394324
30310703
30366538
30424775
30329107
23155722
30339740
30275762
30243263
30329307
30412525
30335535
30290949
30303251
30358229
25288342
30385299
30317433
30362070
30355951
30373969
30392157
30383249
30350580
22970588
30351326
30295393
30335584
30316040
30365903
30372951
30339022
30366360
35633219
30259620
30259718
30210287
30197088
30267618
30225459
30271551
20093591
30249575
30268468
30221004
30208671
30254656
30326062
30320187
20402462
30687275
32237538
30268722
30289489
30304916
30260966
30354727
22490970
30280880
30271156
30639928
30275862
30317674
44279922
19703228
30350642
30335578
30407393
30289136
30298651
30392739
20111562
30336945
30287471
30344982
30272012
30392538
30361441
23068072
30495306
30274613
30304178
30242254
30266437
19333479
30352930
30288042
30292567
30326713
30311647
30394538
29191000
30332346
30333204
30369222
30321371
19548993
30481804
30335173
30339514
30517946
30346070
23666783
30237880
30226793
30226889
30277838
30265351
30237480
27255719
30418844
30429242
30426236
30379730
30391978
23131269
30447021
30398333
30357245
30351924
30411478
30423273
30419486
26765903
30418748
30378349
30411282
30492145
30483880
30439792
24047116
30513851
30351056
30462343
30422655
30418385
30536626
23348300
30399572
30412076
30375002
30466228
30462495
30475910
26954242
30439409
30419487
30407593
30432049
30386382
23096527
30429513
30386577
30386895
30539733
30445947
22329336
30435616
30491953
32413598
30474111
30513235
30438197
19229807
30536113
30472513
30443026
30586550
30510285
30456044
30472384
30491050
21738185
30460847
30467433
30491804
30533077
30478036
30418360
30534549
30569437
23670168
30544193
30559786
30459213
30482581
30539186
30526466
30610734
30422989
26352793
30462696
30484640
30522937
30578040
30482989
30755341
30474480
30445100
30457672
21264960
30499582
30472226
30495815
30522466
30493744
30530422
30589653
30513593
30526776
21830643
30496644
30462423
30458363
30502511
30530269
30520948
30552135
30455329
30455127
24803350
30463772
30469407
30462009
30530624
30520648
30474617
30443725
30458659
23360216
30448054
30429806
30525544
30483831
30439139
30466599
30627555
30521053
26674632
30516222
30439713
30446519
30451207
30478186
30659246
30468714
23391982
30459482
30452270
30549742
30490933
30489117
30528482
30547795
23994696
30471121
30469551
33452362
30526559
30738612
30516689
18137975
30536444
30522310
30450926
30463606
30478609
30515581
30440306
26434177
30602275
30453201
30470291
30437173
30508375
30631586
29669486
30460818
30517070
30459635
30484040
30504551
21782054
30572042
30441242
30459786
30475642
30449259
30541841
30513440
22716253
30565820
30462122
30486389
30476519
30522695
40460129
30519884
30540844
32454315
29333991
30494612
30472771
30511995
30507426
30501936
30481342
30486531
30494897
28624586
30541952
30462358
30423735
30514075
30436902
51267247
30515519
21263360
30512119
30468336
30519954
30575438
30530386
30616428
30466651
18845174
30481771
30471209
30464598
30494479
30478714
30507113
30520189
20609132
30486245
30452917
30498479
30505700
30499769
30567453
30649259
25435087
30483135
30458080
30499773
30481193
30553895
30492951
24103574
30497753
30480856
30465546
30510915
30590315
30506618
25693226
30477491
30481053
30625104
30505737
30505315
21418327
30560202
30449320
30509278
30464733
30476613
30554404
45001371
30533206
30498553
30493811
30640157
30449606
29948632
30539766
30494044
30492010
30522710
21315580
30466294
30496753
30461891
30469862
30513642
26843234
30523115
30450409
30476892
30515529
24823546
30507659
30577648
31232355
30489242
39417461
30289409
30946716
30364600
30404222
30344044
25112825
30308282
30328634
30459480
30413993
30385289
30361507
23330475
30344615
30255616
30320696
31809625
30361976
30336664
24781015
32243038
30297245
30329203
30358458
30346664
30338520
30383169
22904250
30316208
30321715
30368007
30315831
30460797
30318559
31189849
30238931
27816510
30270736
30324826
30324170
30356949
30347384
30291502
30326489
25619643
30284278
30359638
30319696
30402426
30321080
30364736
30370571
28938912
30412702
30278633
34383671
30290108
30294577
30301940
23253047
30838954
30334317
30260746
30226725
30304658
30274925
22441959
30225175
30255984
30189031
30288309
30223184
30278128
24334037
30435282
30255333
30299555
30351904
30325228
19823001
30265322
30257840
30250918
30192910
30218578
30287574
30280271
22275766
30292169
30239508
30265178
30212180
30242736
30252369
30276297
29652593
30218169
30252871
30300850
30275025
30282764
30270987
27664039
30423922
30263965
30264483
30238679
30265742
19741825
30261537
30214578
30288886
30305673
30405812
30323589
24685708
30310667
30322348
30300693
30267031
30276182
23149705
30584293
30236955
30218018
30227644
30284820
24074240
30321115
30211634
30281646
30291660
30273528
29464222
30411106
30267982
30252901
30284898
23855595
30359571
30269460
30304798
30338346
22459656
30189276
30197586
30257985
30261804
23299131
30283766
30225915
30273178
30213536
26029538
30265758
30220653
30277776
21109895
30238429
30317766
30875488
30213458
30364631
26748050
30261134
30257700
30269113
30266640
24822429
30287708
30246893
30274080
30281555
25291782
30256920
30354642
30295862
30274880
30265795
25901327
30424746
30230416
30266000
30237441
30252004
30254076
24283135
30291211
30265571
30313142
30234738
30291673
30201983
30236045
19182567
30283636
30243375
30268063
30284456
30413701
30269930
30284220
30289220
23492737
30270987
30302822
30267936
30288565
30326004
30218816
30282800
30300300
30231964
20817356
30217338
30216395
30283629
30258574
30365582
30295620
30312730
30241760
30248785
22790799
30346422
30260590
30198931
30250745
30275784
30202434
30286335
30289320
19959561
30267607
30884238
30230240
30418780
30358520
30247952
30232943
30302825
19952870
30308552
30220513
30284992
30245483
30320195
30293624
30280533
30237484
24692314
30278331
30225252
30272449
30237991
30283989
30256698
30200329
23568179
30284957
30236676
30272698
30463378
30253997
30296015
30340728
26184108
30193729
30211515
30281627
30306975
30299144
30324062
22409535
30259883
30282517
30235172
30307477
30315140
30250734
21914583
30412915
30356845
30585209
30432489
30384531
30467226
24291228
30542288
30381549
30424631
30598380
30472407
20326602
30424324
30419818
30474235
30450244
30526837
18449171
30452897
30475006
30381588
30383884
30406300
19891643
46350106
31346918
30372498
30340042
30386200
23342542
30314492
30304495
30297180
30322093
19841012
30307754
30297009
30335782
30273245
30338892
30261160
30399227
30248332
30280469
19245509
31226346
30332995
30342947
30378182
30445548
20444212
30354844
30364166
30342920
30407582
30383304
30320966
19388824
30301007
30352140
30338600
30304655
30370298
30269453
30624641
30319518
24435633
30276998
30308922
30268478
30270844
30248082
30247698
30236904
30266414
23412800
30246006
30255451
30265876
30364324
30247975
30208147
30297565
30412353
22270524
30262331
30196318
30251251
30386209
32243258
30242534
30371426
30273279
30240014
30256277
22691992
30249894
30234340
30269850
30305455
30278662
30281091
40293422
30279053
30192763
30290676
30035911
30313653
30258586
30317339
30264331
30263034
30303444
30243726
30296486
18373713
30225326
30272382
30208943
30273460
30375195
30303080
30274717
30277191
30254640
23610011
30226376
30254023
30282783
30264160
30238869
30322742
30343635
30305403
23308061
30278180
30207876
30306169
30241165
30360363
30278515
30313366
30234484
27401215
30428911
30275377
30220311
30258440
30333236
30275854
30330497
24439584
30309060
30199660
30275569
30253920
30233378
30257805
30226780
25978090
30280090
30317449
30275763
30308282
30279887
30264760
21232786
30499129
30338958
30301931
30352085
30389654
30764446
19592926
30339540
30342194
30299222
30317924
30393678
30336740
21178376
30354804
30319145
30339813
30286211
30381953
30372538
25690422
30384360
30396376
30426709
30480445
30417750
30466482
30409703
28128838
30415642
30430622
30437724
30413665
31287498
30407484
22451660
30529041
30394882
30351353
30414484
30391617
30552246
30473744
30483097
22785397
30420838
30365616
30421771
30414195
30456386
30429505
30443933
30466709
30382800
23075227
30433195
30393706
30419100
30439771
30420061
30430240
30422815
30387334
30413546
29828630
30418847
30373082
30386337
30382691
31289993
30417729
30380705
30518000
28744121
30411478
30525548
30459944
30404034
30426061
30507226
30520617
22966343
30444044
30361480
30393504
30429882
30429073
30435477
30412527
20498824
30439615
30377406
30402647
30396293
30446277
30415711
30370173
22174929
30475223
30620792
30349007
30373779
30439945
30401864
30422797
25623944
30564762
30410242
30430142
30465827
30397102
30426131
22898127
30409500
30376260
30420673
30393871
30453707
30439309
26268529
31418171
30465106
30768464
30489135
30827256
19887552
30462704
30493000
30495228
30464521
30613337
30481902
26825311
30469126
30482461
30505217
30531096
30523709
27448563
46789118
30573342
30508713
30516211
19981621
30642309
30563273
30583912
30570955
30556203
25677941
30586231
30523081
30678839
30598139
23318635
30601411
30539795
30518447
30499782
30573059
21365670
30493701
30494465
30517118
30499451
30498931
30491390
30439526
26196589
30501844
30452328
30501711
30553875
30647737
35867177
23859309
30614655
30507449
30452666
30480384
30494647
30636612
25822656
30518566
30456997
30488905
30517186
30462570
20464335
30464446
30492299
30519960
30559757
30440849
30555195
29287283
30510597
30459349
30484930
30497595
30592955
29907563
30530453
30469351
30461486
30509090
21141762
30483151
30474226
30589657
30512855
30447456
26628198
30548224
30426996
30518186
30475576
24809715
30478162
30424795
30516942
30540672
24437666
30489695
30474001
30548324
30489424
30691630
24841070
30502925
30445500
30470067
30533244
30504337
30503872
23059124
30451178
30470184
30533595
30506066
30496376
30487239
24346655
30528235
30430329
31133958
30452673
30487050
18742221
30494000
30513327
30471404
30472309
30433340
30546228
26382791
30458882
30470762
30496852
30495777
30721193
26608518
30503520
30488939
30514101
30468796
19611430
30442476
30635595
30470721
30498164
30517866
24731383
30513806
30477151
30480590
30494555
22636021
30524033
30512364
32479711
30486480
30489120
19992296
30521022
30548348
30505662
30547789
30533690
30449260
30434152
24680103
30486951
30475457
30787761
30449247
30490713
30518906
22923092
30479799
30478500
30500702
30471093
31133605
30494229
30501266
30405520
30296703
30485023
30482830
30455550
30447586
30569298
30529950
30516057
29225916
30448404
30461942
30492233
30501438
30415056
30524393
20863177
30664744
30510951
30487024
30464580
30490900
30533193
30537195
27948498
30643941
30466220
30471341
30488744
30529484
30607210
27391078
30495973
30502615
30501762
30513352
30510710
20322281
30482317
30481682
31101029
30473453
30443300
30476182
26147958
30487490
30448451
30470280
30478759
30443113
24859999
30633402
30444923
30469287
30539267
30474218
26681388
30501992
30473953
30586270
30558255
20635941
30421575
30506015
30607797
30498982
30569466
27875563
30554210
30436740
30513093
30591962
26112131
30521017
30476258
30522735
30514657
30487991
24742466
30495156
30600111
30437913
31360296
30501517
26279254
30629311
30496666
30493008
30456622
20547200
30465400
30518013
30490519
31525021
30445262
26793741
30357184
30319980
30482967
30347418
30351531
22426743
44253190
30213708
30249553
30218642
30270198
21489791
30258969
30294484
30285864
30217425
30386600
22526251
30264127
30187171
30163849
30263246
30203771
30308222
22078923
30244016
30217322
30224158
30253120
30566239
30324061
24745399
30271377
30237134
30225359
30269964
30284763
20673372
30310404
30328040
30300118
30312682
30336315
30342065
30348691
28604706
30383463
30323818
30294557
30331995
30343750
30341700
20474982
30315678
30393998
30535633
30297349
30314549
30361044
30342031
23294748
30326800
30296609
30350833
30366047
30344373
30240766
30268836
30348511
20977519
30294179
30317537
30461209
30343020
30421472
30342245
30373211
30347013
30351105
30259411
30295072
30318368
30322391
30348756
30376623
30347695
30339420
20675434
30331883
30298646
30319742
30337938
30307778
30351389
30422798
30427368
26022864
30330674
30320381
30301114
30466673
30323340
30330864
30279125
25731658
30308423
30287403
30372692
30293263
30396082
30342198
19110943
30325294
30303345
30315342
30358838
30369728
30305724
30354336
26029087
30325120
30316884
30326360
30365288
30389909
30265587
26123550
30289809
30309502
30313500
30326194
30424811
19614366
30296833
30377222
30334651
30440718
30345651
30324323
25696142
30363209
30288415
30335945
30637327
30459779
24801978
30349991
30329382
30293096
30330619
30347666
26720125
30312287
30304745
30311649
30321626
21208157
30455092
30327698
30354898
30273324
30329069
29441195
30406300
30330232
30393838
30403288
27350838
30366122
30339229
30914696
30278023
30277809
30322995
30300097
30362961
21891759
30443189
32270072
30370887
30320969
28153269
31355351
30303013
30388929
24562045
30346911
30292154
30318020
23572314
30340495
30308631
30319920
24534929
30527406
30278774
30339598
30370402
29042350
30311672
30294329
30327572
30310260
21508715
30377173
30338677
30262945
30467124
30380939
30386580
23615510
30329027
30295153
30323194
30292278
30438820
30322726
30982754
22781190
46524020
30343326
30363023
30392205
30536278
30468958
31051113
30464353
30375940
28159805
30386571
30411011
30385115
30418737
30440228
30379468
30454915
30457364
26471144
30403188
30426904
30436972
30502300
30461331
30475902
30434723
19635382
31427284
30496505
30479078
30520117
30473035
30580452
30493955
30518873
27202741
30489844
30486538
30524835
30604570
30420142
30480033
30453744
29944421
30592428
30482772
30536237
30505682
30534341
30618000
22773554
30488304
30474975
30494555
30486570
30579307
30498906
21098082
30506072
30483818
30497720
30472166
30605281
30531093
22214627
30521931
30466105
30478724
30496675
30526966
30527287
26544738
30448200
30474841
30463090
30487061
30483164
23566495
30477531
30470413
30537150
30462985
30550159
23765468
30508093
30610957
30481070
30602656
30527575
26773934
30629872
30480869
30461566
30501784
22067672
30518429
30525621
30486126
30490320
19557092
30519827
30521017
30539489
30440942
20705501
30482642
30506062
30543158
30445229
30569224
19713958
30512935
30482484
30685557
30518012
30793619
30497362
30476147
28438344
30505169
30476922
30411188
30520977
30513780
17867129
30442882
30607412
30487235
30481658
30507310
30473711
30604575
30435828
26082436
30683353
30561211
31327193
30621175
30820088
30719988
30636003
19776263
30553888
30533228
30591152
30577226
30599471
30609735
30599781
30598682
23509711
30541209
30553170
30870789
30600667
30624779
30572106
30788432
21571342
30557180
30560969
30516709
30585957
30595122
30633706
30545665
23097905
30541352
30590426
30596173
30571846
30594620
30566104
30557062
30056436
30603189
30555035
30591592
30525239
30561234
30559412
26818509
30557726
30674680
30591940
30577311
30625447
30565847
30523356
30574837
30521461
30561432
30520072
30616079
23392349
38895870
30542870
30626570
30595061
30628257
21100278
30557365
30509882
30514997
30631648
30557644
30627186
30582535
26359382
30505557
30398391
30405386
30428715
30427778
30526181
24837537
30417005
30540687
30431982
30443048
30489317
30424580
26930221
30382671
31012318
30433822
30471159
30456591
30464993
30390086
25106956
30416142
30368546
30420120
42422295
30377108
30442322
30451498
27652228
30504017
30418852
30481878
30421646
30404553
30414757
22843283
30557543
30378560
30478731
30371022
30443520
30596934
21520031
30411564
30385955
30394570
30394025
30441317
30494187
30427811
32377745
26330737
30395322
30405398
30361157
30481646
30449411
30476535
30385479
24881174
30411648
30414237
30515401
30419127
30458236
30393975
30445658
28043964
30424520
30384133
30566577
30421818
30469175
30431263
23121633
30396475
30388553
30392487
30410157
30386988
30412204
22376642
30359402
30388678
30389011
30393778
30424505
30386529
24645674
30393451
30382098
30378460
30456764
30420504
20597902
30394502
30428278
30448903
30411845
30408950
18494173
30573759
30436961
30390389
30414640
30361688
19524702
30398818
30436261
30402185
30414994
30389449
23511246
30403082
30403906
30379971
30430301
19583081
30429969
30434637
30415953
30354551
31056931
29866530
30468682
30395502
30430251
18460858
31458413
30557641
30559832
30573514
30548688
19581426
30549859
30592289
30582746
30488393
30629434
30507400
18588034
30551971
30540921
30750870
30552715
30543918
30592900
30529024
30516446
23916445
30576886
30572542
30604845
30647675
30560122
30592430
30585532
18639124
30580478
30551404
30591929
30534185
30589986
30559453
30548437
30588935
23707840
30521544
30530546
30557800
30600724
30709106
30554926
30488425
22545895
30636151
30566213
30604612
30538566
30543713
30540566
30612278
25101947
30508135
30543922
30570630
30560093
30554127
30539177
21276381
30524015
30515155
30630623
30562960
30734172
30651792
20620681
30545693
30581359
30569097
30514333
30606370
30600479
22979189
30532244
30574391
30496513
30560852
30573482
30632919
30050065
30600564
30583267
30603126
30626364
30590724
26725930
30579464
30572126
30864926
30515006
30573164
29296492
30600777
30571556
30530395
30569863
21655970
30669093
30564140
30543370
30591022
30609833
29256347
30607708
30527011
30596270
30594103
26346411
30614446
30543526
30632550
30580971
27575825
30585870
30533031
30591881
21035747
30530889
30585908
30585553
30547149
25136480
30570145
30670891
30572004
21929525
30601346
30564665
30491320
30718215
21637195
30580210
30599684
30559137
30590139
30573432
30587596
29578395
30579994
30550055
30571801
30554724
17971012
30567628
30705941
30579194
31659255
30719804
31236009
30557370
28016185
30581794
30577090
30576391
30556117
30589873
30611863
30583448
21800089
30528395
30492071
30523484
30510293
30570264
30530192
30697380
30585492
25145994
30560611
30547781
30713157
30617211
30577061
30666997
30570955
22960705
30521299
30542795
30536188
30569793
30610163
30790378
30538532
24132484
30550519
30530792
30563666
30579570
30586653
30504400
17926018
30550173
30587858
30512017
30583540
30601748
30629573
30556128
26844649
30573501
30532856
30563682
30569197
30547529
30667604
30025630
30522573
30569055
30560828
30574858
30649888
22777372
30573001
30504971
30556226
30605337
30645263
20327419
30588384
30583973
30533177
30521891
30593696
20528645
30711306
30578879
30548208
30672293
30538987
23205511
30527997
30536127
30515851
30557121
18100503
30377199
32332603
30419330
30402953
30472185
30426164
22943743
30394987
30365834
30446758
30427746
30428746
30483131
31254673
24244169
30395736
30406704
30390837
30400960
30370073
30418175
30448631
25896169
30469750
30389044
30414820
30387296
31065138
31243129
21025971
30431082
30409160
30405520
30460309
30461753
30546373
19536288
30437055
30420140
30514111
30404559
30417031
30445180
30430172
30465006
23274805
30353547
30385469
30455604
30439827
30430226
30436702
30422645
21580576
30453069
30519634
30448020
30390335
30426304
30516253
30506027
23342395
30426240
30422079
30495726
30408974
30436320
30482523
18323384
30414629
30437153
30387018
30405889
30413238
30471962
30520102
28339261
30460120
30439564
30442764
30394760
30386587
19320706
30445202
30403383
30422320
30467355
30472932
30437935
24182917
30425760
30503426
30402902
30391321
30444640
22252404
30418576
30368293
30402099
30409275
30464619
22935041
30450937
30441042
30425993
30394095
30409026
26352618
30399784
30399338
30427024
30424509
30570333
30461060
29950812
30437073
30424006
30487695
30417337
30389676
23315990
30455708
30383713
30419990
30407446
30573182
21426675
30406686
30395037
30440613
30400309
30454543
21754510
30456539
30400729
30414891
30405693
30453144
25232207
30422223
30406013
30458744
30448186
30445613
30439684
27396603
30446890
30397240
30385693
30468120
30535419
22065172
30385744
30358333
30410142
30363305
30439218
20335633
30411272
30417400
30451091
30378801
30462102
20951523
30413287
30422765
30458062
30438075
30460547
23836121
30394864
30346624
30536169
30483362
20014927
30514650
31098374
30584466
30470131
30500575
29844642
30586603
30468177
30495993
#end
