#729a2951|blade-1-m620|jdom@54ed0cc8b7e8deffd5e088305ca7723dc0bd963c:org.jdom2.Verifier#checkCharacterData(String)[generators@bcfe6d43107430b2604e2e34b9151742941652e0:cz.cuni.mff.spl.casestudy.generators.ParseFileGenerator('MQ==')]()
#date=May 20, 2015 12:49:05 AM
#warmup=1
#count=3311
#begin
22664321
54773792
42733908
41134034
30374187
32260280
40942166
30402978
40271622
33172727
43334586
36845174
30629191
38000012
24863423
33267400
32180789
31664370
44310790
41875702
24998959
30570571
30446828
43934852
35739721
30463964
30595397
30724072
30404482
30494238
30482238
31365346
30971283
30454393
30471290
30448161
43828496
44159209
50681833
31890618
30491406
30480124
30608801
30492315
24523453
50604485
38548446
33366123
30454784
31396840
30474570
30435572
30481068
30401635
30439515
30420378
30531111
30647319
30378897
30461611
29924343
30456601
30471417
30435629
30405568
30388589
30429696
30580169
30416374
30440793
30452950
31983959
30479429
30520944
24620848
30416398
37895643
46551222
58688739
30509106
30645603
31191089
30431515
30448027
30438513
30479331
30456769
30448896
30444611
27848132
30476706
29183498
29201784
29272227
29179460
29157798
29147701
29189058
29264790
31806948
30500071
30588177
22142503
30431551
30516233
30484638
30494538
30460522
30614362
35200310
30452148
48965930
30425906
30431191
30450626
23668345
31377783
30468529
30488131
30895567
30452253
30483355
30412253
30455020
30421035
30495610
30453919
21079558
30454982
34528867
30477508
30427586
30440744
30515431
30557306
30435580
30478735
30451242
30500601
23537232
30489861
30424649
30442073
30486187
30461368
31279009
30415102
30426816
31192971
30474119
23054098
30416165
30439927
30591217
30438620
30487233
30500382
30543595
30476157
30470090
30466221
25817372
30440645
30462891
40515148
30484166
30449496
30517755
30449545
30451458
30470727
24531480
30483524
30394894
30472623
30393115
30517060
31036412
30506655
30462438
31708304
29235294
30509711
30490631
30499134
30477780
30420927
30488744
30474652
30449133
25572517
30446008
30462557
30483047
30470011
30446493
30472499
30440464
30593602
29177567
30522008
30449017
30508746
30446376
30467896
30467880
30444129
23739303
30510230
30457055
30466342
30415045
30438417
30468720
46037205
24082620
30475936
30451685
30512645
30420202
30394924
30470433
30530152
44371850
30397022
30378364
30333288
30506745
30417093
30427017
24351796
30402854
30399411
30432409
30367877
30398418
30488924
25110510
30418217
41709584
30449415
30381245
30384188
18646014
30350806
30438400
30420548
30352811
30433405
30405833
30478429
30349045
23098527
31322221
34274452
31852745
30424437
50127057
30471431
52820590
30459849
31325946
33693831
19731972
32003771
41457378
30462184
30402526
30473491
30512618
30385349
30464638
43285349
33156080
30486268
52015484
34241856
30494469
25605604
30422639
30449707
30527958
30453197
30456716
30479388
30427791
30400079
42620055
42754033
37398462
30999262
30554706
41414806
34795008
30484976
30551755
30428677
30479266
30484429
30452140
30414766
30444860
30467247
30458656
30464041
28323571
34984488
35417678
35988632
36219480
31444190
30474853
30457744
30446937
30456482
30484624
30481629
22763797
30475371
30761269
31525424
30883768
30674147
30454933
30477473
30426180
30439162
30396791
30465828
23975803
30435400
30432854
31112515
30475113
30458566
30445015
30461415
30446952
30436957
30539372
20827535
30577288
30422607
30473424
30441404
30462822
30623079
30486711
30445162
30456612
30450966
22928752
30468941
30456360
30537146
30408548
30568043
30424239
30460516
30455739
30478729
38379699
49270603
43800266
43764488
46618360
31522149
54002184
31343944
30459602
30502893
21915059
30494706
31840095
50277561
40973748
30418842
31010361
33268582
30429224
30595715
29850514
30416615
30424595
30665971
30401405
31312060
30406682
30379761
18682594
30597582
30494288
43556027
35298222
33240277
31233447
53011441
30498087
23793301
30418210
30456239
30512460
30352789
30463690
30423326
30430707
22537388
33870435
30383875
30534721
30420528
30583071
30699635
30497119
25012820
30322461
30423508
30524960
30355515
30401568
30417882
21095620
30397904
30391381
30573488
34381142
30431213
30464786
21778210
38330096
30416095
35564336
42379416
49336456
50523456
23927740
31433247
30270276
30351295
30321467
30357778
17898812
30237631
30334499
39067032
52491056
30308209
32120352
32560488
21746685
34287169
32020670
51496886
35689808
31666640
30565567
54254694
34518989
30532328
26996423
31308283
30486284
31383669
39612924
40075065
30483920
30446087
32390640
30417007
30436518
21975398
31304931
30440817
30490567
45247694
34125428
50457245
36289302
30451655
51294545
43994472
30465499
30490349
31352929
29838601
30455568
30498434
30398495
30422035
31434996
30465944
30418888
30413164
35826055
36212632
53751549
20964877
30463018
30872746
30532615
30456120
30583364
30472738
30501655
30444063
30436908
30467455
30465726
35884758
30467679
30511680
45116134
31105173
32737341
32521111
30456978
31330460
53780437
32971843
30484651
22789239
30452229
30402322
30557984
31342618
30433901
30527560
30447971
49125384
53156334
30476538
22392584
47691214
39703360
37616019
30434955
30454726
30417782
30427022
30380233
31848641
30560371
27102609
30497542
30440224
30439575
30529740
30456340
31451940
30474118
30442800
30502006
27397559
30905633
37676415
44165233
30899527
30566457
31083620
60430445
30518448
20974318
30426877
30518289
30541342
30390995
53365969
50504387
30881170
30454499
19426497
30529215
30470709
30500491
30432669
30494477
30462355
30450526
30529280
22303893
30452942
30412531
30436001
30460982
30574581
31160193
30447220
19127007
30446452
30408004
30499811
30429995
30421649
30413037
30478733
38461346
30538899
44094533
31317122
30455195
30462235
30582128
51816775
23824045
44217398
36135139
30481298
30372367
30946823
30516689
21736999
31276022
30409560
39463559
38818654
31578740
51159192
22821079
47200731
39667076
30559691
30407704
32397868
30430664
26806001
31344717
30388669
30428633
30448186
30382693
24601500
30419471
30363733
30526042
30398293
30714054
38332573
40292998
36443991
32775074
30386786
30381660
26188018
30396426
30434999
30411302
30364587
21224369
30337807
30317453
31347329
34827240
30845650
30777572
25483395
50004992
30453258
30550932
30428980
52866030
24743890
30401116
30417073
30996817
30570925
30474389
22072789
30444971
30465150
30505600
49867875
47104127
30532604
19730023
31515696
30315163
31694414
56263312
34351114
30385815
46521128
30590693
23047245
30413833
30286081
30829895
31711660
30320535
30301162
30239186
20546402
30330207
30240150
30654052
30325358
31197325
30432293
30272075
21403877
30294993
30267882
30349033
30314669
30311033
30357845
30469038
26015216
30289871
30804566
30389551
30302118
30306182
30276591
23811969
30240124
30269644
30316416
30254803
30386138
30370640
25460578
40011459
30268097
30360596
30277960
31348364
19791330
30303736
30304697
30265876
30291420
30296827
30234030
30376296
21066817
30717003
30304791
37192245
51978775
30362627
30427073
30332705
30356139
30275604
26598668
30361416
31161062
30375557
30311391
30270144
30299104
30450357
30308545
26482143
37075952
30252811
30302764
30285873
30337960
30317138
30292921
30299850
30310680
30325722
30130578
30294166
30278909
30260034
30346675
30282772
31113517
30371404
30355699
30312558
30347509
52653246
30479969
30499058
30959183
30620389
30381196
42023039
47979517
30485093
27174640
30524535
30461462
30450321
30537509
30526919
30432224
31583972
30462155
23118689
30417929
30436071
30511886
30545687
30421367
30457373
30753128
30405534
23555406
31719868
30421673
30484766
30472069
30581726
30487152
30469571
17838454
30326099
30746410
57113996
33019025
30454536
30384131
57439094
33839563
42360011
31379913
30353395
30437612
30390940
30514213
30371403
19368430
49649713
57121321
35754836
30298898
57447036
36506079
30335721
26011350
30200905
30259458
30213760
31256079
41967376
38635428
24091943
42933541
43073687
41034599
31071983
30270127
30694573
26826614
36361640
36603939
36506304
34827075
33315849
22618157
30243404
30207545
30303775
30244353
30241425
20543866
30252536
30248930
30339439
30247671
30212336
21960225
30282869
30296138
31228733
30204789
30285264
25282018
30276458
30246463
30259067
30278247
21335716
30364660
30274310
30299741
30518882
30429209
30261973
26685221
30286409
30204672
30303304
30222660
30257616
27158289
30319853
30269565
30346276
30363629
30235118
25918102
52828715
30227966
39121528
30249200
19444708
30219618
31237319
30361742
30251538
30239947
25793170
30223620
30199937
30387622
30309301
23816039
30245111
30205267
30317711
30295533
30309160
22194124
30251783
37554861
30309520
30265645
30235032
30299610
30299086
29614982
30445084
30254512
30203198
30303678
30238823
30256471
27691359
30288278
31523142
30266729
30228328
30231299
19457128
30465802
47318829
30438872
30642644
53726575
32096081
31086191
44659782
58923988
38967539
30421119
31336889
30394358
30437220
30398275
21816398
30405093
30623802
30452459
30536082
30442919
30490426
30444784
26705964
31161087
30429813
30790219
30470844
30458826
30464961
40998867
30268982
30444791
30348077
30363947
30262527
17999601
30258590
30279009
31257613
31102908
30282435
30555257
23837569
30382880
30318425
30325611
30244969
30411857
22592575
30346261
30260295
30314292
30320843
30472061
30284776
17987070
30377139
30335484
30294313
30576584
30418066
31895220
30357391
30307867
20262362
30436469
30299893
30360573
30347133
30334581
30366860
30297218
30306104
25297747
30359468
30298079
30368286
30312989
30311361
30338091
30370556
24399261
30307693
30286422
30303270
30305516
30294369
39510360
30355129
28717971
30351075
30321664
30332824
30349544
30310297
30339549
23851803
30327547
30308925
30529452
30386547
30347423
30375145
23615055
30341324
30270711
30315589
32766018
30341329
46075047
26740174
30331125
30277156
30351791
30281029
30363393
23202854
30279653
30361605
30314080
30369924
30298720
21412829
30316391
30361509
30339127
30342073
30307198
23139116
30316404
32453269
30365107
30334749
30306133
27486137
30388600
30314786
30316951
31419142
23511764
30291046
30322611
30325895
30265514
26814843
30319686
30309778
30357180
30368849
23450818
30697639
30313744
30363505
30346358
30373980
24917625
30332791
41796513
30341533
30342751
30341088
30308413
24289047
30304116
30386891
30353115
30326035
44100297
30393990
27924672
30392798
30297719
30305163
30340882
30306702
22928960
30599815
30324591
30331355
30320489
30339027
22452877
30327720
30321031
30316041
30305674
30317256
22976977
30597235
49283397
30473138
30487450
30464671
28747089
36088310
50569276
30385328
30483013
23454482
30431773
30414776
30454179
31857966
22158172
30476826
30452167
30537750
30465344
26234605
30439120
30476606
30507357
30486175
26299871
30460776
30467078
30532816
21640505
30443927
30509718
49731246
30466598
37754753
30487611
30473539
30666243
27899714
30379315
30360044
30445951
29243431
30398291
30382742
20332107
41080443
35210369
30407640
30322127
24782390
42232168
32023941
30438493
30439267
21728581
30607563
30468043
49281834
30555542
30547213
51295896
27277240
31136476
41280556
51405105
34726070
30259212
30203553
23285638
38885459
30194984
30250590
30248742
30261649
30182102
30555183
35500142
36202920
31487204
30253693
30188306
30239621
30233758
21390847
49738953
30466233
30505377
30494697
30411584
44809059
30489413
25858092
47965326
34572375
30432896
30523732
30450258
30521473
49527266
27370062
30490194
42196096
36139629
30447533
30480548
30420018
30510773
30405932
21782221
30430572
30456557
30569126
30460773
31926375
30574437
30455589
31415580
18113873
30436407
30467420
30447270
30496644
30408397
30407855
30477733
30460689
19602351
46285760
30349095
52767843
34168226
52334305
32411966
30362231
41397827
43636099
47107005
31153672
30968532
31499062
30452417
56973506
30525566
23807628
30421976
30422289
30578168
30441293
45166216
49681542
30425767
27050772
45782683
34863732
30544168
31290340
30445798
30416544
23355614
30526712
30511647
30501444
30489437
30426964
30455930
23701017
30405697
30413577
30488264
30513170
30504409
30427364
25631690
30587799
30466546
30479553
30441349
30472033
21546981
31849042
30432817
30500386
31363202
30442548
20397973
30446795
30438544
30490908
30423486
30461840
31776404
51042187
30846814
50943448
35265024
30512335
53737417
21427424
49162394
30389145
30506099
30933770
31798681
30468615
23847352
30464538
30452882
30522968
30576266
30426175
20052020
30475175
30469189
30496156
30518693
31407697
30537181
30473678
23053300
30399591
30448609
30497322
30521957
31910579
30427713
30503666
31087530
20749436
30568608
30435253
30478764
30407504
30475526
30537201
30493508
30508720
22627270
35593604
36639987
30623322
39458605
48959040
31487178
30591395
30502775
30372482
30524671
30425061
30498038
30998307
30442960
30529019
30455180
29993054
30496450
37441449
50384338
30470358
33391744
30640344
42342377
46723264
30483863
58309185
30502389
30523146
30464072
18212940
31102676
30532350
58097149
39662586
30410655
30421320
18860107
39026236
31520897
30462604
30470345
30551344
30457833
28442153
30448269
30403902
31454360
60388458
30433400
18443346
30549423
30526647
30914090
48375122
30462880
30614928
34666315
30466127
31379198
30523644
30600822
19764403
30473053
30440200
30489597
30562586
30550324
30495060
38805960
43624886
43492576
43457785
43762643
43655362
46503748
30481787
30563669
26670443
30452364
30431313
31117243
30455720
54511711
30559632
39909790
28624617
44408255
30537577
30922253
30449715
30462002
57832615
30894627
30481122
21618457
30518224
30496167
30481480
50626440
37070437
30451365
30453653
30591448
30513412
26857155
30408408
37038956
41896814
32563965
30453407
56317492
30500801
30478422
26332291
30516825
30479194
38650546
43719704
30466280
30534750
32389216
20201006
30369044
30309747
31356263
49969945
30339862
56538460
36141209
30424853
29801775
30306305
30330998
31215847
34744719
47503549
30445767
19044798
34228191
31384595
30445527
31412590
56965070
33970245
31086318
26524293
30454306
44013916
45596568
30449523
30426602
30516433
22582195
31527784
30366651
30421641
30379612
30532290
30478224
23934788
30454848
30428933
30465360
30416075
30531621
18534799
30479589
30492640
30487233
30722772
31232229
31496386
31754281
28317542
35181936
61504331
31215751
30888132
30473658
54242609
34588120
30519120
31662806
28437017
30565307
37891619
59399443
35353972
30511658
30455853
30438566
30475257
26836552
30555664
30447497
30484316
30458753
30794348
30534646
31296635
21438180
30428736
30416778
30487335
30487834
30470097
30665261
30529422
19829976
30385463
31279293
30472558
30459916
55331567
33266840
30428280
25951672
57575862
30309297
30358494
31916999
30390553
31423107
30276074
27770287
30250522
30286380
30385793
30321524
30346952
30347276
26214293
30302276
30273338
30282256
30303598
30287238
30294924
30160013
30322856
30275809
30282038
30849377
30351323
31137618
37772828
36807839
36458018
35486037
34567705
31545757
30391887
30326869
30251158
30344486
30318368
22685263
31351395
31086098
30631244
51254979
30506095
27835115
34109230
56008581
30492468
30466927
22352413
30432832
30425935
30469804
30497568
30440526
31068834
27813344
30467487
30546511
30451942
30536870
31402647
25250473
30420776
30467640
30448240
30448368
30844344
26109251
32855636
38124556
39253386
39402924
20831881
30444868
30459382
30617531
30499397
31918807
30495295
21632845
30428162
30406573
30462978
30461597
30426466
32570938
26665201
30502060
30471733
30497245
30452310
30380004
24787335
30458584
30434259
30450531
31046689
47015312
25549032
31081940
30480995
30509917
31015234
18586804
94087472
30395247
31364513
48423958
30477484
48666599
21627897
52395891
31362029
30546202
31451533
30453576
49068485
26216196
54643886
30446764
30514406
30824918
30452877
24769015
30443242
30461667
30649139
30525606
30467748
24764001
31267903
30447766
30496046
30499308
30530531
32727970
31402726
32434471
41690331
31284500
24825232
30559494
48981028
32531568
45087801
22298436
59276321
30392316
30459495
30533462
24760855
30378206
30417787
30461591
30500491
25433892
30500811
30465768
30489298
20352864
47296011
43937517
39703940
39749051
29166109
30530368
30488790
30512197
25082540
30469926
30434687
30542904
30574940
25248297
30486930
30480408
30521351
30454499
28672701
30447728
30470064
30464980
22002771
30378445
30445973
30552491
30392251
45553668
31442221
31703842
46239868
26101635
30292064
30264817
30307713
31840439
38364358
42472113
30465708
31532286
30719019
32605311
50012001
30472364
23796862
30409106
30424122
30470156
30495890
30411211
26892310
30439438
32096491
31024558
30474771
30425628
20544197
30471377
30488975
30604248
30446589
30464311
30488363
30478497
21539339
30454444
31372822
30494644
30629159
30490791
48505378
30484044
26110244
31265748
30465927
30432211
30607395
30397366
30518087
23935551
30416607
30515174
30508853
30400991
44869972
49930032
30156181
38812657
30431144
30369069
30286583
31323725
20182551
30495153
49511080
30375558
31018900
30424700
30422969
28960714
30473849
35629282
53233696
32103712
30484916
50962043
39209098
30429795
30474518
30463858
20505533
47386696
41393785
37644900
30491781
30441540
25309593
30434910
30409593
31411408
30560569
23056360
31352740
30585672
30650782
30443688
23058698
42468829
30485390
30504561
30483061
25155090
31462093
30447393
30481869
19088509
52560144
30427428
30517342
30373780
54940226
27089678
43784246
41794012
30507798
30965946
30512537
30594415
29805726
30223431
30245029
30208020
31621352
30268500
25129237
30386353
30525146
30467344
52286491
30374062
30468673
25638045
39952961
50871091
30484920
30636223
30509377
31481371
20098434
30530369
30622924
30506552
48596620
34813382
30582480
30645770
28906256
30530181
30440664
30523369
31445300
30567341
17981933
37667533
30548351
30681375
30509582
30545682
30540926
22789241
31028023
30499269
30559593
30494626
30644635
19805917
30523160
30588779
30599200
30502660
30574118
19370631
30583022
30552412
30530942
30577819
30537955
22053514
30538056
30522976
30560834
30547466
31136845
30585757
22949782
46962263
40074825
30423622
30512642
31434619
30356239
28152832
30430104
36560719
48871761
30357711
30897623
25505795
30508060
30354973
31192040
30397505
30452104
23576377
30398622
30310856
30372042
30636169
30835715
26299257
38132537
38231761
38675855
38333787
21321214
30347280
30380826
30411840
30407267
18537812
30534155
30374802
30387720
30463500
17973281
30438371
30424127
30393547
30365213
30389785
30322014
29915714
30407281
30389194
30420128
30410347
26524408
46526237
30606639
55344752
30462301
30519751
26642021
30437626
30470625
30498186
30480829
22853916
30570649
30418165
30407686
30494764
22319717
30424142
30454069
30505747
30597556
30481169
21941319
31116863
31410222
30525133
30441180
30472202
24036294
44000714
44092114
30536073
30458932
18865716
30430448
30454531
30497315
30480443
30493067
34050947
30677934
39051387
31390452
30588603
25618722
30459938
31416039
30419945
30486629
30443534
25555368
30462747
30471778
30570797
30433537
30529986
25029739
31379493
30479633
30600725
30404119
30439644
25814417
30481042
42182729
60896564
31798473
30505612
39993308
33528940
30479149
31370315
30388563
21110127
39411053
30462505
30520799
30544291
31584877
29148363
30471809
30489239
34388760
58207306
28721168
30531027
36030354
36595319
18190420
30534240
30455611
30546064
30698065
22199367
30416395
30431426
30471576
30414480
29368921
33235233
33531957
30436885
26290064
31350977
30428547
30500633
30520713
37422939
30482704
38744806
44228716
31525793
30448544
23184925
30748530
30556539
30502306
30448611
30420347
30653337
38514918
30473024
31294216
36669326
30450231
30411992
22031899
30394972
30419727
31606891
52545034
34643262
30720190
30482033
21817930
30491764
38333600
46342233
32454511
30574770
30693688
30458760
28974035
32458002
30504298
30597099
47501296
35511861
29304340
57936499
29283532
30197545
28211534
29667444
30514020
35103879
35448418
48502269
33632980
30523353
30580671
36160318
30853814
30514338
30746579
30495275
30539655
30554526
30543811
20531817
50462651
51089596
52303832
53942490
54847077
55742191
46056848
30554846
30198868
30556470
30553792
30525053
30626112
30558624
30540055
18849877
30481820
30534522
30531530
31971700
31417695
30507473
30484812
23895783
30529457
30565775
30550255
30527735
30669421
30509757
22252342
31591810
30505037
30592189
30567541
30526371
30581979
23640568
30545317
30526184
30553433
30701577
30548424
30608648
29953709
32130556
30655366
30516679
30587279
30551102
25650590
30468999
30473175
30549875
30476004
31837350
26111559
30571851
30531152
30571133
30534030
18527862
30505882
30546180
30518475
30717273
30554602
24146302
30539506
30564942
30605419
30546567
22528333
30581479
30521008
30537206
30485181
22318993
30574683
30522402
29353378
29406324
24348540
30528057
30510724
30551622
30720828
30523101
27736116
30544686
30671188
30526956
35817088
22741346
31561859
30520066
30535731
30511204
20125209
30533587
30573160
30552512
30458819
30568617
30547405
27752557
30617170
30506939
30593573
30549966
30546289
30534944
21796056
30642680
32927145
30518939
30550155
31545273
30543149
30516740
22467708
30498795
30622844
30572705
30546006
30535198
30494066
38023919
30571358
22818097
30602663
30536570
30552822
30589562
30580470
30593746
30557631
30572127
25334550
30506728
30517658
30563945
30603904
30591699
30563991
30486815
21434656
39768321
30506790
30527615
30643860
30769168
30506228
30510997
30506700
23505942
30528026
30544523
38959351
30642377
30529362
30563973
30571164
30504909
28810988
30524756
30515442
30523986
30591933
30527146
36622562
30547857
26870320
30600279
30542882
30615375
30513931
30516699
30564047
19793732
30521910
30565966
30526297
30554998
30550662
30549031
30583664
25084976
30502707
30504631
30588202
30567350
30577725
30557902
24884478
41621213
30668688
30629502
30548141
30587433
30511726
28362915
30528030
30497233
36239925
30511226
30515424
23361333
36332013
30434972
30491797
31283562
30415143
23115511
30409033
30502175
30507084
30525981
30432364
24077237
30397907
30440058
30394797
30421920
30465104
52301358
43575255
46579457
30457671
30488853
23110829
33309411
33474566
31753990
30370978
21847523
30479122
49761491
37149434
30944967
34906336
31374691
30414780
30521769
30474037
30548146
23769283
30419404
30451783
56549823
30481166
57079657
30462073
26112085
30430011
30436051
30472082
30421106
30494590
30403320
30435927
30409218
30306097
30455805
30601892
31054170
30465238
30483376
30455006
30525282
29629804
30412453
30411240
30452955
30511277
30484235
30441193
20513360
30397702
30479467
30530293
30453625
30475871
30458695
31255002
26718648
30458964
30497758
30466742
30455156
30411871
30525471
26233865
30493994
30465624
30520776
30437980
30467628
19300988
30453725
30426693
30442348
30430353
30903661
30471375
24785512
30640397
32413900
30498161
30473020
30476362
23365133
30421669
30417667
30457684
30438124
30460088
40524328
19949116
30406829
30536980
30478108
30485651
30436036
30576161
19329876
47153122
41307667
30289454
31403533
48805953
30385578
58639256
37480813
40460460
30386768
31952694
58032872
30436193
32636292
52887425
30409420
21324999
30364208
45235201
30774150
30368265
51773782
37888043
30232993
30334628
45477109
43967559
31567162
30522398
31353989
37466381
40887426
30652566
26422906
30417734
30434427
30539269
30387984
38949353
61469156
19617073
30509849
42141292
30430291
31054929
30446771
38230613
41558728
44764223
31141425
30464784
31308047
30487904
30513010
30436315
26297104
31574622
30425680
30512873
30455353
30430786
19383417
30427526
30395042
30455164
30472806
30454568
30443687
25395113
30549940
30458788
30528073
30475802
30573396
31592555
36622573
35738302
35527225
33270356
31366045
26554577
30449783
30431429
30478558
30502709
20342511
30429344
30432864
37416435
30480235
36704211
27304530
30471173
30452089
30453291
30514664
26002414
38632082
30447135
30510824
31438393
28209718
30475621
30447701
30469994
40121902
46576337
30519309
44219803
30985260
27390318
30402084
30487149
30466424
23188040
30348496
30929617
30465273
22226525
30385431
30340687
30467584
22917572
30333689
30352992
30547944
30415962
25999879
46508394
48559286
42577564
21100820
30474880
30398624
30473261
30397317
30382498
26797905
30381666
30349998
30379533
30361400
30343292
22038310
43457467
49330091
30410484
30393957
31395051
30373049
30393487
24529402
30385044
30344369
30401122
30378151
30368609
30343970
19545159
55698466
30393181
30441204
30369349
30422524
30414993
19340053
48192637
30533411
30869392
44207007
30508310
55868646
21041778
50419718
32192696
30703719
30539913
30643126
30578939
26325627
30589006
30524266
31206046
30538222
30688422
24205378
30486344
30538189
30509353
31202608
30522903
25257371
30585553
30548153
32821492
30578602
18369413
48005245
49010808
50761055
52272367
54653027
55023428
21259502
30798204
30550771
30602784
30514393
30521168
30539088
30528607
19400822
47905979
30340882
30316973
30277546
30314004
30297308
30285741
22121780
49246251
31122033
30466871
31764515
30504064
50614440
31816805
32634617
30454237
30439391
30921366
30591237
30511681
30454535
27715428
30443009
31084183
30612222
30433911
30504069
19765290
30431953
30432739
31211752
30468275
30436832
30452826
25005138
30446608
30429399
30496951
31923434
30466362
23472153
30406973
30415919
30468744
30430646
30459969
24290795
30511651
30512164
30523177
30462128
30471806
29994722
30486449
30448671
30566624
30467815
24225048
30412281
30431184
30513170
30464673
22925127
30500322
30406947
30492210
30490822
25089647
30441222
30466609
30508707
30525557
26631813
37278751
30579595
30500480
21585808
30460724
30427929
30461972
30488646
32213829
28494850
30670228
30473297
30488111
30432840
43456158
30509225
30654877
30536324
31571772
53186289
24143738
58621245
30477931
30574753
30515588
30559980
30514265
23303544
30552173
30488515
30648766
31295474
30532292
30532644
18521957
30526551
30494388
30563427
30510712
30547926
30526090
30502273
24056704
31168033
30399975
30535784
59657126
30484109
31120165
60744909
30459649
24787190
30454722
30605653
42775275
42963879
39319083
30433287
30458496
20493879
46490417
30431546
31391731
49401078
30452596
58482151
37070417
30447439
29810512
31079694
30396553
33174505
51205599
33522708
30411024
20563999
30347602
30426746
30483280
30359660
30422381
30320013
30418015
26161038
30399860
30356089
31264285
30511213
30353807
30424218
25464583
30395607
30375740
30430082
31381023
31760083
30360391
29253636
30338086
30324554
30349333
30371711
30277361
23213437
30263954
30260080
30334942
30272961
30300402
21647831
30317854
30247046
30353636
31610731
30262862
22606412
30242308
30248595
30213160
30193878
30265353
30262880
21884494
30236644
30179578
30285222
30208922
30204338
30224490
30205138
19782212
30236339
30242767
30280547
30253734
30245562
30323733
30279043
30288563
24393053
33628726
30253463
42419430
30273575
30376902
30321275
30241199
23341996
30280854
30199709
30306131
30205685
30268914
30271650
30229740
26462257
30329478
30346267
30357302
30418882
30271731
30288851
22733732
30250585
30249867
30322509
47834263
30305778
30437591
22414557
30281417
30278893
30385020
30292881
30286316
30310211
25149912
30394591
30291100
30299786
30797876
30276254
21152752
30350251
30297065
30553594
30269511
30342462
30313807
30265576
23756067
30476937
30277300
30320672
44970795
30299977
30309807
20526862
30272720
30410295
30335890
30278084
30288428
30460084
20888553
30294080
30318318
30329314
30445071
30366207
30341111
23059071
30214293
30247582
30426575
30599644
30326278
19074040
39392893
30311315
30301560
30430755
30310126
30261253
30296280
22083213
30287796
30379572
30311812
30354023
30349348
30358164
19212043
30285823
30318904
30302778
30277663
30306314
30259936
30346586
21359882
30349653
30286504
30337376
30483013
30306931
30400269
30286269
28599323
30380806
30317884
30364137
30258647
30317300
30311409
27082478
31397225
30769491
30502072
30452773
30472404
19667266
30480024
30636738
30518048
30422713
30438421
30493851
30616344
24141195
30522124
30433389
30497600
30480426
30475575
30478577
19073645
30502395
30458422
30520944
30502940
30481171
30497048
30435811
30448218
18795194
31743713
30494979
30458393
30419016
55896102
30412500
30443838
30467433
18543637
30459073
30480273
30470147
30567065
30458965
30454724
30574186
30544715
32916865
30434444
20914339
30509886
30470895
30486867
30490419
30465630
30497915
30465571
30449873
30480930
30453684
28947241
30456411
30492749
30608102
30429415
30421724
30454644
30606046
30587768
19441883
30452693
30464963
30461541
30392781
30528499
30482516
30536859
31864794
30480060
25588600
30476233
30607648
31388978
30408988
30454469
30487211
30498870
30456324
26240964
30408571
30394365
30473049
39294262
30468625
30471144
30436764
20847901
31426642
30489431
30490951
30437753
30528356
53185581
30483675
19536352
30490866
30456909
30439174
30467977
30456626
30451482
30506242
21898679
30462328
30584637
30482757
30416123
31345887
30446955
30586209
29147698
30447828
30421277
30484245
30466799
30478551
30439736
27131807
30540935
30434652
30451404
30468842
30413498
19442862
30411691
30481215
30506159
30613227
30614595
30513175
24741490
30498046
30588569
30797558
30422195
30482984
30454045
30450855
28217822
30418494
30413846
30527795
30489113
30412636
30478717
23315158
30459806
37227429
30621964
30423973
30486848
30415851
22764892
30467258
30444771
30463435
30517041
30472540
30464700
30509353
30453761
29874518
30466798
30472825
30470749
30790877
30540767
30508119
30506741
27835412
30605426
30422118
30445831
30414666
30436982
30468669
20186928
32256488
30376369
30384664
30410006
30373920
30472584
30345633
26414422
46548701
30477470
30525841
30432015
30432681
30422130
26132235
31365393
30452513
30503533
30627744
30442642
18493379
30460357
30439869
30566888
30464933
30506624
30477115
24562611
30453431
30483870
30523639
30473375
30514518
23354526
30454850
30467613
30499270
30477558
30462677
24762801
30490347
30483238
30482440
30444296
19421726
45541289
30527582
30526527
30515704
30523464
25678906
30367060
40866173
30483100
30571917
23869843
30397357
30386696
30383464
30361340
25195083
30392819
30402029
30427526
30365269
30221454
30409638
30452648
32398247
23369923
30421319
30339091
30394033
#end
