#729a2951|blade-1-m620|jdom@54ed0cc8b7e8deffd5e088305ca7723dc0bd963c:org.jdom2.Verifier#checkCharacterData(String)[generators@bcfe6d43107430b2604e2e34b9151742941652e0:cz.cuni.mff.spl.casestudy.generators.ParseFileGenerator('MQ==')]()
#date=May 21, 2015 4:02:12 AM
#warmup=1
#count=3877
#begin
40482357
48757226
30035010
34229507
30380416
25565910
34343195
30406682
25244338
34274316
30447258
30682593
30365867
30345093
25384828
34242089
30374890
30372740
30444298
30383813
24516899
30342356
30415318
30466023
30407115
30316724
30396896
30372359
31231503
30440755
30271213
30488080
24698651
46448524
30410740
30453408
30443542
30413351
30420735
30422156
30421964
30546942
30402582
30402178
26037625
30503024
30283071
30356493
30347067
30406433
30350397
30355498
31202129
30392807
30427491
30346782
30487795
30336179
30339989
30374100
30052045
30409344
30394207
30328459
30483250
30445895
30429973
31219836
30376009
38366374
54979295
30330814
36341307
30358371
19502449
30374406
30341866
30337047
30420879
30367933
30377800
30417191
30425332
30421951
30491911
30335020
30377978
30338016
30384896
29254447
30379027
30388120
30423851
30306809
30332540
30370766
42699638
30370785
37713151
30377687
30383707
30485093
23197855
30443538
30478662
30396164
30337406
30301467
30340864
30417069
30432188
30418424
30383907
30300374
30341509
24163051
30382751
30405947
30338809
30347943
30291722
30435280
30407865
30429084
30339589
30312476
30387704
21875619
30347367
30348020
30342108
30307693
30372556
30379798
30343998
30402661
37675239
30383987
30394526
23756699
31207294
30382927
30364213
30316313
30533226
31243829
30385637
30403944
30406652
30390580
22725417
30410069
30475675
30376737
30321095
30319217
30303093
30374002
31432101
30383678
30354931
25710283
30409522
30396992
30397838
30374779
40589079
30377242
30340886
30536086
30424424
24900616
32426324
30436982
30441536
30304849
30369004
30328893
30411853
30331867
30407045
45059051
30346744
30378600
30369042
30372467
30383009
30414579
30278545
30258914
25582107
30368793
30272125
30343821
30332736
30312345
30291540
30409410
30317016
29226338
30345311
30384882
30338543
30291502
30301699
30317924
30374792
23817506
30482871
30337756
30298135
35516275
30292572
30334197
30266606
23742039
30302213
30319462
30350669
30315731
30314653
30319849
30331382
28778870
30355558
30383400
30294553
30302065
30359200
30328509
25761210
31256225
30383422
30302278
30310605
30396658
30295511
25026966
30332102
30289296
30428846
30386844
30475439
18999723
30358409
30361120
30372782
31008709
30508526
30392471
24989711
30335422
30286516
30423897
30383624
30362555
24245047
30312343
30362266
30437325
30489107
30363994
26532712
30371468
30356658
30466634
30332542
22245682
30424942
30338294
30402551
30392216
30334445
30338317
26889769
30393129
30382024
30354773
30332881
30385155
30364800
30313629
30514079
25246880
30371291
30355202
30343833
30326271
30394525
30320244
30368011
30353454
30460507
30465496
26981841
30318702
30345300
36953884
30368680
30374970
30335906
30377246
30421180
30417574
30507644
30392145
30420954
21775210
30372116
30409209
30359671
30471657
30436532
30407524
30441824
30349640
30446560
30392082
30390643
30327240
22710947
30341477
30385499
30374631
30401443
30327272
30343440
30372240
30345160
30283665
30317008
30327750
19875352
30360233
30391084
30447282
30358882
30392626
30430233
30305305
30347669
30367984
30340766
30660392
22868591
30301194
30399653
30412028
30402316
30346655
30358567
30360298
30333298
30355467
30389622
21361526
30366602
30388971
30361444
30330821
30419735
30374846
30362611
30341509
30339899
30324061
24896510
30375304
30371372
30377751
30343633
30396684
30410995
30323764
30306771
30391568
23380553
30390940
30354662
30390267
30363974
30412082
30397696
30391638
30400682
30381035
26968809
30349140
30508140
30963572
30258216
30255216
30357360
30385502
30350845
24642195
30352246
30380204
30322991
30408362
30300070
30400880
30400137
30387757
26948540
30425122
30419582
30392347
30331755
30369084
30401278
31283162
23118531
30373720
30384566
30420657
30410103
30365697
30440489
30382427
22853878
30313587
30400930
30452332
31211527
30316091
30305949
30357615
26339051
46425058
31210470
30382955
30364480
30392311
30348607
23303589
30395898
30434682
30443013
30397053
30426084
30393589
23551155
30368504
30529381
30356860
30360740
30311480
30424337
30520512
24634007
30440044
30337984
30391313
30388704
30334124
30419170
30427546
30475569
30395208
30358705
28506603
30334769
30332060
30411994
30424340
30364902
30377331
30349622
30362762
30344409
30292836
30385497
23863378
30474396
30346888
30360653
30330671
30360978
30388031
30389382
30372453
30375898
30348468
30366822
26333430
30329894
30315685
36515179
30324634
30257287
30308893
30362472
30348585
30354562
30522013
24000218
30333688
30328876
30322249
30312958
30378544
30328238
30377562
30346417
30422664
30372263
28477962
30480253
30961991
30357302
30297262
30332062
30359134
30394729
30372793
30402060
25528744
30341993
30418589
30398328
30418005
30319887
30343815
30316670
30336231
30344372
30170236
30355395
30352001
30308027
30340911
30313938
30333894
30336780
30304791
25702475
30362129
30322144
30379924
30395707
30454188
30342656
30307931
30353193
28359300
30321191
30312040
30318310
30329229
30373415
30408964
30316944
23019186
30329522
30330181
30289309
30389772
30351718
30377559
30348180
22660590
30333660
30297197
30337980
30428401
30345726
30391326
30336327
25847530
30516426
30315021
30343186
30376638
30366975
30520451
22732019
30323640
30347928
30346125
30372794
30339793
30380882
22701250
30344540
30394778
30303395
30373689
30312149
30393529
25730148
30334931
30347577
30446653
30301787
30345533
21871583
30374983
30341613
30401331
30367483
30340063
21062303
30359771
30334017
30396758
30370182
30381633
23049004
30402078
30344813
30344614
30373011
30393793
27046529
30342091
30380847
30380235
30312291
23470151
30363933
30377460
30369414
30364393
22829274
30338075
30352002
30375148
30271271
30362867
21899467
30372023
30346557
30328828
30361488
30418810
23157614
30350799
30413222
30358593
30343491
30330833
28152940
30354469
30402225
30558229
30367887
23667004
30353496
30408887
30352759
30363049
22894939
30335645
30339446
30368540
30331837
30365346
21592110
30327936
30329860
30395004
30440448
30358245
30320035
30380498
29675419
30351651
30409197
30354882
30365375
30415161
30459895
29187763
30334786
30434790
30352757
30349373
30367475
20810465
30382480
30461451
30385977
30348826
30361933
30441191
26714011
39698537
30507560
30570149
30528148
30555830
25393216
30492175
30538208
30479320
30477328
30486166
27211445
30508464
30537878
30534355
30568688
21185076
46685094
30829397
30570523
30661563
30619175
29081765
30572898
30627639
30633592
30579850
26612950
30597990
30640286
30589593
30612118
30613102
25202216
41350541
30590389
30599244
30650937
30618169
30692594
21726232
30519266
30609750
30630665
30675944
30590182
30609508
30623597
30564666
23277944
30493715
30564031
30617009
30629846
30604222
30653291
30642615
30639083
30534969
30568675
28009755
30679507
30595456
30568762
30700213
30643968
30566319
30632706
30593375
30801530
30587010
25442071
30527288
30626401
30616691
30656835
30588040
30655779
30592510
30622731
30637124
30611273
23562164
30506622
30559844
30617061
30586757
30617013
30626464
30630884
30687489
30567344
30599310
30566273
30570557
19479481
30551808
30580769
30555235
30608675
30599766
30632262
30660243
30697793
30575886
30621228
30679852
30603996
22918560
30554057
30568657
30621768
30611709
30597531
30615865
30592262
30524775
30638879
30590582
30662490
19474410
30588308
30525590
30622952
30586675
30604359
30553162
30625991
30737378
30590626
31454316
30594137
23238987
30518899
30582753
30559115
30553303
30579755
30775304
30623346
30575608
30701540
30605747
22545621
31171284
30564580
30722097
30553799
30536869
30626213
30614974
30718608
30554537
30617430
29310907
31958560
30490184
30520195
30531180
30480073
30593516
30531995
30464898
30548028
26442953
30640693
30525086
30546126
30486309
30549847
30648979
30525986
30445099
20646205
30464460
30611826
30556893
30554984
30510406
30556626
30527069
30487324
18651575
30472067
30447560
30661024
30526597
30529902
30524472
30544382
30669428
22410842
30434017
30480829
30542153
30643332
30508328
30524624
30529246
30530258
30302283
30433951
30563815
30564234
30571441
30675790
30560744
18724450
30436642
30460513
30686328
30475757
30448491
30485457
30490869
23032450
30449891
30500633
31166809
30496834
30519643
30501138
20660326
30468348
30488103
30524538
30447371
30498406
30548652
21502497
46653591
30563682
30628268
30590364
31003100
30645168
30615290
30633946
30442939
30510421
30619337
30643069
30676035
30540908
30608410
30618937
30584388
18574942
30532339
30539112
30517349
30566111
30637320
30607915
30612755
30704635
30570497
30635504
30708132
19339136
30543084
30751928
30536299
30525409
30581432
30632250
30644089
30626833
30668204
30650655
30633509
25505395
30586642
30614541
30738159
30585150
30567802
30557218
30631086
30578718
30643928
30578499
26995281
30539235
30634208
30622655
44884007
30725488
30623906
30570117
31187929
30495009
23427861
30521802
29258220
29225042
29203914
29275485
29278785
29342511
29367775
29242787
38419069
30591288
30603498
30625020
30689681
30698039
30731590
30697888
30662608
20817008
30585739
30683239
30694259
30629379
30626904
30651799
30703593
30703344
21028863
30607159
30676699
30682001
30658631
30612603
30670706
32866026
30587000
25187459
30630199
30693173
30742473
30681548
30695687
30687801
30721243
23444489
30623226
30659466
30694506
31486706
30792248
30678173
30720141
25672397
30639179
30765848
30719233
30687072
30730672
30624586
21389580
30581370
30670939
30614508
30743857
30773148
30697868
20523122
30609668
30684012
30767906
30698507
30803321
30687514
22490757
30746439
30611923
30663011
30666824
30607126
30816846
28487846
30629584
30691175
30704550
30719306
30709877
25584648
30644083
30653344
30678276
30612805
30667137
30681539
21355384
30688162
30626055
30725050
30690262
30613944
30672632
30638559
30699826
22129291
30533744
30537964
30555184
30574539
30578913
30585699
30562261
30637591
30583900
30576844
25048969
30506704
30585208
30602444
30637011
30628124
30692114
31208014
30621212
30606564
23111505
30544479
30576488
30637961
30648294
30647884
30662886
30629577
30613912
30572593
25732627
30536121
30561735
30608032
30560411
30728181
30583613
30622823
30599682
23002027
30552388
30516721
30675308
30598213
30551027
30635164
30683343
30586475
24142385
35429345
30554862
30580497
30583164
30545997
30579503
30576621
19903776
30508924
30554355
30506222
30539230
30584410
30528384
30584359
19114390
30523162
30580522
30527106
30558720
30617719
30576639
30603244
30586019
31237486
23665544
30589131
30618128
30601058
30554575
30643610
30590770
30619657
30562284
30589884
30579525
25402793
31158760
30626588
30657638
30659797
30525828
30612241
30586943
30582668
30540218
23070145
30567042
30569372
30554971
30569052
30611551
30552553
30630548
30543421
30661035
25660096
30550333
30604152
30661024
30671424
30635177
30602547
30588291
30557209
22726956
30508053
30509815
30537289
30502266
30559392
30522577
30588783
30553230
23772033
30525326
30583726
30543312
30521158
30538389
30522378
30527477
19422819
30462831
30480628
30532446
30548833
30571354
30580870
30506864
17902383
30506982
30474105
30560766
30528080
30546857
30520546
30579584
22748355
30519300
30509235
30569984
30520500
30601199
30575680
30579873
29527679
30501535
30571647
30549064
30536064
30547770
31427676
29040314
30493933
30608298
30605106
30449840
30599762
20674288
30451876
30520690
30566640
30489184
30495941
30585199
26561615
30523757
30502549
30569782
30403859
31362766
25304469
30464595
30527778
30501433
30488645
30568263
26873279
30445529
30508423
30569025
30490022
21030289
30483085
30479845
30529768
30500773
30600083
28373418
30538693
30590864
30755453
30541224
26290123
30566235
30550509
30732075
30568244
28274043
30513344
30548891
30710790
20677398
46503801
30430400
30414762
30418529
30396976
24139168
30658902
30396431
30426636
30451002
20791517
30367636
30426425
30476271
30384149
19466422
30376796
30415287
30498002
30370922
20558637
30358746
30407330
30415756
30350153
30414259
21606174
30516975
30422630
30399359
30384462
30376824
30529775
20573321
51203418
30383155
30387789
30384249
30429133
30415082
30504744
30415887
25572235
30420029
30386009
30390942
30357435
30466889
30426268
30402630
30327267
24231960
31845910
30450097
30380929
30419450
30374223
30322896
30439175
30394655
28017325
30359229
30424551
30398634
30357629
30346064
31094894
30430708
23896861
30391084
30424905
30455273
30412437
30387902
30424049
30419290
24900752
30390047
30398266
30409110
30394891
30408074
30399602
19083047
30355757
30434998
30339393
30330221
31046909
30534068
30365536
27307397
30419981
30407118
30350362
30419013
30440573
30420130
30101240
30376518
30437509
30458047
30367295
30460551
22375093
30353465
30400934
30434250
30389191
30355710
19281665
30433682
30398122
30410762
30412490
30324747
19573133
46386004
30395713
30399960
30412909
30330682
21823029
30367136
30350253
30309598
30456753
30347047
30384948
23014321
30323646
30442609
30415715
30398513
30420388
30390736
30472129
20393191
30966354
30431747
31235629
30403622
30360865
30405141
30382158
30428128
27235404
30525367
30366857
30445553
30377545
30392122
30710348
30420753
30433909
30369896
29101290
30356316
30400375
30390014
30364540
30427458
30423527
30984678
30359930
23104530
30394126
30383162
30424902
30306311
30368096
29080776
29065454
29097876
22231135
30429667
30616346
30425413
30405861
30354718
30389607
31171690
30340451
26721389
30432948
30520536
30550420
30541629
30515921
30537075
30515694
24337144
30453600
30508415
30477186
30508706
30524967
30521971
30497432
26065285
30461217
30552644
30544983
30511054
30486769
30496406
21240517
30430556
30483820
30516922
30498848
30570158
30470648
19690646
30544671
30602830
30599995
30547371
30632197
30596499
21688731
30577715
30554726
30643129
30601017
30639877
30621696
26413926
30575282
30572102
30687239
30533535
30585795
23917170
30664941
30629372
30623201
30574475
30616415
30646510
19313907
30552867
30537937
30613035
30612588
30653614
30647084
30552551
30587070
19635434
30556077
30559322
30744124
30565290
30630223
30612053
31228943
30640729
30571988
30480133
30588585
30628376
30764584
30631681
30609690
30625417
30583095
21757363
30496311
30508015
30608166
30576708
30580144
30635890
30542073
30721415
30489994
30532771
30613815
30606477
30775765
30630742
30635808
19600657
30548095
30648104
30577680
30650128
30637326
30614175
30564812
23618273
30541464
30738219
30567905
30625992
30545544
31411958
21885356
30575594
30567146
33661895
30538103
30575820
30562623
22759815
30539006
30584417
30553257
30615412
30613964
30557884
26867486
30521571
30602283
30650181
31329854
30599909
23802070
30533613
30536312
30742012
30553737
30644708
23738300
30533759
30535433
30591807
30581120
30621121
26533386
30544778
30592161
30645071
30720294
21740468
30586203
30618746
30616028
30750317
19008267
30524473
30530622
29201508
29191009
29985558
30570099
34535271
30341253
30341278
30400656
30401289
30421829
25883097
30384778
30400149
30331234
30307716
17775599
30395276
30373457
30341071
30389756
30367700
30391204
19699068
30357604
30360976
30341422
30289836
29035127
29135893
29137149
29871146
26752110
30369047
30351320
30406748
30351369
30483144
30408635
30320761
30319220
21510919
30348893
30420740
30432919
30333540
30427895
30414263
30329347
30406811
30504130
21973725
30407256
30340861
30386966
30389644
30330889
30313624
30358904
30389166
30353060
27704546
30405076
30345539
30308291
30358800
30337253
30677781
30372514
30311615
26754245
30337081
30362917
30346178
30349773
30385053
30320277
30344353
20622570
30378090
30388234
30377476
30362531
30309187
30298526
30341183
30317549
30367320
23455261
30366327
30256769
30383702
30435514
30380344
30386967
30407526
30367487
30348085
26335656
30325211
30327500
30373428
30381956
30349882
31015018
30314961
30315144
23554095
30366453
30326093
30314998
30355222
30387335
30355816
30299898
30400387
25408021
30394742
30385675
30384334
30433998
30427864
30320545
30354772
21283216
30342749
30386956
30394242
30447074
30368860
30425333
30521389
21040108
46537334
30451949
30495670
30486226
30668666
30515892
30533669
23800439
46629971
30605189
30627970
30565049
30634306
30586249
21027133
30554639
30607108
30581222
30621826
30597773
30596706
21104457
33773764
30600545
30592757
30582860
30602260
30606386
30741144
30535259
26932012
30541215
30601564
30625095
30523120
30574252
30624397
30625042
26822750
30542928
32743357
30622555
30637690
30582460
30537184
20511813
30520973
30559415
30531739
30601221
30493797
30833054
30632080
27908758
30804164
30559748
30681721
30638210
30585317
30658121
28842165
30681958
30568033
30549045
30565688
30588826
21148002
30522680
30547839
30699115
30570384
31346518
30597417
28578790
30702210
30508220
30545980
30496487
30551053
41932782
30366964
30387913
30427044
30382535
18444364
30300247
30288709
30391901
30365536
30295844
23247160
30302393
30420236
30313789
30300360
30327385
30313556
26646657
30352820
30360707
30376013
30350869
30357964
30371058
30309771
26742751
30348964
30323485
30354302
30314211
46088790
30384571
20827719
30323194
30436615
30375691
30323258
30430662
30354702
30306553
28920540
30351707
30314521
30290845
30442674
30294802
30311538
29816375
30318718
30429867
30375167
30366097
30363842
21801525
30296146
30355862
30367326
30325558
30396993
30329887
29935861
30339046
30350505
30370312
30380207
30375588
28923554
30343417
30399220
30448120
30417323
19508321
30414063
30379408
30412917
30424510
30451998
24143780
44568359
30302063
30324458
30347460
30339118
30319343
29252431
30336275
30295807
30347246
30328458
30349756
24220771
30356356
30406887
30377211
30316396
30373793
23630239
30372431
30368224
30403098
30415761
30355114
27680977
30420640
30310900
30325558
30310355
20441206
30531582
30386439
30378896
30307696
30352782
28176845
30383746
30369827
30425019
30304294
30425691
23542073
30334446
30335930
30361982
30402569
30346176
31216823
30451580
28425646
30452320
30423986
30427591
30342631
30370528
30413913
30369531
30354438
25852987
30407869
30357141
30354720
30342491
30361553
30417769
30377560
17859869
30453866
30514458
30568743
31168189
30539548
30521835
30541833
30531690
25302393
30447998
30572375
30531683
30512713
30473264
30508361
30506106
25707096
30468162
30517869
30484733
30550455
30577786
30503388
19794234
30479078
30471011
30489590
30494342
30583862
30527197
30520695
30597289
20185844
30437557
30497677
30497538
32551691
30540819
30540511
30473493
30497711
24362380
30540270
30575649
30529240
30549099
31608172
30574072
30608281
22455848
30687852
30611431
30620910
30632752
30605632
30570751
30621355
23924978
30539535
30648284
30543308
30531984
30582646
30589997
19578133
30548311
30545575
30598547
30648655
30605659
30614373
30622333
30275896
30510633
30682908
30534431
30612589
30872403
20499697
30552951
30606397
30673261
30580373
36990398
30740460
25536577
30545740
30600677
30597742
30611666
30504346
23448316
30644755
30683475
30617995
30632324
30687009
23952789
46623251
30636437
30618198
30618075
30596734
28723117
30554654
30641111
30640268
30541920
23391488
30535733
30650840
30580557
30605185
30614226
30635459
30301521
30520337
30652609
30641186
30548375
30654252
26505007
30591758
30598017
30531801
30599584
30566659
27100932
30520438
30544644
30638253
30587126
20806014
30553064
30565633
30620801
30773730
30586777
26069594
30493693
30568237
30744950
30624004
24079896
30512971
30574720
30743650
30633977
30575589
22320792
30551744
30671595
30596129
30627968
30601368
22708377
30633271
30532409
30541413
30492810
30581441
30648632
21282860
30502826
30549361
31067694
30586994
30597273
30553793
30681709
23627348
30503639
30550107
30557376
30607092
30508967
30586021
19835323
30497902
30513251
30507520
30550975
30568369
30502094
30498135
30498584
24593769
30499695
30514579
31403878
30531217
30620359
30611031
30566218
23374746
30479629
30477525
30512802
30539193
30571700
30614925
30606689
26179378
30517884
30561419
30554275
30592733
30580182
30584493
22335070
30510706
30536651
30481700
30587591
30592620
30524946
21668031
30528344
30484178
30607644
30522357
30607172
30571759
23921092
30492244
30490626
30534480
30576877
30476017
19807448
30493846
30499875
30575944
30514626
30548280
30526386
30559555
22385371
30476398
30593606
32619549
30558766
30542237
30491973
30558109
30587913
28216209
30531391
30506877
30473831
30518234
30577730
30533842
30541021
26288799
30477730
37746859
30593918
30570416
30574190
30543369
18376755
30479422
30495475
30549086
30515406
30491695
30505046
30530691
24569239
30531947
30582181
30585524
30604586
30595109
30587226
23904576
30480324
30464013
30569435
30524457
30632949
30549410
26593173
30503786
30569131
31401197
30551182
30495377
22200631
30503711
30503108
30570115
30577192
30569077
20670474
30493155
30540374
30576386
31456884
30510444
21862426
30546519
30479444
30544761
30573488
30538378
25420158
30474833
30522015
30557022
30556993
30583310
30572277
29503291
30470386
30611830
30600469
30597422
30563422
23387910
30498722
30556415
30521987
30573684
30526123
30566498
30537822
26177458
30520086
30544597
30552133
30519968
30551744
30513595
22177293
30480867
30561513
30602004
30555821
30531944
30572355
21742483
30363384
30373758
30426800
30461643
30369364
30376077
30400192
30375238
28753748
30387431
30408530
30408111
30343475
30358829
30377214
30353244
27984197
30346460
30645546
30422689
30396242
30447804
44816515
20724490
30349571
30542048
30398146
30399077
30416553
30364470
30545397
28784865
30389924
30457033
30410300
30508922
30380032
30476857
29133591
30380547
30468433
30405178
30375788
30432065
21143798
30504621
30364222
30393351
30374127
30307727
30477846
28238892
30450226
30371264
30360786
30508946
30327038
26556231
30463340
31047076
30461169
30375051
30350593
30163800
32232000
30304216
30278662
30350346
22781073
30344349
30298557
30428504
30406164
19631108
30349185
30333592
30329840
30341185
19216444
30369395
30363819
30335200
30327871
30296833
30346058
29109596
30319788
30356677
30635320
30320255
30284856
30299671
24335085
30444510
30339782
30342807
30360811
30418789
30309880
19753539
30968532
30418713
30357487
30467944
30361127
30474152
30399422
25083664
30489006
30320208
30347121
30374422
30336373
30445691
23565900
30301444
30341389
30350002
30440487
30423115
30361535
25604955
30339746
30510377
30362562
30309378
30345582
20712507
30354026
30404071
30321813
30380609
30381420
30470220
30383858
22604517
30344355
30400904
30323023
30307227
30385262
30374700
30410463
30295429
25575093
30330489
30289884
30345540
30346298
30338195
30338774
30357485
22583375
30337160
31379800
30356720
30323882
30522279
30294211
30379142
23211547
30343822
30383151
30322258
30327418
30364341
30419384
30392780
29102007
30349213
30350508
30354645
30336811
30399124
30397447
25485453
49220094
30539272
30353642
30279725
30379689
30406227
26580275
30317785
30313053
30323067
30318709
30356558
20967992
30343220
30346809
30350794
30343255
30354478
30401122
29461780
30355507
30329020
33597208
30303843
30367720
29307096
30390546
30379817
30378435
30469464
20637355
30322087
30362815
30331272
31183201
30269367
30300553
21584120
30352841
30382802
30373160
30308815
30325873
30569619
30370977
21262966
30344573
30304247
30373065
30336956
30395338
30386673
30319236
30400287
30068180
30385476
30388867
30385070
30306857
30283967
30371267
19404495
30340955
30365871
30369627
30299865
46277007
30344426
30371312
30366875
30386342
30388848
30384668
30339042
30350837
30541606
30341673
21182156
30389503
30365382
30475444
30344372
30317880
30347617
30355140
27858618
30342820
30386040
30327944
30302833
30314978
30370355
26698232
30556915
30379418
30407462
30350100
30424456
19611310
30385500
30441122
30363466
30375030
30493869
30474275
24978796
30378531
30400362
30523110
30394784
30366955
23385762
46311349
30412342
30319482
30308233
30363235
24751999
30322934
30371122
30319396
30978122
18474333
30351064
30322572
30298393
30351502
30386191
25148023
30319960
30396844
30403713
30391620
23623373
30343293
30318689
30324857
30307758
30265644
22305049
30398309
30347820
30400468
30352205
30368892
23476822
46471774
30517421
30625929
30548061
30505784
30525426
23295501
30459918
30492270
30473414
30540400
30526469
30538894
25576155
30463902
30474035
30535335
30518504
30512358
30517017
24775632
30462742
30503547
30538178
30533493
30521222
30565055
27677294
30554297
30537761
30597074
30458720
30550253
22665886
30448791
30519516
30561742
30525215
30558181
21087567
30589070
30500944
30493558
30527978
30550600
22931982
31383467
30590716
30612178
30655837
30717119
30602375
21278891
30522929
30550982
30635617
30650264
30628670
30609097
30669106
22825119
30622857
30665207
30777991
30556758
30602313
30601677
30626854
31953575
31951874
30693212
30718397
30649026
30702581
30660595
26714806
30688071
30664894
30724110
30720421
30674777
30624824
30368206
30638020
30728041
30633641
30666186
30669324
23302451
30634175
30690990
30696072
30730482
30672770
21320788
30622625
30585782
30697361
30667988
30676468
30685965
30763033
26571432
30618508
30723086
30621426
30653232
30674228
30676715
30656537
25241262
30618077
30674784
30737069
30670704
30731201
30707773
30934285
24742457
30611342
30672301
30664157
30747485
30690600
30669233
30632324
26518853
30633040
30673308
30680215
30681945
30808441
30638106
23888063
30637526
30705423
30730631
30752415
30713323
30644414
23058146
30577021
30658603
30683890
30651435
30647155
30781861
30725023
30688255
27317820
30658826
30768292
30784183
30715554
30612653
30612039
30769339
26006880
30639219
30632442
30674220
30710032
30687430
30682057
21295053
30523278
30519255
30574103
30592284
30559353
30555799
30631515
25894781
30541766
30564181
30571830
30631955
30858670
30556340
24482606
30523982
30563092
30647850
31391606
29271476
30514355
28511313
30514851
31183080
30682636
30610200
30603850
23941296
30553199
30545374
30632617
30643009
30591728
21929658
30559553
31461528
30523899
30525660
30560713
24231204
30517668
30585555
30558100
30649737
30578875
28458023
30521651
30559709
30696695
30519873
23923330
30547851
30560315
30588530
30638039
22500905
30493924
30554973
30577073
30613955
24779872
30551004
30612050
30534825
30591013
41806376
30488191
30568309
30577091
23058924
46387107
30408911
30378936
18595046
30361819
30351794
30334634
30304582
30434817
27890428
30350395
30374764
30423170
30319549
29471666
30430037
30409450
30338251
20965478
30376771
30434243
30426737
30443566
25551366
30400067
30412526
30373877
22373275
30335942
29008085
29008518
29014696
20545875
30378323
30423451
30395442
30368047
30369195
30364273
30108019
30379840
30428616
30383751
30347047
30413256
30362380
23411318
30409256
30404579
30298802
30368995
30469661
30415763
30307016
22003098
30356080
30513740
30318692
30310586
30397891
30377745
31142783
30346231
22247633
30477917
30403593
30350102
30364384
30383148
30449927
30341589
30349247
22555017
30370322
30496229
30376927
30353678
30309590
30388447
30457061
30366595
28828242
32359628
30530957
30544177
30536264
30554529
31298330
30580375
25387278
30437775
30528779
30543590
30516750
30504338
30479656
30572956
28460458
30472533
30590571
30493609
30490691
30615278
30560593
23136116
30488135
30533826
30859535
30576661
30522273
30473142
22266259
30543473
30578773
30563859
30536520
30615480
30589010
24176410
30536393
30663768
30583979
30642259
30598520
19752232
30583400
30543781
31522206
30620828
30625155
30621632
30614895
21958050
30565261
30608070
30572224
30554973
30571162
30594132
30579618
30587052
18435928
30532599
30579370
32632346
30646593
30602290
30636016
30607755
30569768
20137804
30629350
30616035
30815090
30648300
30688382
30711492
30685386
30803151
30708148
30703050
28436437
30619420
30696600
30696941
30651137
30639811
30730304
30695417
30662603
19609519
30624777
30603273
30615467
30777537
30644784
30714361
30668735
30686519
30749737
26790172
30636800
30695209
30756445
30789488
30767868
30724264
30695063
30685274
29771806
30664371
30715496
30596490
30669492
30709883
30667422
30672391
23298300
30651281
30699559
30709659
30719359
30720414
30701461
30707599
22412879
30647184
30712451
32675444
30649445
30801060
30676552
30652739
25346151
30581556
30644987
30662683
30696196
30719502
30715381
30687612
30677366
22758116
30663848
30638092
30670944
30654639
30717881
30668746
30685589
30703686
30652959
26231876
30658041
30713536
30656871
30685204
30689097
30686026
30690844
30683159
23750546
40028687
30604666
30647031
30574691
30599496
30610208
30570477
30603067
26064654
30593419
30566547
30594419
30550795
30582130
30573003
30643982
22299506
30558548
30541208
30574605
30596224
30556910
30616872
30722994
22367566
30595182
30595554
30616797
30605765
30563811
30637455
30629415
25858241
30513993
30609393
30618059
30541337
30588275
30570895
22988370
30523590
31611586
30564075
30577406
30546169
30591810
23353745
30596034
30605904
30576603
30569353
30589810
30663971
26956861
30527875
30549599
30580788
30605344
30542655
23471660
30514578
31129100
30562168
30579406
30537160
22818309
30382197
30420234
30419006
30365873
30448527
30453050
19832160
30333171
30389449
30397947
30464339
30430573
30345867
30308395
30379775
22491464
30314318
30445685
30419988
30427242
30429834
30415548
30362553
19529665
30525622
30617626
30590098
30599493
30582395
30641394
30733276
19497444
30490295
30606414
30575524
30717037
30616223
30571444
30517793
23653908
30466589
30443593
30576595
30488584
30558486
30499439
30498155
30533979
25258985
30557631
30579408
30566306
30622805
30586006
30550104
30498292
20949050
30476306
30574259
30538951
30514041
30585619
30539373
30607584
20430439
46352553
30377185
30417563
30390624
30395295
30369494
30381963
23279484
30412329
31422754
30421326
30445151
30421190
30392941
20319999
30375983
30419505
30368683
30347455
30385364
31244724
19998949
30352291
30511453
30377960
30380327
30402087
30425878
30397724
30464475
25792159
46330683
30309833
30286560
30320412
30344553
30464625
30365942
20544000
30320264
30341338
30355340
30320598
30323185
30320378
30344451
30471756
30380818
19889425
30312985
30364813
30331932
30335838
30351124
30368698
30397069
30349882
30330980
18419894
30315647
30343942
30328239
30360297
30288514
30368093
30342193
30346873
30353020
30553540
30315584
30317734
29014130
30342398
30432933
30378651
30303131
30341131
30463748
30379427
30301974
30309103
30305703
22677059
30314059
30395316
30366409
30349622
30336831
30382050
30361771
30347317
30342969
30375894
22682986
30354662
30388458
30377820
30352267
30345109
30347473
30353022
30349530
30356698
30289233
29208230
31250818
30468420
30346964
30409070
30383747
30368624
30398718
30354220
30336306
29608041
30380796
30314928
30324342
30431360
30395488
30442718
30659306
30395878
22661623
30335375
30444369
30369051
30334610
30385085
30305481
30320031
30464381
22004058
30382629
30325633
30370106
30335111
30369835
30379291
30350676
30422600
25352217
46496133
30492219
30479062
30561103
30540135
30487531
30519337
22665255
30445957
30487440
30555165
30440075
30480182
30536515
30541017
23602742
30479402
30538448
30443282
30573940
30542191
30520224
17818839
30593336
30503552
30541670
30506348
30454573
30616520
30494001
26788039
30478500
30429189
30584836
30434195
30490217
30574292
29936445
30608115
31361026
30507446
30512915
30456531
22731319
30468589
30451567
30508533
30501099
30638779
20081201
31047234
30454025
30488805
30600458
30500637
20469046
30494025
30496089
30632817
30520115
30544989
30583026
30512850
30391700
30451062
30540926
30473949
30516539
30659351
19944300
46627127
30548904
30594587
30600388
30610626
30524335
24271106
30544978
30518258
30511682
30577806
30606435
21955578
30564635
30577768
30597349
30665630
30592169
22269133
30533575
30582119
30576350
30655453
30591649
25036651
30554546
30566980
30637509
30579170
20628208
30547820
30579957
30590041
30565415
30572255
30621333
25005899
30546168
30603587
30632520
30601155
30603959
30574674
30593608
26517984
30563066
30635363
30553486
30568649
30552463
30616613
21712952
30703186
30618804
30629467
30613886
30631523
30634218
30616010
30635079
21505022
30531010
30569704
30607195
30579080
30603026
30652590
30573455
30672037
30576844
18790657
30565644
30586119
30523537
30557455
30585290
30560775
30576569
30571538
30536742
31205709
21380905
30797483
30638476
30642529
30597052
30602375
30632770
31154966
30556818
30539229
30604341
30083556
30571636
30625984
30677562
32738577
30657773
30621425
30584634
30609270
20551077
30543064
30578084
30543168
30658366
30628544
30587691
30611411
30562176
30546155
26811132
30520122
30667200
30556415
30571422
30612730
30604428
30597824
30544944
28616334
30544917
30631650
30610688
30606133
30579529
30616237
30623199
22428020
30567873
30572957
30587333
49537616
30553972
30607699
30608929
21252746
30699706
30538762
30560568
30613884
30614296
30704951
30609052
23512689
30532160
30578001
30619160
30610599
41711786
30575700
19572243
30534949
30583657
30578401
30558540
30558861
30640441
19009505
30533199
30507349
30567730
30551875
30561914
30541200
21773618
30566244
30670235
30540535
30558560
30617216
30576368
30633140
20848783
30562784
30573484
30612319
30587954
30550910
30623847
30582466
30606860
30572068
23356240
30479190
30589490
30559155
30534950
30560902
30584584
30586742
30690728
30555386
23748717
30578504
30640132
30633466
30626484
30569906
30581548
30593430
30594373
30537440
30555502
30623284
27948801
30548150
30636355
30631249
30585597
30717917
30642084
30593048
30592180
36170042
30586999
26088947
30836059
30615526
30576386
30613226
30519476
30632297
30587506
30606628
30563685
20425972
30543828
30695715
30587798
30564093
30596344
30634262
30744428
30570455
30591252
19222175
30525244
30565795
30570182
30661420
30566461
30515375
30561891
30501582
30512581
23045108
30605832
30679948
30648946
30603706
30728559
30605339
30588163
30584768
21082198
30653842
30585455
30661308
30682930
30654426
30721363
30626471
30598715
23474466
30566153
30541792
30489756
30582615
30549040
30627344
30658284
19605404
30528675
30516471
30525628
30591970
30639930
30604764
30625886
20073184
30540128
30582066
30574530
30630393
30602915
30649834
30598994
23795036
30527054
30639582
30588206
30575318
30610609
30588121
21388439
30604841
30600708
30550173
30659815
30589084
30603088
21851092
30525446
30613476
30566902
30683710
30652363
30693055
25612739
30550780
30659606
30630926
30621095
30576723
22278833
30716406
30571790
30643104
30617071
30677519
30775983
30571678
26409715
30544542
30575006
30671030
30595564
31284947
30599839
23624957
30566424
30596981
30598368
30564281
30631632
30580655
24517597
30550015
30642856
30600160
30647835
30616342
30601508
30450277
30588137
30644672
30631261
30569730
30926219
25325336
30491046
30608970
30586179
30625875
30624680
24933510
30543328
30607999
30618798
30547339
30599688
27997023
30574984
30656233
30616187
30537811
22272904
30568327
30615380
30641059
30600491
30580569
30628177
26082807
30557479
30647149
30590152
30561598
30615450
22889703
30518718
30614385
30617739
30610955
30644708
30597187
30585968
27114844
30610775
30626104
30629908
30567126
30612224
30656992
24427311
#end
