#729a2951|blade-3-m620|jdom@54ed0cc8b7e8deffd5e088305ca7723dc0bd963c:org.jdom2.Verifier#checkCharacterData(String)[generators@bcfe6d43107430b2604e2e34b9151742941652e0:cz.cuni.mff.spl.casestudy.generators.ParseFileGenerator('MQ==')]()
#date=May 20, 2015 7:51:01 PM
#warmup=1
#count=3773
#begin
22936761
47965403
38337052
32572305
42123205
26206777
32403236
42150193
26526557
32428639
42230039
43277019
43845112
43950589
25832362
65435112
161120010
30220327
30171371
30214139
26618041
30247208
30217444
30261058
30251516
30231129
36314470
43771612
43759140
43780502
45394527
35137424
24521966
30350071
30249919
30276222
30228580
44268598
30825412
30248996
43465129
30239535
47436392
62850080
33895245
30465377
30239668
30374745
30289116
59382860
30298959
41498395
48325964
30271610
39719543
24699154
30274093
30329291
30272738
53078506
30947659
30194538
30367744
30297739
30270351
34104949
25165402
30275596
30230787
30266731
30255971
30241286
30248682
30232275
30241390
30273797
35196655
29263107
30251235
30257191
30262977
30396170
30194607
30205806
30225035
30268586
21868001
30241997
30245602
30214775
30666389
30267738
30278778
30268942
30374044
30246843
25278427
30215042
30252760
30229896
30238002
30245222
30244039
30224269
30465295
25383969
30886072
30275708
30300235
30253272
30264715
34774495
42161921
30231259
30237662
30239941
30717369
30281526
30404306
30255598
30263499
30295662
27142500
30287250
30263038
30326609
30256616
30234957
30205014
41011324
29951756
30266966
32482302
30259753
30292035
30269900
30240675
24945800
30270662
30257069
30262432
30261473
30306804
30263157
24486321
31251429
30371858
30209065
30243092
30222931
39294879
25409662
30245209
30384440
33843346
30283482
30264946
22111373
30241815
30313964
30227804
30401098
30249627
30216344
28230458
30239919
29684852
29019058
35562431
29005707
29575425
30214837
30255802
30351506
30282526
24641786
30564624
30265619
30271285
30290447
30300427
27665810
30301166
30234102
30277264
30272559
26123143
30272696
41305614
30415973
30696244
30201704
30228849
29447518
30255858
30284036
30269551
30274333
30237625
25219001
30376137
30259040
30257069
30209060
30207607
30212825
30269129
22483460
30263673
30263433
30308942
30278324
30254135
32206214
30274393
30412597
30294666
33211017
23333849
31218739
30242589
30226598
30295860
30252520
30232386
30216403
30251846
30269251
34560281
28478772
30375015
30242091
30263036
30266996
30215068
30227313
40763502
30233915
30262008
31010227
30225240
30299084
30289166
30230946
30242169
30188328
30259276
30523633
24970576
30265659
30288562
30249365
30233331
30251671
30249523
30267975
30211128
25154656
30260025
30264956
30269322
30407281
30249209
30254539
30270479
30263878
30073420
30403282
30193396
30217055
30207473
30262888
30229042
30278257
27061885
30275158
30228002
30253299
33227763
30295999
30215627
30397260
30105619
30289703
30286432
30255681
30256840
30310057
30234036
24829352
30361453
30238332
30269481
30267773
30215435
30242271
24373526
30235309
30281657
31034104
30268279
30288175
30215856
26059508
30212223
30279506
30275501
32300983
30268477
22560907
30283184
30246044
30256465
30266658
30292244
30276604
29135430
30269113
30288124
30388935
30240792
30294339
30045764
30290343
30237609
32225758
30218546
24012968
30223865
30274211
30248348
30237142
30325846
28876505
30235484
30268145
30286696
30242482
26537355
30430492
30220695
30250591
30270853
26870719
30213209
30214366
30242104
22655654
30252740
30262735
30242082
30254329
30223646
23921517
30262457
30372382
30428626
30212998
30236762
30255838
36751266
30374482
30269315
30244138
30226795
30228545
30300248
30277364
30280206
29582207
30244673
32186863
30368250
30198857
30236153
30269318
30218157
30272485
30632658
26929447
30227102
30206948
30239184
30293640
30365315
30228900
30293593
30295954
22886986
30276236
30244410
30243304
30209515
30296753
30411258
30282955
30279266
30292358
27352130
30291608
30261198
30306911
30571341
30247176
30270849
30242286
21326257
30296264
30247976
30307767
30248400
30225649
30281585
30293336
30396636
25676294
30211014
30271026
30253944
30257382
30484884
30271003
30241506
25601503
30231155
30235491
30267911
30236862
30374506
30266385
30235269
29079054
30282833
30259411
30251671
30255649
30231076
30281704
32095023
30265620
30259086
30199560
30281337
30205170
30380226
30478295
30286037
27159326
30272193
30214258
30260729
30283453
30238179
30227080
30244724
30234208
30266580
23568308
41555447
30221968
30285526
30212929
30238820
30207028
30364491
30268881
30256251
23750251
30236985
30224396
30216001
30269475
30254476
30230387
30226192
30833817
30294504
25983072
30254914
30253562
30245437
30295039
30238985
30256752
30254236
30254064
25002858
30221609
30259926
30268738
30255804
30227217
30287620
30232480
30216271
26967395
30203902
30256020
30205067
30269538
30210188
30909865
38199621
25059600
30243116
30260482
30252008
30264932
30196582
30209790
30261107
23950828
30268704
30274764
30272975
30243998
30377257
30251569
30246969
30276086
21562461
30220065
30358100
30255680
30285059
30237695
30279178
30367188
30256803
30244986
32042581
41169826
24423063
31179486
31212477
30302329
30326348
30313666
30340846
30298909
30322761
30280088
38625392
35142281
26910469
30557562
30336773
30338093
30330364
30275718
30325948
30261242
30326673
30340786
40819383
24705336
30266260
30302768
30312558
30278570
30354256
30361146
30294693
30343609
30318435
37407173
26700909
30305651
30370794
30301402
30502955
30358802
30317991
30351391
30387500
30260024
24752092
30233571
30277886
30233580
30227547
30261010
30272416
30445569
30265573
30249762
26521424
30225070
30269891
30250317
30219410
30212099
30254502
30393231
30218874
24788761
30362036
30332231
30300984
30298694
30291324
30338355
43251474
30308447
25089768
30337313
30330315
30299287
30313655
30438092
30373817
30280380
22376631
30346528
30322464
30448044
30340629
30305900
30292493
30305108
30333679
30002923
30341139
30318240
30338475
30293007
30305491
30280118
23777795
30284093
30374482
30335553
30273364
30339877
30260018
30426031
28799661
30969907
30300080
30310386
30303236
30314313
30381875
27733767
30285711
30353312
30323991
30332681
30322224
22684056
30265156
30339438
30324149
30307273
30482459
30291932
26458874
30297206
30263002
30319833
30344496
30274917
25561458
36756591
30375320
30373249
30414653
30384490
27100357
30396029
30355509
30544644
30408498
22941899
30401573
30444000
30390402
30553055
30442992
26779613
30387891
30380342
30385881
30399298
25880493
30391712
30390762
30410784
30398807
30417951
25357474
30333382
30406844
30368733
30375491
30424901
25811518
31543388
30437673
31015475
30401673
21438856
30370927
30401773
30383797
30406369
30378564
30433594
24560152
30570448
30414277
30405149
30535638
30408114
30398098
30378209
23525834
30349002
30422249
30366388
30400969
30364198
30369296
30388315
30343697
30407020
24801467
30360186
30432750
30415490
30392362
30415062
30442838
30398975
30440708
23036872
30389891
30402820
30380597
30370709
30363451
30354255
30354189
30353686
24756883
30408536
30411222
30369235
30406660
30383915
30381458
30362931
21209563
30353344
30383337
30387744
30512224
30345948
30417095
30398204
30336946
29930991
30414742
30420736
30388190
30377370
30401484
30402593
23197050
30676135
30408250
30394039
30395580
30439842
30490019
30439086
30159775
30392700
30437493
30395012
30331559
30367313
30390535
30211644
30398276
30428333
30381491
30513054
30411942
23577771
30395630
30389021
30549150
30423996
30335340
30399613
29205367
30418511
30399370
32409549
30505176
30382669
26928096
30364451
30408117
30478191
30473206
18658558
30520344
30381730
30399050
30402426
30512883
30394838
19205498
30388042
30407276
30432519
30359951
30394355
30407486
30496471
30417067
25042552
30369410
30412031
30375860
30363949
30407593
30380170
30320608
24775596
30387082
30446204
30384755
30339349
30355815
30414564
18194125
30486957
30630589
30442103
30480244
30603900
30491151
30450152
25953696
30527326
30520862
30451309
30500173
30443582
30475904
26286780
30469915
30494548
30507757
30495469
30486604
20050388
30579596
30578989
30554254
30522320
30526307
30541415
30544189
19738401
30556913
30557569
30694481
30524906
30540711
30760991
30504139
30543675
30562491
24083537
30552544
30551742
30553180
30506137
30571911
30575137
30539969
30629296
25295318
30555728
30569097
30651460
30490397
30552604
30525381
30547289
30529597
26123389
30557017
30527769
30545286
30534555
30502948
30517830
30825375
24581452
30550589
30550026
30599413
30542689
30667222
30537842
30542918
25335074
30565779
30538950
30528435
30558293
30582688
30557999
30581589
29172294
30576777
30573635
30579197
30529719
30514061
30502096
26518200
30492561
30552675
30539924
30584504
30556235
30522686
27198690
30540267
30534204
30515657
30583246
30517318
23864159
30524089
30552390
30528861
30571824
30531419
31196210
29126151
30592637
30584938
30547895
30526940
30511513
28882620
30540760
30515610
30560056
30593633
22310454
35136172
30467695
30396096
30480547
30480102
26211917
30504806
30458843
30433907
30595657
30774213
21583982
30458607
30493284
30436679
30488279
30453733
30506206
30474857
22477587
30458871
30477529
30446842
30466446
30529661
30431187
30576435
30464798
30508556
25065987
30433466
30444104
30463182
30479083
30445462
30465503
30429346
30497375
24736261
30445606
30528375
48225785
30434508
30574404
30418744
30442906
30424287
30033029
30484312
30463746
30489226
30511606
30461944
30622993
30480308
25675907
30545264
30426551
30445728
30420320
30445918
30702490
30499480
27414003
30444217
30453762
30473906
30462484
30466604
30493685
22022822
30451793
30456902
30460982
30464082
30475697
30470621
20426899
30465071
30657606
30483557
30671942
30452231
30425533
37025855
30426044
24194219
30521088
30434970
30503931
30474937
30563482
30461868
30470427
22453327
30518302
31055784
30460605
30442902
30461539
30435522
30484346
23800408
30451237
30459451
30456911
31047250
30443077
30450818
19219711
30480946
30481750
30579940
30410957
30418888
30468989
30515528
29717436
30466684
30704515
30425461
30466341
30438284
19818314
30372733
30380864
30372417
30383090
30518158
30348830
24727901
30380799
30403720
30370304
30426677
30406562
22687984
30391607
30363030
30398455
30328501
30672980
30453810
30356819
29792235
30406175
30427871
30406700
30383636
30407148
30368609
26968066
30402164
30384912
30392978
30406097
30415224
18662022
30367557
30441724
30403124
30394279
30423058
30351031
30437131
30340840
28111630
30560588
30360426
30384679
30375328
30412764
30427206
19704528
30359213
30390196
30356666
30397349
30408499
30416246
30426833
25115954
30407600
30523551
30394887
30351181
30387888
30402498
23954740
30361079
30378337
30397508
30392608
30394603
30456580
26262576
30373608
30423364
30435993
30374593
30400073
21645576
30408022
30380278
30390718
30342265
30429014
19846954
30427311
30377015
30439705
30383829
30366082
20810543
30408893
30394339
30419721
30369253
30414841
30351025
19513097
30364806
30428045
30417468
30670651
30431099
30386348
30493728
22585260
30339087
30409279
30349787
30367336
30394308
30366344
30377217
30481773
25169808
30376795
31209072
30398042
30399387
30366138
30380694
30433718
24951969
30406723
30566108
30416809
30396560
30431846
30379046
30507731
25705802
30428044
30429308
31220278
30443477
30334856
30400280
24702001
30390711
30392913
30774657
30391953
30390846
30391076
21375889
30329722
30377153
30367673
30388790
30367400
34038651
30358850
22459277
30489730
30426810
30415986
30639415
30367702
30364306
30377464
30396384
25485225
30379119
30417106
30395762
30411093
30396937
30398615
30367139
24836167
30293384
30332371
30327342
30306778
30292738
30296549
30305999
26770178
30333258
30482842
30310671
30298738
30280086
30305871
39871445
30454271
30297329
30308711
30284541
30277926
30439346
22961621
46479122
30410046
30376206
30396801
30380182
30391028
25899574
30452582
30314056
30345504
30328929
30298290
21882976
30303511
30282766
30310905
30334206
30355344
20906976
30318506
30297092
30328173
30301478
30282399
22172771
30275762
30339971
30312089
30325731
30354708
30328062
22024010
30282229
30292985
30337972
30307176
30257655
30301008
30448159
23257006
30322173
30324024
30286163
30326430
30268026
30285537
30259847
31281988
30301388
30299883
30297135
30247073
30362749
30257704
26427231
30311471
30300455
30318058
30328840
30318126
30294526
29079563
30327473
30282353
30321226
30269871
30312268
22322286
30299444
30336013
30466972
30329946
30312405
30282795
30347563
27200149
30325878
34052336
33883520
34041235
33924789
33977418
24078257
30285377
38965416
30300740
30264417
30279924
30296691
26217435
30287708
30350966
30256551
30291096
30333093
19753460
30357944
30351862
30330088
30525240
30327262
30301022
26488355
30311700
30292498
30306189
30343513
30351373
26397171
30356261
30287846
30296110
30398022
18800244
30279559
30336153
30256206
30301379
30318537
23774242
30345255
30327100
30292359
30275453
30289599
30369803
29809182
30332046
30326719
30361253
30258018
30324271
25078952
30257333
30278024
30314693
30288055
30281357
24919266
30291649
30312447
30455159
30324811
30326618
28677663
31177268
30338024
30373633
30294282
22656902
30304276
30314823
30289741
30348852
30314420
30322502
26575304
30241918
30300584
30325327
30303893
30304442
30548140
26150868
30320908
30313161
30282027
30270613
30447511
30279631
34168082
26814220
30301671
30251549
30263548
30380295
30293484
30291004
35010912
27301069
30332638
30333751
30308298
30326306
30451487
30330668
31732869
40637882
23903237
30278589
30320178
30279283
30314561
30318971
30283576
30315989
34447386
25149833
30313151
30333484
30271920
30266949
30278400
30318651
30263178
31371507
25383884
30352208
30307653
30321232
30323589
30452220
30352675
30481718
31453653
23374948
30303067
30432453
30317769
30293670
30312179
30238369
30426070
31323781
37337582
41209111
27691255
30314233
30308065
30315222
30303195
30376808
30429328
30297631
32274812
33512732
29856440
30313748
30305008
30316757
30329257
29673284
29029038
29109469
30409831
37220812
29050980
29066218
29036040
28994011
30341065
30249032
30232765
31185744
23759674
30326908
30253168
30259475
30249092
30213074
30265028
30226245
31147697
30327253
30239928
30292910
30255413
30289844
30193788
30252795
30233608
26029653
30405753
30275184
30259084
30323769
30870546
30264173
30241013
31590845
32296265
30387046
30414047
30424581
30404080
30513605
24891143
30378846
30373108
30330438
30341979
30394514
30396204
23977284
30374185
30392443
30445868
32426954
30427588
30364285
25043707
30348898
30414691
30545111
30500042
30453901
21901251
30424589
30419797
30501753
30416224
30367776
30320906
27812826
30386144
30413308
30406113
30371055
30399157
29377862
30367546
30408142
30597435
30400610
24237219
30387338
30379139
30400700
30388177
30391190
27082333
30406546
30394573
30399677
30408426
28093252
32407028
30341813
30257118
30315212
25482285
30330948
30346662
30333366
30296586
29793915
30323024
30346055
30325262
23560086
30306133
30338848
30284211
19658588
46177877
30249507
30257308
30274371
30245530
27833668
30199187
30399897
30222706
30286420
30238585
24834333
30208633
30251334
30450562
30252009
30232759
25043076
30276076
30246722
30265517
30279291
30264101
28976646
30243158
30266613
30213302
30282017
23667568
30261926
30248825
30383045
30252357
21658316
31076331
30318482
30257972
30257088
21699425
31108961
30259569
30256224
30266802
23612393
30401475
30235862
30270888
30233033
28045428
30276554
30246533
30227453
23195493
30213455
30258314
30255544
22054120
30391146
30276544
30254435
21970029
30283331
30296275
30273994
30272111
23721719
30216755
30292551
30255859
30238002
30389416
25433305
30255410
30262925
30254060
30261848
20124728
30206597
30236306
30265145
30285254
30258970
27380406
30311627
30280344
30337678
30274986
26512133
30270160
30256400
30260076
30286017
29733320
30309980
30301633
30269796
21911574
30321608
30344538
30359529
30319550
30349407
26286820
30347820
30448522
30404184
30395393
30316168
19917611
30324183
30348523
30295728
30311671
30288746
30254571
30461937
19921670
30317140
30465115
30342962
30295073
30330346
30260153
30320509
19834718
30474919
30324967
30331818
30332481
30344467
30251937
30434946
23238279
30302379
30495700
30362343
30375590
30342664
30255780
30293601
30265307
41797415
25098369
30304398
30307861
30340782
30316829
30297793
30284840
30296597
34286344
24373655
30315667
30337437
30305293
30297996
30284878
30290745
30306720
32733682
26022842
30312253
30324880
30318419
30303946
30303349
30258419
30263376
23829481
30305423
30334362
30481946
30344905
30302735
30342378
30333795
24211572
30338417
30342981
30315229
30333899
30315378
30322297
30467289
32683536
23478203
30324661
30349484
30303316
30242250
30302515
30318982
30329756
30292716
40467321
25805956
30294477
30315053
30261663
30478693
30330018
30307411
30313301
34525086
25590172
30415771
30400904
30520903
30395493
47825165
30398791
30373793
33650590
27517632
30405460
30408595
30409690
30381926
30371439
30403540
30535794
24960437
30412168
30443737
30396089
30365420
30349190
30407480
30373077
26015445
30429019
30390305
30375711
30422940
30398340
30403895
22083644
30393655
30583424
30377981
30401140
30407909
30355103
30389960
29742566
30402004
30431375
30348516
30406877
30420395
22056658
30415273
30416906
30376987
30366080
30339137
30418064
24911529
30442138
30349925
30351560
30583184
30516639
23307044
30430931
30428082
30393335
30378965
30419111
23632368
30341748
30430099
30377893
30412428
30376114
25293334
30378787
30441035
30381295
30420304
22517411
30346795
30462163
30362697
30380048
30359845
28189628
30380335
30385259
30383242
30384568
28229463
30386082
30512042
30378290
19879941
30412320
30429366
30378109
30403358
30395940
22127135
30295277
30326770
30518808
30353976
30324753
30277999
23128431
30287807
30344045
30314554
30324319
30288089
30345524
30315305
20590803
30313333
30285534
30325926
30343138
30348234
30302464
30273362
30317381
27254895
30319975
30324779
30442204
30286635
30289615
30302815
30281642
33045947
43704725
29170269
30314837
30458006
30251060
30329582
30333715
30310136
30279782
33885146
43686240
30150124
30306066
30358891
30363542
30331931
30368213
30314240
30322857
34682070
25032354
30300706
30286293
30316010
30464937
30528866
30548905
30345906
30343022
24728216
30291344
30319668
30353833
30287750
30296960
31151074
30298158
30313881
28714554
30324542
30446086
30366561
30325624
30326752
30292716
30287610
26039520
30304306
30329613
30314748
30278862
30291266
30262789
30321953
27255627
30316165
30429306
30329880
30342020
30301991
30356292
24008573
30330138
30296102
30295731
31294180
30328295
30286275
23064359
30439078
30330915
30538126
30427817
30352362
30326946
24191661
30301449
30294262
30307369
30280411
30297027
30309111
28205649
30320440
30307273
30444688
30295040
30254349
25922833
30307665
30309913
30276796
30346753
30346352
26278329
30250651
30325017
30325615
30309091
21586038
30330377
30404755
30312439
30307827
30273295
25303192
30275484
30325255
30318809
30310869
30343284
22465209
30412832
30287015
30314182
30312662
30263779
30346177
30294071
23558852
30242748
30264696
30271944
30262373
30259531
30388855
30252642
30242164
37397138
27552755
30444706
30265757
30250202
30260255
30264095
30417913
30227455
33258162
43847799
43817603
28880290
30303831
30372715
30261940
30287280
30312751
30252283
30269984
33804827
43746930
24670494
30269657
30224264
30221224
30224691
30339176
30257762
30228344
30457572
40156023
24881021
30236319
30232640
30863803
30243594
30270345
30419696
30238380
30216029
21847711
30252555
30228804
30285549
30244942
30281389
30285213
30244195
30273654
35071662
44021648
23896299
30255360
30199962
30206766
30876024
30246265
30282542
30278446
30228587
38851707
23965272
30228439
30288032
30262733
30266677
30228046
30232237
30238504
30213873
31190318
24690701
30273358
30278019
30266806
30366924
30212171
30263634
30228376
30283953
22913311
30246932
30251393
30225400
30257207
30269821
30231164
30333806
30223842
24166684
30243030
30257089
30255829
30391193
30248402
30211833
30307851
30208893
29947335
30240023
30250189
30341355
30223971
30262826
30215209
30437122
29657216
30263606
30282439
30258012
30239924
30278089
30240451
23382403
30211769
30251076
30216220
30250950
30228329
30356665
30265242
29602447
30291544
30278739
30233416
30276538
30223534
30256986
29830026
30263591
30299722
30257955
30275665
30231353
21366609
31006199
30348295
30274969
30368577
30324972
30407383
30304408
21399400
30292854
30396996
30305186
30308820
30326247
30309460
30339537
30330268
30522324
25859491
30283402
30463336
30323082
30345963
30340462
30945964
30480183
30347788
30228224
27394010
30323698
30304016
30302715
30383015
30323680
30358309
30333929
30357033
24967550
30274091
30315472
30330094
30906218
30262181
30296847
30295893
30333262
25055319
30482173
30335558
30474221
31769648
30332073
30363415
30323904
22069398
30916891
30301945
30906710
30289362
30329173
30371717
30482524
30617457
28990426
30286198
30430446
30316731
30305998
30297997
30347675
23527351
30330175
30322577
30328893
30320944
30335249
30309016
30294564
26696044
30286450
30312878
30379444
30328991
30322973
30316724
26215202
30368413
30429511
30428571
30418945
30403000
30352891
29472869
30395148
30425857
30400369
30402738
30390684
24737041
30374104
30430728
30366013
30415685
41007789
23746455
31339024
31357110
30434886
30633033
30730933
30457442
30479890
29516029
30442949
30526553
30462996
30399660
30450313
30624887
28466841
30441708
30643983
30442208
30473162
30460946
22361513
30433488
30481175
30502680
30457118
30476355
30435248
26510137
30445482
30463507
30452631
30467682
30492458
25102446
30510180
30480465
30464654
30586704
30498197
26278538
30462736
30531028
30487761
30538713
21930816
30594675
30518370
30466244
30496124
30440049
27324471
30502556
31277510
30470827
30462657
25160149
30447288
30473818
30605913
30475707
30413599
24284981
30490873
30481597
30464766
30421941
30645544
30451526
30479413
30592740
30471697
30496933
30492715
30461130
30492416
30456472
29623289
30520444
30438927
30484994
30437201
30467155
20749843
30459187
30466969
31462957
30453993
30480973
30488601
30456883
21825069
30462837
30491106
30450486
30457408
30423876
30456041
30501263
30452238
30467354
22320285
30477916
30468224
30483874
30425464
30457587
30464613
30468791
30425920
19638546
30408095
30486577
30442911
30499328
30460506
30440792
30478677
30476479
21787231
46715336
30583817
30511053
30602935
30547181
30494376
29874649
30520327
30531871
25065958
30572358
30555070
30560244
30577029
32538545
30679251
30532972
30663835
22996331
30542682
30515726
30515193
30514940
30554464
30527644
30527684
30539713
23792350
30543337
30557397
30510682
30525642
30535893
30540540
30575022
30505675
44327187
30509999
30673812
30542687
30518910
30518021
30543666
30514295
26742799
30546341
30561528
30570922
30564589
30523269
30524374
21360696
30567848
30552076
30543620
30527887
30529340
30536398
30554095
26237555
30557409
30573367
30644444
30718130
30582184
30480368
25749747
30503761
30545931
30546197
30522228
30532068
30523741
29195827
30500021
30458671
30463010
30467864
30466512
23349413
30475829
30438990
30498351
30515302
30488577
23385147
30476678
30484766
30444651
36791327
30428566
23544102
30536353
30564748
30632722
30494296
30493200
30565308
23373795
30502095
30520813
30513460
30514457
30573044
30530347
26218858
30565382
30525721
30527306
30570321
30531151
22649722
30559746
30576048
30555657
30650361
30514181
20880054
30520391
30520895
30497816
30525475
30537755
30574526
30525600
27932717
30582299
30529382
30505256
30530806
30560197
30484499
27265438
30520985
30552246
30588784
30509458
30598877
19949335
30526755
30566355
30540769
30596182
30494624
30667884
25935660
31307110
31165535
30451289
30505241
30426834
30434804
18932618
30424944
30433727
30487079
30446486
30448281
31428325
30460148
30471242
30486933
27052211
30453400
30440826
30440735
30588544
30458660
30449764
30449295
30426031
25071871
30422367
30475226
30488264
30474101
30485008
30449450
30486342
30462022
30581611
42785556
24953381
30614173
30537181
30448468
30473922
30491558
30514357
30433896
30414668
30476306
59205521
29326016
30591561
30472084
30474966
30494480
30449842
30447746
30457531
30459302
30388588
27855480
30480537
30469255
30443008
30436261
30490596
30493203
30453966
30451427
21594420
30521977
30617199
30462290
30483539
30470341
30481211
30483257
30419721
20718132
30455326
30509871
31101985
30449662
30469722
30464124
30452241
30441631
31272408
30409344
23609202
30474061
30475344
30483764
30475351
30460155
30478270
30474241
30467384
30472825
30451043
22179628
30449209
30439864
30491524
30506395
30439509
30440988
30449794
31089508
30414862
30475926
26920831
30463489
30659115
30653048
30476474
30469794
30438720
30585570
30532813
30453088
27104928
30434634
30409058
30481395
30449266
30461664
30446728
30425568
30513660
23769073
30605621
30471193
30464093
30437968
30427557
30423262
30479954
30487695
21124665
30451833
30477635
30505182
30481046
30477204
30435147
30444133
30602080
24416113
30466518
30460390
30422051
30430024
30431922
30442430
30460873
21842304
30469511
30462682
30465573
30411233
30443933
30458895
30609668
22829926
30651595
30468608
47864436
30415673
30464829
30460386
30445720
28973111
30467301
30431043
30460391
30454289
30467260
30380937
25804528
30429538
30455647
30463533
40542607
30517691
30471424
27930472
30446842
30427255
30437600
30483714
30491615
22144700
30459359
30478670
30461337
30428773
30642626
19919288
30406686
30626820
30421278
30461926
30529422
21725391
30465693
30484822
30406595
30475981
30424940
30448297
30471824
28973552
30461396
30471155
31376179
30454462
30452828
19247299
30391432
32285620
30403534
30394346
30393756
30373782
23459468
30408097
30388302
30378580
30338842
30409411
21180573
30443857
30375773
30376889
30396276
30396480
21617762
30407996
30405731
30568251
30446024
30385821
30446166
19596091
30387453
30384977
30406173
30410013
30635062
30353893
30485306
30382910
23524228
30539968
30366085
30356115
30377553
30427115
30503555
30383035
21908971
30359073
30438893
30362241
30402882
30400700
30345582
30419688
23210060
30384053
30379682
30406522
30401462
30368613
30390142
30416411
30376424
19574477
30379418
30387162
30424388
30398927
30503915
30360089
30391542
30349049
30407871
25276607
30404501
30403759
30369642
30401431
30313546
30397435
30359677
30523204
25243160
30401700
30429232
30379175
30366004
30374415
30347533
30358728
19365520
30405738
30576353
30382468
30515471
30385040
30386321
30403973
30391404
30405242
27598332
30395924
30374184
30420401
30372148
30390474
30390847
30451648
21810613
30348933
30387159
30339235
30337499
30424691
30393195
30405849
30429775
30370700
36215677
27617679
30405713
30408130
30361047
30402544
30365329
30380662
30372584
30359342
22780030
30387226
30390640
30486166
30405884
30324183
30334482
30375835
30385356
30414555
28583447
30357353
30417853
30402942
30381606
30370107
30427200
30391666
21795009
30485428
30398367
30384275
31218579
30330217
30389153
30420859
30342763
25910441
30391484
30467680
30410015
30396597
30427070
30407384
30434382
25395827
30370591
30417654
30389605
30405811
30557535
30408475
31402508
29182060
30391652
30384669
30419428
30371671
30352424
30410890
25268091
30475234
30420755
30430608
30362597
30387044
30370835
25346750
30384775
30436781
30425375
30411526
30426371
30419280
29222307
30404146
30373102
30374179
30397690
30388430
25050170
30381886
30516141
30424122
30376635
30395615
24728707
30388915
30356555
30320933
30350648
49155663
25556382
30365022
30402208
30501761
30365839
21640194
30509048
30402266
30364246
30411807
30398441
26489257
30410711
30417068
30401904
30364810
24753494
30390005
30380889
30500806
30394465
30375013
24980817
30412602
30440184
30386517
30403278
30402257
30347197
20592815
30373237
30388948
30484466
30492995
30495560
30442333
21261432
30389429
30390006
30422600
30574946
30381946
30389439
30502462
30379593
26517033
30401910
30376786
30428331
30455001
30409408
30573906
30378964
30367587
24878513
46547653
30485633
30479819
30444451
30532338
30429666
30427453
30444433
25927207
30442973
30437929
30435904
30494313
30609595
30456833
30617981
22697624
30440257
31094204
30460541
30493370
30489589
30493864
30447525
22267341
30445743
30578609
30494048
30475449
30458715
30471162
30446600
24849300
30474252
30425433
30503744
30482968
30454055
30392905
22420882
30469249
30491546
30442571
30518951
30589555
30476468
20506966
30479275
30468033
30470737
30501439
30486631
30585516
30506035
30399407
25852671
30442287
30449188
30502305
31018119
30469631
30475688
30662295
30443078
31436869
29412694
30556260
30486958
30465096
30471657
30464753
30426109
30459550
30473447
24983519
30436898
30650893
30548951
30499156
30505188
30430321
30474095
30435095
27217324
30563084
31100821
30461764
30482897
30406113
30448847
30462087
22786011
30492976
30413082
30433825
30398175
30434537
30473553
30495906
30491858
30493780
24838334
30469324
30454982
30492297
30456195
30494030
30449577
30451248
30460282
22907913
30448118
30505979
30612906
30474651
30463686
30438786
30502322
30436853
22798086
30444167
30499614
30467639
31118622
30455406
30484830
30642680
30460122
24984943
30593048
30402317
42385383
30485401
30490640
30435306
30482013
24455737
30469559
30478089
30486480
30444150
30508033
30655279
30458231
26053058
30442404
30450028
30445117
30498542
30451974
30413026
21790793
30683460
30494664
30428112
30491631
30412376
30426003
22717740
30472562
30425809
30516313
30437968
30442570
30474015
23596790
30426929
30483113
30581129
30476235
30443727
30454631
30476453
23476037
30469595
30503988
30454119
30431962
30494082
30464717
30471540
30475353
30566164
26398189
30465893
30549053
30458606
30512639
30458366
30426284
30449275
30435948
32397276
30010860
30479313
30473212
30462011
30435697
30581522
30442579
30469535
30465569
26042715
30481826
30459931
30503233
30430604
30503412
30474598
30457811
30474175
26645604
30487479
30580669
30634157
30439467
30456386
30402647
30492910
23764908
30624264
30484697
30455006
30448164
30432086
30495262
30661726
21245165
30440015
30635680
30480068
30478515
30509420
30438755
30447411
24623966
30465993
30453215
30478377
30443544
30597202
30467602
20557220
30437653
30432800
31116614
30446546
30493462
30472167
20576625
30466684
30483535
30582433
30806895
30467781
30408806
23182011
30441857
30460439
30455853
30435356
30450081
19616615
30450591
30487438
30658799
30455165
30485793
30453882
29281164
30466377
30419682
30512182
30431011
30452391
30452555
24162300
31099149
30616013
30748048
30490704
30442142
30412519
23926915
30349504
30420559
30403313
30422338
30352759
30391411
27946767
30392440
30387411
30361015
30441595
30410682
23132451
30402784
30365753
30360591
30406888
30311205
22142716
30388726
30381900
30398979
30361400
30371682
23465986
46432751
30370785
30375280
30416937
30378800
30387499
23422116
30372308
30425662
30344540
30370550
30400031
30394163
30365027
19520038
30439633
30412029
30398407
30436322
30444753
30357077
30437784
30375915
24605341
30409820
30385522
30404502
30373402
30498106
30378339
30397509
30349321
36941218
23899682
31191849
30363890
30423332
30554087
30386741
30407815
30372253
30339531
35973309
26427866
30420419
30409622
30446608
30340905
30471270
30375183
30355234
30389957
28573911
34075435
34058871
41620704
34073775
30443400
30400544
30365989
30364383
26759398
30373579
30406631
30434955
30389580
30566440
30402825
30429977
24257805
30453524
30543711
30385198
42630228
30409648
30420124
30433735
24356157
30406719
30518628
30419807
30429318
30384057
30413808
30437641
27066753
31208575
30677730
30272838
30308053
30273414
30285082
24898052
30326420
30247037
30454771
30313762
30297998
30313123
25357861
30183551
30287597
30241133
30277348
30212413
30221689
29868767
30282591
30250993
30246084
30242364
30223088
25721231
30228304
30256586
30253231
30244626
30270749
25337517
30385668
30257956
30245069
30408622
30232898
27045189
30263404
30242004
30219691
30279654
23414088
30237115
30263220
30286148
30293489
21627445
30221746
30241333
30398148
30261429
30409749
29834179
30284012
30227717
30211837
30293691
30258731
28659623
30262028
30280494
30273767
30373431
22425887
30249901
30251744
30214828
30286000
30264548
25003472
30262176
30291579
30239049
30222107
23607139
30470051
30361011
30309912
30304865
30302517
30290467
28851017
30305380
30369686
30266353
30347953
30297489
30260058
22314454
30351493
30306782
30294373
30337488
30311785
30316791
30467391
30280648
22043856
30288777
30314907
30326228
30283680
30261842
30280678
30310722
30318153
24240041
30343219
30319520
30309360
30307078
30442726
30290433
30308371
30326619
33118698
43851180
26145552
30329747
30350906
30300103
30354626
30306922
30318064
30310555
30294740
35925185
43828774
29386478
30317712
30301422
30291157
30327782
30333681
30281840
30320179
30309340
38972334
26573718
40603714
30282939
30334406
30289518
30305409
30270858
30288453
30331072
36318129
29667821
30314711
30319374
30328333
30301815
30482024
30337519
30312015
30290938
25819242
42144755
30308811
30325148
30285473
30366633
30372224
30312113
30290110
26823378
30460732
30329007
30314923
30296355
30333121
30304622
30351549
23593481
30300664
30326793
30323784
30366187
30328331
30317095
30270822
22926299
30346956
30301851
30343118
30326631
30318803
30286897
30304871
24808887
30426261
30317360
30340209
30293591
30337393
30322593
22494478
30281925
30317135
30312593
30330529
30448896
30303605
22259163
30304512
30344430
30495676
30271259
30368169
30319706
24531743
30339134
30272423
30293942
30288533
48438958
30292619
30361117
24007314
30429091
30300473
30359479
30304638
30363804
30343456
30338213
30308833
32474430
26347293
30275482
30313613
30322436
30277532
30334427
42516975
30298433
30329677
24683549
30289421
30361302
30448040
30260478
30292405
30439858
30311137
30300368
26102007
30356699
30469275
30322380
30314358
30279411
30306446
30312280
23454335
30321430
30420055
30308437
30326153
30293959
30284662
30307069
23485699
30344655
30292107
30289346
30323918
30452848
30266598
30284917
25712418
30320631
30511342
30336129
30340533
30301589
30330140
23848285
30276782
30336971
30319379
30292044
30336786
30331944
24168615
30292957
30301713
30323155
30421682
30306018
30332207
30346394
22491122
30290006
30319695
30289562
30309682
30292504
30343420
30289482
30361614
30304917
40251000
30037885
#end
