#729a2951|blade-2-m620|jdom@54ed0cc8b7e8deffd5e088305ca7723dc0bd963c:org.jdom2.Verifier#checkCharacterData(String)[generators@bcfe6d43107430b2604e2e34b9151742941652e0:cz.cuni.mff.spl.casestudy.generators.ParseFileGenerator('MQ==')]()
#date=Apr 27, 2015 5:35:27 PM
#warmup=1
#count=4793
#begin
36244659
44568509
26364358
31778364
31884299
30547349
32194195
38521282
25404323
31983297
38626898
35090252
30445746
31970116
23631713
41876704
33192395
34892481
30372137
30475813
25259359
31983408
28537018
28631950
30400911
32907336
28888425
44712193
30367447
30410167
30489808
30479751
25475140
31906152
30486159
30452693
30384213
30501955
30428984
30418356
30359611
30404871
30548261
30402773
36152258
29800939
30438751
30420485
30446547
30464549
30504562
30458772
30432788
30403676
30385269
30395602
30447529
30443180
30436424
30408020
28299976
28665325
28639723
30472435
30415217
30446324
30399338
30448704
30391568
30432968
30453299
30373612
30365060
30416517
22624067
30500651
30493504
30495731
30399357
30439880
30417440
30873897
53128899
30413097
30378742
30398791
30418995
30395909
30422247
27777506
30461402
30448699
30367506
30375170
30407784
31195455
30345195
30395329
28606914
30369664
30361406
30457166
22167207
30552944
30463210
30489168
30445073
30441204
30468420
30433452
30440665
30352504
30381013
30410326
30409590
23192993
30993028
30515522
30390055
30697793
30388781
30496476
30348895
30387924
30411466
30499460
30481720
22489011
30484028
30486172
30492784
30448704
30447964
30458148
30402837
30437046
30427864
30387646
30415095
23375226
28617708
28716372
30450278
30407592
30431733
31258542
30439475
30329312
31021852
30423987
23714158
30410850
30493711
30424973
30446599
30432261
30393496
30441709
30444548
30437764
30429028
25719038
30396522
30468627
30440137
30452298
50193692
30427093
30418784
30409864
30443895
25009514
30470202
30467767
30441444
30419973
30504746
31041704
30445942
30429305
30448523
29346767
30466479
30486150
30431011
30463953
30427211
30445811
30411797
30392002
26394713
30365822
30581240
30461464
30432559
30434075
30371644
30418106
30437142
29255465
30463806
30440341
30427464
30357338
30374208
30385111
30423824
24615381
28678630
30497708
30476790
30446497
30456213
30466517
30384762
24710877
30470248
30523760
30500528
30376099
30418348
30445088
30393384
29103487
30427597
30482344
30443128
30433731
30431862
30501482
25483881
30413349
30527284
30458689
30374726
30438035
30471364
25877845
30402489
30546804
30432816
30425933
30424748
30444960
30423708
30443147
24683018
43242072
30513218
30430023
30371626
30408273
30480262
30456733
30408911
30056253
30463238
30463508
30390960
30405702
30380821
30421641
30357309
25892135
30418770
30543630
30433295
30437446
30460860
30420441
30418497
26647408
28653510
28649786
30403364
30450330
30433362
30373686
23233080
30467180
30489809
30474019
30442618
30399204
30333489
21719727
30409195
30433180
30397799
30412291
30378509
30393480
23681975
30381440
30459813
30435393
30440387
30429878
30418333
27287713
30459643
30451636
30403621
30403122
30437598
25022910
30426851
30684848
30464051
30409102
30455071
25416435
30442098
30512812
30478773
30383771
30385629
29776320
30402946
30442966
30400098
30382377
24401865
30454894
30496053
30445099
30461885
22669677
30418466
30444858
30486293
30402444
24050521
30465506
30486242
30494033
30439359
30392642
22599189
30406832
30454270
30445524
30395762
30421862
30519322
30483624
27000820
30452989
30451866
30425226
30430106
30437166
30437429
30387667
30472407
26602184
30488753
30509909
30432870
30387494
30440251
30399157
30459311
30476917
30361747
30408971
26334142
30429480
30535227
30479090
30428549
30439666
30420310
28579213
30424151
30464530
21589287
30480176
30471193
30505068
30401587
30456202
30442315
30461468
30437547
30418082
21775658
30494602
30425606
30527377
30455677
30422739
30486276
30393575
30425068
30430751
30315380
40527663
40328978
40332883
40350863
40413204
40266289
40448102
40313735
28339514
40516626
40387664
40315765
40464401
40466895
40451038
40395177
40247941
33166880
40500614
40350153
40373574
40375770
40408056
40467171
40956211
28397518
40498679
40405576
40349225
40409240
40396787
40371896
40537491
27167924
36887345
36739886
36824338
40429969
40430078
40353749
40369294
38722991
40613038
40203033
40520987
40369759
40393235
40311525
32930911
40488573
40284701
40375441
40388352
60749320
40324889
34576154
40672813
40245929
40488918
40366370
40423173
25440006
40400094
40493864
40390388
40362705
40354605
40399116
38902146
40569313
40283921
40605256
40348138
40332085
38613419
40553550
40226896
40502896
40415411
25632658
40557654
40499016
40525009
40512627
40388613
29902236
36890318
36647634
36702404
36762867
28329410
40434009
40434138
40330751
40508307
28026407
40542705
40529576
40345602
40480625
31249613
40486430
40301703
40283032
21860574
40463269
40468820
40337836
40534872
40433493
29939311
41020545
40360323
40367920
40409811
40450498
40413550
37437271
40563304
40266899
40381678
40310785
40365601
30226555
40591807
40241345
40392146
40449076
40399096
29562185
40622547
40307780
40324301
40447079
40381060
36508913
40721442
40421160
40605142
40382822
26833229
40500382
40453544
40296965
40453632
40420009
39818929
40561498
40471200
40511480
40345829
38352794
42477361
40263856
40446249
22816131
40514660
40559227
40258276
40568620
28732789
40521660
40617578
40244396
22269414
40680569
40485460
40327956
40604358
34433829
40744167
40183414
40491953
33550931
40555686
40258229
40450922
36331197
40559885
40249452
23700990
40530752
40389583
40298242
30083861
40556033
40274141
40364685
26113843
40516690
40464525
40396882
40422069
23591314
38796586
31293806
40272994
40532300
40463505
40437742
39745358
30757457
39139367
40585582
40407787
40377514
40420603
30014440
35191068
30050642
34675622
40438633
40390512
40411493
29135091
35770223
30083027
34145246
133859344
40452476
40477883
33009474
33766488
30072183
30077616
36076025
40440320
25861182
37408145
30132591
30064571
32345046
165291919
23401842
38973801
30082863
30073469
30104311
30582077
25862631
37815593
30115693
30158604
30792288
31816112
30646233
34977077
30048996
30069064
30234808
24962439
37881089
30104367
30064282
30180979
22018414
39831398
30118491
30081085
30159631
24791812
38648683
30113944
30059585
30228598
30183006
25096616
37795155
30125654
30123987
30186297
30175820
28282668
24082601
38575910
30078084
30082715
30168413
30140091
30132666
27763585
36631318
30106466
30107331
30202025
30169975
30105277
34689970
30490355
30055121
30123942
30137335
30142468
32976766
33718018
30050706
30093748
30150909
30755323
31912001
30497222
30072399
30123031
30139864
24920296
37942762
30113893
30417568
30154067
30161720
34175637
33132825
30054231
30132981
30131291
31360239
34519140
30102213
30128570
30691973
32738133
33909797
30026549
30122715
30126205
39781305
30534339
30062802
30141253
29091612
110406933
30724621
30066800
21951945
30088004
30117375
30073862
30095360
29877096
49238555
30062577
21587303
30094569
30076039
30067764
30129185
23187111
30089827
30076102
30038573
30166389
30140292
24728463
30158735
30023139
30082373
30130102
30107998
30114236
25996414
30088031
30076591
30144351
30109893
30193988
30117326
32748070
24099406
30096063
30058408
30138760
30110082
30118422
30121022
30518596
25172096
30155520
30067607
30058833
30135094
40065660
30154724
21909692
30026976
30115293
30113177
30132522
30121418
30090433
30123178
29171601
30175840
30032329
30133506
30148709
30131218
22607887
30086648
30078874
30111282
30124093
30148993
30137115
24788955
30158103
32090345
30114235
30082126
30157211
23648120
30084244
30065100
30074200
30126731
30104498
23645140
30095919
30083942
30170479
30112685
30180865
25771563
30085161
30089669
30133911
30152311
22718995
30132222
30075453
30094482
30168725
21504103
30097706
30133673
30120733
30191497
23665400
30141104
30088954
30074160
30173439
30144209
19480710
41120066
40325787
40409584
40338156
40344189
40203803
40286002
35852901
40325089
40378116
40296559
40373806
40243262
18508447
40332635
40521829
40417267
40294285
40224094
40290749
27542210
40337857
40367167
40237885
40298904
40311909
40341882
39130786
30276441
40485130
40513355
40304484
40490938
40354489
40194596
21688896
40489787
40390729
40341892
40337642
40332187
40268986
40264465
39800212
40553563
40181054
40092323
40038964
40021547
22320948
40253177
40173903
40169029
40097563
40053238
40507794
28059249
36538443
36654824
36405173
40176090
40114405
26290462
40702660
40130923
40166649
40079625
40179158
26967139
40114901
40054287
40054539
40101694
40205136
32620551
40159545
40124396
40127022
40130301
24734350
40120075
40166610
40021813
40100944
40043500
54125597
33129965
40048238
40110569
39956889
40106562
40056544
39937256
22841915
40147982
40101623
40229327
40015073
40018688
39995570
37934635
29626781
40117756
40080265
40051499
40134437
40004987
39997887
25543365
40074708
40094665
40090416
39940941
39971839
39970058
26829826
40064245
40102694
39964278
40003605
40043925
39941641
34163450
39991156
40069121
40090334
40122007
40367694
28190213
39995214
40121089
40046850
40143775
40090243
27570254
40086396
40094351
40067236
40026896
40052274
32000082
40106591
40110751
40007302
40125240
23055362
40015605
39997716
40090781
40070196
40041919
38519691
40319866
40097057
39960793
40074412
37201716
40176876
40047936
40132567
20322457
40235734
40206592
40292907
42158202
27304272
40137699
40255125
40114847
40164053
40781869
37902701
40324669
40162773
40195709
40207219
30341062
40246658
40228696
40204980
41237406
40111497
21341810
32887510
40170126
40184492
40116208
40113701
40036878
37660364
24891558
30278460
35644511
40115465
40224671
40210809
39940499
22116773
31777252
30303862
33321578
40042016
40178688
40104747
22670659
30343598
30402834
33668363
74464103
40184590
40090869
26172948
30258573
30287888
30267144
36513501
40177836
22946904
30236660
30265573
30281955
30147290
33556551
22304922
30263122
30314007
30232648
30248887
30145147
24287945
30234893
30257291
30252093
30239731
20734388
30294706
30240483
30275973
30218788
30170004
26266558
30186113
30258311
30347789
30192376
25685731
30245102
30280909
30213371
30405619
27435033
30262604
30279708
30221245
21224094
30247613
30249058
30241971
30223828
26241622
30232406
30296175
30215022
23728847
30145991
30294493
30226100
30227531
23178119
30183518
30238637
30207439
30228693
30111216
21614952
30234909
30232267
30202127
30217287
30222373
30131613
19884469
30266033
30275948
30270017
30231140
30194175
30211235
30242989
26267202
30212634
30245392
30226846
30174084
30200556
30197089
27162688
30281189
30309418
30233349
30219140
37111229
20666165
30200459
30291157
30257424
30148231
30192473
45151442
28240987
30226933
30265593
30196137
30190130
30201162
26852486
30252768
30313495
30253916
30204053
19017425
30198162
30269715
30279060
30190646
30215690
30214550
19859846
30193353
30204029
30218286
30109528
30175093
30147722
30162451
30171926
26771635
30117771
30272023
30157729
30175120
30172455
30181639
30208160
23695440
30195633
30241446
30202858
30128204
30151389
30141521
30135178
24672574
30203148
30200611
30177408
30125584
30136303
30145519
19457044
30202316
30216833
30287398
30115433
30097512
30092526
30179400
27611602
28345793
28400854
30429600
30131669
30122989
30144311
30034849
33136189
30193871
30171530
30169338
30147122
22502604
30215959
30216292
30218696
30145906
30181225
19710337
28423548
28394625
30180791
30114797
30133437
19542993
30194731
30165097
30222142
30092148
38078882
30158648
30181040
29009240
30234838
30287816
30125951
30150047
30143233
18986976
31094197
30222226
30283256
30231005
30183155
30160361
23142662
30234725
30239010
30212120
30383700
30150005
20687484
30190130
30229303
30252864
30206193
30146620
20717459
30187373
30247600
30227713
30219407
30224382
23286077
30160913
30250363
30183595
30132340
30188731
30140077
24325587
28431759
28447703
30219275
30213797
30198478
18530864
30209818
30206907
30256657
30204124
30128108
30195320
30187458
20450121
30169877
30251076
30200635
30185551
30175358
30148537
30214767
24693761
30200442
30253527
28410954
30193277
30117852
30150433
22932982
30195459
30260942
30221553
30201707
30194555
30411671
24287648
30181702
30256240
30229240
30137709
30159253
18899704
30238824
30247222
30285788
30197011
30173002
30165245
26324591
30204753
30264162
30218240
28360952
28370668
26540745
30193779
30287813
30224458
30201256
20129671
30334962
30872595
30288244
30172524
30184491
25337576
30235660
30237185
30210897
30134531
23482874
30214146
30234971
30276820
30162857
23533170
30216618
30274758
30193542
30130977
30113436
23869880
30221895
30238740
30235153
30172999
30117567
30181668
22245200
30195661
30250505
30207633
30198564
30177983
30195080
30168055
22396625
30179929
30252762
30266782
30787977
30185846
30161523
30207526
26841286
30174071
30204976
30209582
30149373
30155447
30217473
24800278
30185615
30182647
30228722
30163387
30141040
30128611
26382351
30207750
30316578
30201497
30176947
30124120
21406742
30211216
30199589
30251788
30192609
30197559
30235225
30005525
30188213
30219376
30175553
30152495
19043596
30226709
30242706
30229791
30166207
30169427
21436445
30796806
30172098
30253055
30142356
30178151
26909231
30170313
30241666
30155213
30206924
23394086
28386061
30257365
30234902
30185755
24631431
30134586
30223597
30179119
30149504
26898366
30247846
30279122
30187064
21640107
30185709
30200860
30175517
30176080
28080450
30201895
30271022
30167953
25411725
30204108
30250813
30201148
25503658
30149008
30228271
30146012
26868424
30189267
30216706
20638796
30226701
28413634
28472278
24543169
30173221
30316982
21229846
30214246
30208029
30386482
20287768
30209342
30512867
30243970
30222704
22318283
30193722
30212566
30334260
30299677
30131173
23180316
30271662
30310699
30325368
30237604
30278282
30304024
29761335
30293962
30372702
30242818
30280727
30266698
26567159
30296424
30321256
30239304
30254093
30212071
29226305
30299926
30317294
30264369
30288757
21724365
30268169
30331853
30312173
30285451
30235244
29242425
32295754
30281298
30255162
30301486
26384329
30279637
30400871
30285611
30267360
27924812
30276343
30316602
30272769
20436806
30390682
43953071
30394390
30329191
25099601
30407057
28614881
28514890
21247927
28530150
28553274
28548559
30332004
20529729
30336311
30332826
30333702
30304273
30309775
30353573
29859502
30353957
30404341
30346644
30304320
30302118
25312567
30273035
30340089
30281220
30274758
30490100
25316275
30374818
30405712
30365559
30352115
30360091
29502251
30410648
30409145
30326550
30361037
23164766
30393533
30370048
30433700
30321332
20634225
30465523
30447933
30480146
30413115
20656391
30376271
30638877
30418928
30595558
22569449
30384353
30412321
30335855
30341640
26617253
30344759
30399535
30362969
22854060
30356949
30400491
30412676
20655421
30283064
30371784
30385286
30318398
20511890
30329006
30361855
30325657
30286677
30288801
19625064
30411296
30301922
30332711
30266726
30298968
30333420
21381019
30335682
30388275
30343329
30323984
30256446
30316940
30282413
30301703
30347484
30407829
30240288
30334586
30315541
19021933
30418477
30320766
30343939
30326608
30310691
30287920
30297682
29511889
30326755
30432402
30359887
32312465
30325548
20383555
30338222
30335940
30328946
30281228
30345617
30308882
25186702
30304373
30365635
30291618
30267315
30266565
23312881
30332320
30408927
30370230
30253120
30327466
23961876
30328922
30379842
30316916
30349711
30268449
28781789
30386733
30399886
30316650
30279646
23589329
30296828
30372355
30307293
30260258
21778349
30331167
30360130
30420057
30324268
22356743
30313804
30337218
30328830
30285773
24928694
30345744
30412406
30345177
19740204
30608413
30366719
30354046
30308186
30297744
25424532
30391108
30387102
30283557
30360462
30927813
22683440
30263484
30352020
30276044
30232822
30263264
19870012
30345654
30319299
30350555
30260249
30249669
30307707
30285395
24398913
30220171
30275251
30344958
30305486
30246558
30495048
22564342
30273944
30332122
30342605
30311020
30217264
30458720
23795321
30283090
30360935
30245431
30194924
30244358
18072749
30938490
30287280
29906240
30293084
30278857
30266371
25837040
30296480
30372270
30200962
30242817
30274618
26010586
30264725
30294165
30269173
30291604
18700369
30297633
30273786
30352339
30245096
30162353
23956904
30240598
30285220
30310504
30270391
22018175
30226209
30291120
30261695
30315846
30276582
19096624
30401025
30380493
30401669
30421628
30369033
30340583
20417434
30336904
30346822
30358446
30371540
30300829
30276722
21292381
30406136
30359253
30391451
30342744
30260423
30353712
30315724
30310442
30104926
30348680
30392366
28558203
29910788
30290599
30372143
30322287
25412713
30330226
30375834
30350151
30323468
30318393
30298758
30322649
30242764
30315051
25976124
30310919
30439757
30368224
30305706
30297940
30346599
30345646
30309453
30311822
26562742
30362519
30462324
30336459
30264747
30337204
30332079
30367576
30327598
21702652
30378779
30382964
30336342
30335355
30364675
30312366
30324866
30345933
21502951
30404464
30377930
30426439
30309942
30975217
30382735
30311184
30352498
24952730
30310486
30489897
30370482
30338947
30386853
30356213
30334281
22618904
30379851
30432040
30371139
30293310
30336189
30325393
30349497
23869459
30363636
30465939
30374959
30277220
30294164
30378293
18983154
30406228
30375388
30393921
30398560
30395738
30355302
30357509
28534625
30366993
30433094
30339531
30352044
30358837
19078558
30392988
30382050
30401868
30361582
30327906
30329386
23702077
30363844
30454166
30376936
30322616
30339519
21465421
30343471
30403324
30333348
30377533
30316944
21862316
30364241
31052933
30375633
30362904
30333500
24686859
30334575
30411642
30356935
30316011
20649205
30324778
31271355
30422396
30326237
30358951
30365669
24951270
30293673
30429793
30375008
30330871
30318420
22572747
30355861
30437420
30352791
30375835
30321484
22941891
30333580
30414800
30370614
30276093
30332861
25955704
30367113
30378293
30383884
30329920
21556527
30389618
30361501
30371772
30374012
19308551
30384768
30401924
30412184
30321842
20557881
30382153
30356673
30412579
30341018
30286520
19778548
30467573
30355081
30445482
30333444
30311426
30345910
30337315
29103400
30347435
30392597
30306373
30273358
30299346
19166460
30402693
30386351
30438191
30363709
30373101
30367097
30375462
30337155
26953049
30316591
30442827
30320717
30330993
30306322
30327073
30281795
30146900
30321263
30408508
30353664
31047024
30229073
30292217
23314757
30318398
30365058
30354070
30625940
30203635
30285899
21936851
30310927
30425511
30309233
30264791
30333595
30339339
23449973
30376670
30443897
30380522
30318946
30325653
30370146
29962940
30377238
30421201
30380751
30302663
30360228
25916712
30315824
30443687
30388159
30383547
30313891
26320051
30347477
30409375
30311875
30382018
19564015
30407193
30410438
30395699
30357340
30366337
24796328
30353348
30460076
30411169
30380602
30376541
19703708
30420602
30350193
30401631
30319400
30340219
30374104
30366098
21392276
30345481
30401918
30406887
30371061
30375691
30367573
30283120
30342220
30391316
27762810
30396060
30422938
30341237
30312449
30360913
30340046
30338375
30354129
28618580
30393990
30398604
30330422
30306424
30401142
30385004
30330253
22034160
30372106
30406475
30370393
30333444
30385349
30953917
30344886
20459514
30417804
30385429
30397975
30333862
30347935
30307540
30356816
22368531
30384588
30352471
30347964
30328564
30355879
30293448
30351732
29461113
30514524
30401236
30308368
30376435
30413244
30294222
26901620
37245520
30376882
30322498
30352547
30348524
18952119
30442349
30363540
30425508
30381556
30317629
30336542
24278473
30378782
30417357
30367384
30322402
30293055
30359422
30342250
25114685
30369727
30418244
30351331
30322660
30329981
30348660
22274673
30372920
30338742
30393926
30330250
30303315
30360651
21449276
30415215
30439230
30424775
30330729
30285592
30362982
30379533
30317374
26425426
30404199
30387184
30330602
30367458
30339685
30377535
30480293
21214197
30375633
30377423
30372649
30295669
30362217
30327793
30390040
30328568
29560917
30336155
30377651
30380679
30364633
30361241
30378940
19943266
30390820
30394748
30431333
30305883
30307451
30329683
30341335
24335614
30344166
30374758
30347955
30324382
30259844
30256991
23462226
30272095
30340901
30358065
30287440
30328786
34789272
24749128
30340640
30373935
30374147
30288719
30335702
19994906
30447533
30390213
30445568
30357017
30457913
30329628
27584566
30313937
30474889
30337137
30316469
30340982
28825723
30372097
30412944
30361440
30349748
21179172
30352613
30352330
30399058
30368456
30352140
26179088
30346804
30442016
30367427
30333967
24260039
30385998
32420503
30380655
30366286
24641988
30381235
31049475
30400697
30364908
26926524
30375489
30394345
30354764
30350102
19877919
28545486
30359262
30391845
30321322
30345258
30342542
21497107
30329580
30402893
30355541
30346810
30288800
30323751
25771330
30379066
30404326
30358867
30313220
30340488
23740379
30348496
30417659
30423570
30329720
30301300
23401386
30354415
30404548
30338168
30348000
30301375
26194556
30353322
30425496
30364671
30340342
21690771
30349497
30394466
30468102
30345688
19535364
30358955
30398509
30429541
32433563
19562697
30403960
30379615
30393407
30341146
22440925
30303104
28532367
30392662
30272009
25832174
30329329
30362702
30327740
22121995
30339671
30357046
30332069
20315133
30407478
30388363
30292578
20215928
30314290
30327037
30557048
30331642
21839911
30399990
30354435
30285867
30445688
30289990
23763908
30217322
30286169
30229634
30175343
30193887
30200011
25977669
30227490
30259904
30239905
30233735
30169450
30238374
29663247
30194235
30229675
30129091
30169655
30203735
30168590
30183059
26500673
30221042
30244064
28445743
30164038
30152621
30179871
30171177
24962866
30219628
30276084
30229869
30213120
30228861
30211022
30206412
30151827
30157946
27975110
30208636
30231256
30213644
30211331
30221824
30254360
30985417
30225955
23755668
30123089
30255644
30139160
30186731
30182169
30189001
30186629
30183275
24916041
30244705
30251940
30190318
30165627
30197904
30155420
30156720
20263330
30269007
30239219
30266962
30208451
30160859
30205234
30197847
30170355
30233143
24547206
30194113
30299722
30235448
30213619
30174094
30187855
30203958
30165453
23414557
30204615
30302206
30226443
30185304
30191562
30186788
30155573
30170975
26581564
30215484
30271126
30232589
30150641
30171737
30173864
30192244
23467386
30189226
30287511
30233732
30822859
30181922
30200711
30175283
24444738
30195602
30286959
30290389
30204666
30177980
30191977
19085297
30241851
30244106
30265140
30216366
30232355
30188162
30224949
27157437
30162693
30296593
30205106
30198371
30179153
31043495
29796662
30276045
30230473
30252538
30183371
30165826
22561646
30190954
30223582
30212611
30161294
30102949
19409789
30209342
30178297
30181564
30140431
30132775
19513350
30173029
30168551
30260289
30172741
30147999
22441144
30159198
30174842
30173244
30111760
30138002
28453704
30204940
30252497
30185226
30142711
24941997
30228624
30242882
30182969
30184039
24743543
30138366
30212684
30122238
30162162
26986972
30277620
30178169
30169984
21066019
30184995
30191253
30443175
30148002
27295532
30242282
30364904
30258394
24845110
30300831
30348952
30336764
30295098
24254541
30313780
30365100
30305444
30259937
30230753
23614228
30289722
30336864
30312994
30240905
30239344
30207917
21157807
30320239
30332600
30348862
30262195
30218275
30264765
21641477
30257222
30325826
30286112
30278300
30285226
30231695
25231592
30290030
30368122
30288701
30208013
30265137
21906083
30346068
30414917
30373871
30354147
30295671
21417062
30369496
30394282
30428570
30360148
30290151
23532509
30377515
30394749
30372611
30399116
30362233
29743567
30190024
30324886
30209701
30202227
25082616
30226564
30278926
30239768
30227553
30246323
21809134
33708403
30416707
30338601
30338107
30288533
30369636
30318313
25565322
30345895
30439439
30416626
30332286
30367598
30346650
22876389
30332869
30381202
30340175
30311984
30340928
30361395
23270893
30340024
30418838
30356273
30311020
30331531
30364218
30369895
26359626
30359729
30484993
30358809
30351730
30342093
30338428
22792124
30334009
30411317
31792692
30366408
30333951
30335333
22739098
30373468
30407957
30370081
30269335
30308878
30313580
25516020
30434566
31096921
30344941
30363414
30275873
21658798
30404386
30444248
30396802
30317390
30320433
20309179
30399519
30376206
31262083
30341868
30363364
30361846
30326830
26784635
30349862
30423882
30389587
30320717
30314228
30378299
26607045
30378329
30461642
30374356
30374344
30310609
19746994
30382696
30327388
30412098
30331420
30308738
30322008
25710165
30329258
30459297
30339398
30606037
30313651
30366411
18808286
30391188
30370841
30425130
30336918
30339458
30378562
30347971
20986643
30345423
30412764
30378333
30358649
30357219
30499115
30380277
23860999
30353066
30397591
30389526
30364424
30323897
30327489
21295698
30455829
30446111
30525673
30406116
30430038
30394662
30436591
29405402
30490317
28666696
28536552
30436191
30441613
21457045
30422877
30457973
30441108
30457524
30438708
30427853
25663270
30420093
30505435
30488753
30448702
30424979
24680409
30421529
30533125
30420011
30422002
30403470
24894970
30449137
30520531
30471047
30460947
30413573
29916878
30462093
30500087
30406000
30409536
24436056
30447344
30552488
30452104
30429260
23939890
30431281
30468611
30438526
30389568
24236476
30452266
30459657
30438286
30427516
26616893
30363420
31090736
30501671
22495311
30374956
30527960
30447113
30412361
28666760
30448593
30494446
30492789
26745275
30434395
30500008
30438094
26945251
30448626
30508268
30398824
30105807
31763735
30479699
23400772
30421420
30432176
30485578
27310979
30452400
30524256
24912287
30442868
30513933
23907630
30451344
30754790
30442951
23987939
30406168
30449928
30457362
30416278
26978995
32821016
30522667
30423235
30432370
21525387
30409240
30460323
30484168
30433119
30406147
30450328
24837852
30447626
30462659
30441455
30405684
30403450
30405984
30405031
26050382
30453491
49788980
30458654
30444442
30426362
30393511
21367046
30457865
30477101
30495755
30426631
30363226
30451302
20652438
30468024
30503735
30476642
30468299
30410239
30400213
22660129
30459175
30464150
30441130
30451159
30414742
30446209
26196832
28608714
29431812
30461506
30421762
30429333
25410111
30432353
30497990
30445030
30462102
30436500
26010875
30410735
30438575
30397455
29675720
19166360
30456270
30458793
30463189
30463602
30454375
25134932
30450122
30513107
30441786
30401984
23651959
30415047
30469473
30454538
30421071
23349971
30445460
30517444
30484300
30436924
26288269
30441188
30472009
30449737
20787248
30463191
30438664
30478268
30435497
28294832
30551917
30482153
30431215
25811507
30448945
30494712
30430869
25926265
30457221
30469260
30409707
29100977
30442827
30530887
21314805
30454709
30474422
30433287
25990753
30479040
30577221
22381664
30441727
30451465
30457207
22086198
30434382
30475128
30483958
30399962
23392986
30722675
30478387
30459449
30421124
30388318
25278299
30435904
30496904
30427500
30419902
30401672
20464506
30433354
30452395
30435624
30435933
30431209
30408566
20592536
30478089
30470878
30479908
30417815
30402709
30384063
20672781
30457922
30469235
30415252
30380437
30413695
30394677
30416997
30438971
27106401
30444411
30486945
30534789
30390163
30349695
30439954
28617561
26125418
30271931
30491975
30391098
30432011
30438986
30447646
21078677
30433275
30490309
32501411
30431291
30384485
30483484
30373895
29953331
30461640
30499984
30416617
30410757
30385417
18465890
30427624
30421828
30476342
30364023
30398629
30413313
22357262
30636731
30471124
30440072
30423999
30435682
18747818
30465480
30464621
30466113
30460031
30446577
30428136
30447061
30429411
30505957
30448416
30467879
20468283
30155490
30195943
30235087
30140446
30212166
23870986
29971400
30194520
30163522
30166379
22287852
30177900
30179556
30152091
30075617
21775365
30157898
30202528
30181553
30159858
23233933
30116886
30248606
30179644
30148242
27775546
30221809
30255316
30168740
22851694
30222271
45013082
30245206
20585183
30206475
30233669
30223522
30129442
19679117
30214524
30183197
30192935
30178095
30269685
30195602
30107961
30200648
30246344
30195040
30147389
30173557
30200909
27388818
30191958
30267619
30149070
30218696
28328632
30003033
25794173
30242944
30268884
30160146
30188510
30184197
30209194
28996951
30198365
30238502
30208284
30176602
30166607
28075729
40322043
40210124
40266512
40358677
40314494
40311213
39682649
31104486
40353953
40237774
40305996
40485378
40448812
40414010
24620184
40324173
40346417
40267799
40393989
40330796
40292058
22728618
40426615
40414860
40220485
40522100
40424836
40337429
27049795
40345303
40234413
40260314
40415478
40402969
40399670
34131473
40392574
40222441
40314652
40308820
40311754
30636651
40359759
40390121
40963895
40381938
40344299
32356659
40391169
40282275
40424120
40375943
21489920
40422816
40360671
40199934
40348378
40360294
40311451
25145149
40394125
40250438
40264634
40473431
40389989
40342986
33296347
40874036
36633941
40368127
40410334
40396002
28581934
40423165
40216240
40355062
40529265
40300832
31190508
40384825
40240681
40442774
40411078
40378830
39372972
40321710
40188036
40476133
40286667
26725455
36709452
36673891
36871730
37025974
26009186
40371953
40248205
40267023
40379678
26790206
40289760
40365167
40351635
40425880
32519645
40398640
40296905
40394544
40434549
20780492
40386851
40482047
40261367
40508716
40383073
40326683
24758947
40380650
40338738
40257222
40430527
40936266
40349035
36206476
39088961
40538902
40309642
40398820
40407541
40425593
38020559
32062986
33752707
40429386
40319736
40388876
40390797
40350602
40415090
32195872
39390972
40498976
40255694
40380736
40355511
40471653
38023489
28058858
40459036
40266328
40208823
40434991
40384202
40409303
25886429
40383933
40258401
40325356
40333867
41085278
40411349
27852284
36791854
36749716
36711123
36960973
36732976
20745314
36802166
36759502
36677176
36799974
40405232
40363959
36720814
25028945
40284194
40337996
40259665
40404118
40405736
40391029
36164539
36423632
40354355
40361738
40427336
40466187
40368642
38763084
51320257
36777611
36653409
36817287
37028971
36776974
18360643
40260025
40326420
40148184
40321756
40265381
40194411
28418725
40311316
40168773
40181930
40332293
40261922
25388467
40223611
40179122
40160214
40991521
40330225
27736479
40255636
40241828
40173534
40329638
40349998
33600237
40256625
40145340
40236948
40298191
27047202
40338972
40142801
40230549
40297567
24607976
40322707
40221400
40174243
40362238
24466370
40383622
40212117
40206709
40334350
29471514
40311634
40173185
40262402
40343065
40285065
36675867
40306395
40203739
36674688
36675565
27434788
40323205
40200209
36023513
33999442
24331001
40301090
40716503
37340373
32489603
25161078
40249632
40294770
37047888
32820265
29124990
40385594
40242545
35094439
19841436
38743305
37689638
36636413
30344997
30219284
30414293
40309634
40270829
35074535
30262101
34740319
20827650
36939870
36684370
36559467
30274040
30185501
39783885
28380035
40340325
40193458
36066654
30249607
30190684
33611269
35261530
40339049
40246831
32879418
30275472
30472873
29797249
40316172
40126202
35355567
30198226
30277732
34909196
33146433
39872145
40340342
40160200
30971084
30292953
30178811
30236546
33828717
40305963
40184791
33512427
30215944
30237400
30196031
36217376
40226229
40157615
32717076
30213833
30193833
25518780
40418796
40196638
37346766
30240911
30206433
30241640
30170535
30202744
30253722
39672408
40250074
40118658
29996400
30258987
30284717
39455883
40246336
21139498
30216347
30282158
32328651
40394977
40307078
40381920
22086275
30095614
30224593
33193369
40281893
40281860
40348727
19654777
30336053
30213864
30694220
40297675
40308754
40262872
40492133
30349022
26571864
30140135
30411497
37010147
40298983
40328233
40382514
33480401
29422145
30216389
30211780
38797266
40455902
36737609
36650940
22696413
30153208
30234524
33728183
40496492
40334391
40329691
21127689
30190518
30196955
32350385
40363785
40303602
40249521
22319069
30164485
30252844
33444545
40283751
40234627
40317202
26970097
30251982
30196079
37209556
40340507
40292621
24123668
30237653
30271375
34975632
40252374
40205874
24537008
30153173
42442597
35211227
40352545
40288801
28650862
30182684
30204071
37986355
40373716
22971111
30147500
30212349
33923380
40494055
21010503
30162472
30165544
32139808
40293212
20853407
30176521
30187666
32256935
40369360
40355468
21010079
30219997
30194942
32328669
40361878
40344109
40445923
19328877
30242008
30228843
30435693
40469512
40494916
40506907
40359547
25469919
30182216
30262751
36094478
40474311
42746439
40448491
25289626
30352479
30282449
35978783
40490289
40387945
40338956
30234167
30313846
30398690
39754529
40349032
67006174
24297652
30236570
30304791
35093005
40256680
40409135
24470923
30298926
30304993
34236500
40272774
40240436
24755048
30264456
30311504
35416082
40258374
21426365
30274588
30258600
30463575
40351155
40359151
26248447
30261206
30317699
36146072
42373126
40263789
23152549
30222715
30310396
32809746
40214272
40252327
40226943
23671263
30249639
30328042
34588461
40204913
40308363
19491357
30385733
30295482
30655988
40255428
40386014
40313376
40302596
23025264
30384695
30402286
33876553
40353616
40151710
36514975
20328149
30341508
30387977
31584692
40269729
40213546
40182427
38751581
23071355
30366725
30458493
34037659
40318576
40152951
40101543
36279663
30419664
25637787
30470284
30557364
35983474
39990698
39998265
40034967
34290360
30485890
29956085
30464738
30437463
38880281
40090390
40006159
39995727
31692110
44527133
28579331
28623451
35288999
40023379
39941246
40062200
34935494
24994542
30323089
30412405
35478161
39975707
40046905
40058420
19232052
30409026
36838710
30597415
40083816
40043663
40063796
40074285
26541539
30239024
30352026
36774801
40087118
40010438
40190685
28019454
30338326
30444333
42999907
40073885
40038243
21376682
30227621
30229315
32509567
40719362
40165712
40235801
29563378
30283780
30256300
38755517
40343503
40201198
28830986
30191726
30274075
30146367
37729066
20153519
30204398
30189515
30219798
31713124
40233607
24582996
30225780
30307346
30213860
35144425
24802863
28347245
28381079
28393261
29170907
34585502
18629480
30462912
30221682
30229736
30202197
31965079
39812938
40206191
22709448
30258491
30320647
30288613
30157295
31784487
33375969
36452494
30242135
22114318
30211575
30255544
30261280
30157782
31830168
32574292
37323239
30217200
30247082
26094965
30238040
30227999
30186773
31042643
31656899
30304059
30239755
30253984
21106945
30228280
30268733
30257601
30143437
31732606
30146507
30252095
30177667
30202936
30519007
30131835
26366918
30212675
30613140
30204275
31128103
31502315
30218106
30284091
30206259
37211908
30235871
28248573
30195990
30280071
30178066
31486888
31245515
30206204
30236052
30208022
30647134
23324954
30209556
30311050
30251241
30194655
32018290
30152285
30211820
30210662
30163831
24206470
30168462
30287677
30218605
30215968
32348192
30220940
30202262
30197953
19861870
30234952
30220811
30248281
30185057
31890746
30183511
30221906
30177622
19592356
30225971
30244673
30263287
30223806
31871717
30133338
30246496
30141748
23732970
30255459
30269921
30216353
30213268
32119997
30233780
30236751
21586326
30162958
30233209
30239702
30151677
31788458
30187524
30210815
23303367
30215964
30265820
30211687
30188374
32006078
30841592
19453944
30191989
30174413
30277284
30224011
31968287
30384806
30155936
28183375
30231831
30263228
30214195
31492419
31210695
20917638
30255493
30209638
30223404
30182749
29821839
29986748
23935369
28421841
28453470
28383552
28386461
30058742
23504023
30201071
30238984
30201907
30137197
31851496
30189924
30118873
28523743
30154962
30190381
30108240
31412244
31142459
30102308
26309311
30219380
30225249
30163390
31075537
31622318
30179153
29972870
30219193
30202006
30165160
31686192
30523550
24306508
30151317
30231012
30148537
30161987
31917788
22285098
30210155
30193977
30219766
30173060
31802467
23239806
30179255
30176578
29271505
30103043
31812299
25317205
30140056
30230177
31220301
30525908
22529458
30218752
30262580
30203727
30210932
21785051
30272589
30225431
30253821
30197679
31948057
30143266
28232672
30196577
30263669
30194382
31429595
31282846
30165408
22611984
30156586
30235467
30207729
30143102
31791632
30121231
22420089
30187815
30243331
30207120
30193986
39987832
30168635
23619911
30443253
30234975
30181291
30184620
32032182
19118915
30270650
30257677
30302186
30282660
29750816
28602595
26628108
30308363
30331606
30335644
31207306
31633770
27829412
30314484
30383728
30379821
31470553
21213352
30330174
30375101
30387850
30342262
31818004
26462138
30259444
30329413
30306316
31149428
24654194
30348195
30431187
30348494
30284686
25204952
30341527
30418254
30348504
30413831
28760598
30229246
30255695
30198264
22925173
30239687
30227356
30247447
18965633
30257919
30219875
30234693
30171237
27832997
30289960
30414775
30496715
28149952
30362669
30361297
19581593
30410544
30315158
30394162
22842598
30381520
30383528
30310267
18438300
30417393
30310789
30363313
30337893
31955137
25999738
30549865
30357458
30370714
30895293
31898330
22950264
30325708
30368852
30324657
30328293
31862230
22371424
30297614
30350173
30376095
30303647
31929832
24275985
30380570
30437551
30397733
30296468
32440193
30242124
24949334
30320077
30353390
30321448
30429789
32309811
19453546
30366721
30427808
30373022
30331982
32047545
30398693
25785775
30331735
30357960
30352747
30662498
32110114
25218634
30321946
30358066
30369500
30507853
32317436
28259953
30338566
30618464
30317155
31511741
22708902
30300428
30351142
30312730
30271442
20489777
30242495
30212065
30184626
30178540
20612334
30234093
30237473
30281904
30194959
21366921
30213868
30239191
30208549
30175386
24522759
30475538
30252736
30160386
21248123
30466763
30506217
30244014
30203488
29068545
30210579
30220226
30126691
27657137
28376621
30255360
31478565
28130286
30183395
30229229
21067708
30183150
30295946
30189035
25499962
30210995
30257331
21686934
30290766
30232877
30194333
29749195
30229439
30267010
26662259
30160111
35570332
26555628
30202451
30217116
28390088
30222817
20426479
30208160
30188736
30200597
25960920
30208106
30260297
23658183
30179682
30306842
30217864
25212475
30172999
30228366
30173208
19903934
30215102
30191233
30254936
30148034
31986734
23608166
30200153
30218647
30210287
30136752
32067090
22633618
30185904
30173876
30180618
30178646
31732990
22467153
30306970
30358359
30341088
30269978
30192558
22570135
30285237
30319515
30271080
30266249
30276715
28137055
30327508
30305926
30300831
30213338
24516724
30214297
30330431
30322923
30258091
24027979
30263851
30405228
30267273
30230829
26027361
30253222
30348884
30316662
19751993
30169240
30202973
30281127
30160497
30157558
24345327
30184026
30227368
30162602
30148578
28371469
22026976
30147840
30195847
30212282
30095749
30125513
21394341
30200428
30208178
30278111
30130012
30188283
30159672
30174001
27833757
30165350
30243882
30232399
30163120
30171122
30203978
26569057
30189012
30242737
30247015
30150291
30189747
19288444
30224754
30240786
30294482
30164290
30155591
30239893
24679414
30314920
30315281
30257826
30236987
30263320
23047016
30291302
30353341
30318667
30275055
30336221
30285809
22326059
30296275
30345281
30312662
28442836
28472354
28461114
17499275
29928442
30355506
30392879
30335548
30328995
30331250
30302780
24646019
30353284
30394041
30389166
30354740
30297732
30328091
30356149
30320548
25936953
30386537
30382886
30350111
30330586
30382718
30343739
30338562
23471668
30300689
30378420
30307868
30222870
30289442
30278387
30182433
21609879
30267601
30280920
30320667
30242633
30285113
30222081
30282009
23646317
30275353
30387384
30297653
30252510
30268622
30281891
20025962
30276579
30293333
30324993
30275532
30263028
30214918
20171067
30347133
30286651
30270466
30255854
30178767
30266079
22943133
30301275
30293528
30349238
30234560
30223202
20089276
30284173
30260973
30344914
30290378
30252566
30289402
28587347
30323017
55782077
30251586
30261886
19762541
30296091
30314473
30376836
30282615
30276075
23444979
30239561
30357717
30333027
30269391
19587063
30361004
30237932
30310581
30285455
17961237
30307618
30303068
30317911
30350800
19409661
28480112
30117000
30339484
30230318
22859326
30268847
30383619
30330760
30288753
30243564
26740926
30232913
30305679
30258309
30257693
22994097
30297070
30277226
30307480
30268926
21632194
30311416
30344556
30314975
35616072
22705282
31080613
30309668
30281704
30268944
30195582
23471059
30293165
30330369
30302001
30329111
30452820
28304657
30294035
30329384
30829334
30187102
23328532
30337248
30334502
30264678
30245460
22061653
30307995
30327022
30261930
28429254
22690835
30295913
30317724
30266331
30268513
30256015
23512477
30317251
30316239
30270566
30238795
30172731
30259806
22911830
30268138
30354066
30314984
30278813
30290315
30239872
24851779
30231698
30319176
30249956
30225844
30244487
20342520
30317456
30295074
30341842
30279345
30232484
30217922
19915524
30342360
30286139
30354368
30247659
30198780
30165300
23412572
30198686
30290133
30269180
30199522
30169758
30240962
39352119
40163262
40150558
40207362
40335121
40237839
22294294
40217945
40116027
40020641
40195152
40272067
40068013
40098341
27036942
40161740
40032416
40086230
40114902
40215716
40162992
37269111
30165973
30326630
30394073
30293441
30312681
30381285
30371433
29927882
30341276
30346070
30268755
30346090
30291735
22546976
30566941
31189910
30417781
30333761
30328580
30396355
27616613
30372118
30402760
30293898
30381982
30311547
26420489
30372556
30386615
30332635
28511721
30330237
28593095
28542608
28585487
28563454
29920711
22912154
30346980
30376762
30313751
30298160
30362326
30337302
24935819
30323951
30428552
30385693
30316073
30339791
22198805
30380487
30371301
30388037
30295738
30317241
30313818
20829498
30402746
30410778
30467524
30377821
30363922
30375270
18926621
30411418
30339271
30429322
30264071
30328216
30330401
30360928
33209126
24319823
30364020
30414815
30357859
30343706
30353169
30325866
32199768
23527071
30302847
30312579
30271825
28500323
28469518
28491666
30109238
25258845
30331368
30343296
30270226
30258546
30283104
30336956
23093172
30308675
30359724
30292335
30276784
30283859
30278320
32345844
20875879
30323028
30373653
30357064
30278780
30285616
30303591
31804123
22975642
30203504
30324231
30249365
30163317
30236082
30176713
32561538
26332693
30025944
30293152
30268753
30188309
30201142
30214014
25577576
30256886
30297421
30185689
30253789
30138502
30239496
28106692
30213618
30315074
28691088
28364605
28420352
21138336
30236557
30203417
30206789
30164033
30236558
19515830
30267931
30503822
30263393
30208173
30225884
20821111
30187524
30228844
30535251
30135882
30129958
30106780
18096005
30219444
30225853
30204305
30107297
30128995
30086359
20916072
30152458
30172593
30238911
30190013
30133526
30184102
24894201
30101707
30226532
30125753
30091411
30136208
22556087
30162489
30209093
30145678
30138133
30156034
22988864
30213064
30201994
28347218
29969697
30106982
30136622
21634514
30194851
30210606
30200618
30136933
30188609
30154027
23286191
30130240
30237171
30250833
30124251
30105302
30114413
30010264
30202642
30201523
30100135
30151946
30173066
26660629
30236876
30257973
30219558
30190714
30181237
26896887
30252433
30402849
30309282
30232712
20771766
30305943
30386244
30419470
30330399
30310248
30358202
21800373
30383606
30407018
30346224
30318364
30316811
30311122
21600013
30389853
30374291
30422991
30288334
30328068
30354295
20270428
28476701
#end
