#729a2951|blade-2-m620|jdom@54ed0cc8b7e8deffd5e088305ca7723dc0bd963c:org.jdom2.Verifier#checkCharacterData(String)[generators@bcfe6d43107430b2604e2e34b9151742941652e0:cz.cuni.mff.spl.casestudy.generators.ParseFileGenerator('MQ==')]()
#date=Apr 28, 2015 10:23:52 PM
#warmup=1
#count=3892
#begin
23212626
48059022
27179077
32085314
30282751
28816494
35327310
40205425
25975941
35165613
40161945
35415588
30334445
30268562
25700674
35233452
40147101
35078108
30352246
30251813
25931533
35301343
36311227
35456530
30231306
30218441
31122443
30271017
30230011
30209557
30232196
30233033
25968464
35357701
31178019
30354086
30295325
30307217
30331409
30269069
30406971
30290686
30325131
30300587
26177717
35425661
31010433
30348386
30332335
30257137
30319677
28463103
28497829
30339302
30284771
23317604
32246982
35296632
32391609
30255587
30291224
30278302
30280144
31702872
30295941
30290823
23214068
30279487
30359736
30366866
30342711
30297830
30264965
30266397
30335645
31389528
30226909
29431661
30298077
30387329
30336573
31548770
30315267
30261991
32302144
30311264
21761730
30352258
30349126
30366182
30263497
30326637
31101455
30403696
30361444
30262028
25573444
30322488
30359422
30342388
30295266
28512996
28478810
30318580
30337942
25306985
30338671
30375889
30358778
30312776
30269105
30315162
30295051
30297653
30273391
30351066
30363424
30274126
30417761
30325400
30301566
30278895
27169151
30315011
30361924
30347438
30291726
30281353
30324053
30308154
30099727
30332655
30345178
30323059
30262058
30317586
30294974
24540196
30368947
44011320
30375295
28471270
28453488
28461999
23846711
30330046
30361024
30348573
30316313
30354368
30357781
24566570
30291639
28525830
28495674
30302429
30305346
19607243
30366465
30393525
30382028
30309704
30320478
30263305
28120400
30613032
30376813
30297182
30308048
30302160
29418929
30277717
30334631
30319793
30289546
21431627
30348836
30377467
30400062
30304825
30262798
27156304
30349648
30416697
30273497
30276938
25293087
30945237
30369842
30325093
30288645
25746896
30298047
30419099
30370278
30264108
30255671
22894229
30392151
30357466
30312622
30296385
30348849
30326659
30279766
30236642
28712636
30287583
30303557
30362502
30264215
30281949
30236204
30259420
28692094
30603122
30339733
30247891
30254829
30238637
30247795
22777597
30313122
30361990
30300618
30236397
30261470
30277484
30282773
30051841
30309316
45260670
30307751
30292320
30296771
20773367
30372803
30347701
30381377
30271080
30288322
30307231
23065593
30342829
30376807
30287742
28481512
30296253
18975487
30408551
30358477
30413569
30261427
56294307
30329700
29849767
28490298
28558705
30338302
30285513
20598605
30381489
30369640
30345146
30295399
30279989
25105725
30316726
30348981
30356462
30331117
22540282
30350911
30344798
30378131
30295651
21258687
30349182
30350139
30368786
30281775
30339567
19579569
30310143
30377619
30706829
30282921
30338544
30359311
30304826
23928671
30294825
30366440
30376376
30341248
30301806
30333013
30287034
30296338
22073012
30312733
30369649
30365324
30280651
30322713
30317542
30280379
30319808
23993017
30366511
30373708
30348775
30336080
30330112
30293382
30273802
22518005
30321369
30387595
30360195
32266614
30272669
30307239
30296393
21454303
30311833
30342109
30406575
30299449
30306982
30313284
30312276
25047043
30316231
30350138
30277076
30247772
30181131
30333635
21963711
30282223
30326673
30339535
30319075
30274847
30278169
22199524
30311697
30298011
30285244
30229151
30286173
30262029
26156091
30137498
30180049
30187351
30239453
31833765
23770897
28416943
30218868
30214651
30166219
30152242
23181428
30251888
30207473
30279937
30174731
30193115
24941899
30197062
31819855
30308629
30240219
30208098
29745154
30240613
30249072
30155915
30170993
25935594
30193771
30235879
30205615
30193930
25303567
31121472
30274855
30205007
30195563
26805724
30217719
30247149
30256498
21914036
30210323
30330604
30281113
30089085
24177643
28401056
28366087
28391247
24270316
30184122
30195090
30169453
22702335
30225184
30279936
30186191
23339517
30183102
30187187
30161302
25985029
30159637
30251605
21007265
30224861
30242108
30304178
30225818
28150714
30182982
30172125
30161414
30246013
25936738
30158745
30222961
30190985
30158393
30139660
23718068
30149982
30219802
30191360
30179551
30122969
30172084
19806770
30201473
30188900
30217680
30139821
30113619
30138280
30144631
30140146
21016481
30238997
30205827
30214577
30171800
30159082
30140397
30144170
30136406
25582891
30196747
30254031
28368944
28355187
28309618
30165331
30082437
23834697
30145491
30270411
30188532
30115611
30145673
30213760
30191238
26698499
30251740
30261265
30172958
30176459
30173699
30213053
23359035
30231959
30219502
30225973
30210844
30171698
30228033
22320713
30244142
31960392
30253375
30224288
30154831
30203611
25099357
30222515
30284786
30200260
30178758
30228891
21388381
30224246
30321169
30267365
30149680
30226306
19606153
30242289
30235707
30285283
30223826
30189564
23344766
30209262
30240059
30255715
30172869
30249920
23757767
30227271
30341471
30205355
30195102
20495199
30198222
30305433
30294980
30216126
18288647
30256446
30207352
30245606
30182442
30222293
30172242
27178115
36318892
30357713
30292822
30278852
30375755
30294802
23008668
30337964
30329946
30321284
30299938
30293600
30334324
30308186
30318582
23919830
43883565
30338168
30341273
30277231
30328819
30314415
30318060
30315291
30306585
30285241
28703787
30190691
30226382
30198838
30184200
30202649
30213658
30175755
30161593
30173089
25945340
30170820
30263033
30203928
30276044
30220220
30199631
30208705
30254613
18949269
30239957
30191941
30254528
30196426
30212795
30191224
30217014
30262298
30190116
26561949
30193665
30274753
30220924
30132173
30125814
30216505
30126191
17878996
30233451
30231604
30288633
30197294
30152387
30147513
30106021
30148714
24219092
30248533
30277699
30256026
30182548
30144797
30231130
30218136
22858600
30362485
30368287
30364806
30266378
30277417
30332338
30350158
28832758
30346890
30376822
30341725
30326237
30309611
30299695
24331161
30304495
30406175
30323180
30284216
30283795
30264035
24684107
30302658
30399038
30350871
30270727
30325348
30297855
29668893
30297793
30259242
30176860
28411127
30676818
24171581
30193764
30280820
30273335
30196743
30218639
23459812
32211761
30189865
30263689
30169277
30202611
25326316
30208804
30219406
30226913
30155246
19901871
28427562
28505696
29653982
30166729
30197757
26739458
30289944
30285225
30266816
30224305
25853857
30230768
30212780
30219036
30182286
28045645
30198175
30294358
30262842
20917147
30233931
30234209
30297257
30157544
26189396
30240924
30229962
30212535
30172588
22907046
30233215
30207046
30208511
30143698
30172598
18556022
30262216
30226386
30277848
30286589
30191539
30219829
30200853
21827698
30219781
30249268
30293044
30183102
30157249
30219864
30189384
30225419
20098695
30216680
30180529
30294754
30179236
30131060
30184075
30185823
30175259
30206873
26260894
30189169
30230775
30151602
30133402
30133714
30157671
30176932
30137915
28728641
30179489
30111356
30177626
30143301
30124995
30168131
30147793
22773491
30142496
30145312
30229266
30134898
30144846
30167136
30153388
22172029
30156466
30182082
30229020
30128542
30162976
30147165
30226293
24921536
30181938
30200636
30235807
30148187
30140496
30155302
21553663
30215408
33693542
30182341
30098049
30140206
30153377
21096119
30187561
30213538
30164574
30156962
30157782
30162842
23720146
30183461
30157691
30181122
30093833
30119471
19676735
30487512
30210516
30184777
30112499
30189639
18333760
30283693
30260784
30298687
30188845
30273480
30214036
30163927
24985641
30309060
30383047
30373251
30256324
30309962
30362327
30343611
18787975
30406606
30365245
30389064
30349381
30310815
30336221
30351230
30333017
21259114
30430378
30400306
28589308
28557160
28522964
30342168
30343157
30293779
22919211
30415712
30395146
30394773
30338835
30335590
30336465
30349504
18412527
30694513
30415933
30414189
30374653
30369977
30411355
30334387
30355856
30236849
30311989
30361010
30283555
30305094
30250469
30281495
21945438
30406307
30376551
30493856
30348171
30363366
30349313
18257685
29900872
30353515
30377733
30334495
30396489
30308746
19203670
30344795
30343198
30427584
30296429
28479956
28775156
22530113
30403316
30421090
30366317
30320222
30316053
18630657
30379158
30316782
30401569
30357926
30324125
30316613
29823411
30349666
30449242
30369216
30300107
20442415
30457749
30461675
30470068
30455189
30425500
24246472
30334640
30402624
30363344
30351194
21393604
30351730
30397093
30386433
30367620
20651638
30508637
30341504
30387022
30316196
21950056
30338907
30325517
30376488
30303605
30260238
23395528
30288204
30352989
30311785
30313612
30282702
30295849
23366361
30286455
30295675
30304951
30285313
30259650
30287098
30318369
19496278
30380095
30386960
30356547
30279410
30310109
30355084
30264184
30273120
30262380
25543019
30363102
30375091
30322151
30348092
30328142
30318995
30234109
30292222
21916305
30324057
30340100
30361102
30917501
30319283
30353877
30278899
30323551
22062158
30342393
30329979
30374601
30339894
30347144
30320051
30309769
30262242
26198469
30297422
30350122
30944251
30348427
30318873
30397486
30313073
24435688
30276265
30329195
30306657
30287802
30334594
30238624
30224544
26663182
30265691
30369793
30251098
30252686
30259139
30237031
22311329
30295478
30321277
30292804
30235714
30224050
30272875
21249769
30301880
30296011
30346733
30274111
30284568
30304998
23404266
30240265
30325089
30228204
30272744
30259022
30881950
30278676
21989563
30194135
30281473
30233702
30244222
30158338
30215826
30198111
30173687
30219889
24023579
30264493
30192911
30237724
30207435
30221922
30234640
30188710
30193135
21171694
30245156
30288321
30248511
30172731
30230228
30188658
30167762
30233133
22300867
30240985
30265173
30266404
30205966
30219262
30232531
30190320
30177567
28764309
30278542
30286960
30215596
30149426
30204691
30261871
30205800
26678753
30225161
30313660
30177716
30184071
30202622
30241118
19811792
30248526
30225109
30266363
30172111
30221691
30178886
30135835
25838298
30211562
30296496
30246229
30204722
30165542
30196428
25448313
30203497
30277799
30185606
30197773
30170091
30197060
30090372
30211664
30272457
30186101
30159466
30228610
23964565
30325466
30336784
30344077
30289384
30292229
22997384
30267422
30341431
30378455
30286673
30321768
24335975
30313096
30356591
30317978
30272855
30249850
30267606
23888753
30313287
30386508
30367523
30292922
30297918
30273656
27163276
30304890
30425069
30320944
30270364
30315911
22913564
30290707
30337949
30336226
30966793
30349137
30315141
30291687
25913221
30286379
30397619
30312319
30333726
30285568
30313533
22718044
30330351
30344722
30337658
30280185
30354775
30357846
22385097
30290886
30353469
30313415
30268853
30292480
30393180
25320822
30327097
30350595
30317344
30300875
30344769
21496850
30379464
30371251
30356942
30302202
30325122
20531359
30332802
30372700
30374884
30282342
30320500
23279455
30256810
30215244
30285098
30109809
30077989
30119816
21824684
30209911
30215886
30239382
30189644
30185307
30155576
25108883
30167807
30251455
30174145
30132313
30103225
21023401
30149024
30170042
30201451
30122101
30136862
20792009
41221042
30166639
30210906
30110525
30091769
21589194
30180042
30176160
30212368
30105707
30115848
25741064
30160594
30205493
30166120
30114378
23413753
30146704
35066854
30189997
30073396
22489053
30158131
30141887
30201345
30071387
30180399
20339050
30170571
30242047
30188864
30161840
30146901
23341703
30191225
40712381
30216679
30188440
30210022
25887236
28404870
28399766
28374143
28353950
22336155
30210755
30191871
30200842
30142984
22251364
30177359
30222151
30254391
51293573
30188517
20799994
30507479
30157982
30180649
30149853
30131637
30160578
30126256
26038514
30219724
30299344
30182564
30138567
30144821
30147118
25658082
30213684
30263991
30174682
30136387
30119802
19001849
30229673
30188329
30230872
30118460
30135564
30151708
24535880
30132305
30246624
30124109
30193548
30115220
23897828
30197638
30193415
28375547
28366454
28299847
23361159
28358636
28340857
28331187
28340724
18122917
30284495
30239897
30197324
30152472
30105112
25220587
30161560
30213602
30185584
30180078
24173333
30185135
30200758
30174967
30131997
25145423
30216280
30273433
30173064
30171511
29895111
30162126
30218955
30180085
23327437
30156218
30235842
30143527
21132209
30305578
30220111
30201315
20583523
30202877
30200755
30240588
30172889
20780490
30191117
30194735
30194771
30126771
30161297
21978993
30233049
30192431
30215269
30132173
30181507
30777228
20785685
30189971
30220540
30190782
30150855
30135146
30129191
22142277
30201662
30264784
30189009
30135195
30169316
30182575
28295175
30176804
30214626
30096313
30145108
30160235
30113097
20219768
30164987
30160868
30153346
30069439
30078422
30198568
30132027
22419455
30200311
30216813
30240224
30186584
30220697
30188922
30171393
29665396
30179175
30202950
30159357
30135773
30139035
30201626
28066474
30220840
28373586
30181486
30166123
30122091
19476468
30233390
32129133
30230878
30167150
30134400
30196220
25122578
30153254
30259812
30184422
30139583
30125971
23947415
30203069
30189786
30187115
30212489
30132533
24571407
30198293
36845562
30224249
30188774
30188990
29427140
30155775
30245231
30201782
30749191
23785399
30182776
30174504
30153540
30154609
23081955
30251324
30291735
30335040
30146951
23122373
30207650
39410117
30267535
30140960
26145473
30208574
30263044
30224296
21766453
30205973
30185136
30187042
30180247
28908269
30215811
30278460
31022972
26201111
30251890
30239995
30205162
26481584
30192606
30255237
18196845
30229229
30219804
30305606
22949384
30194390
30194544
30254029
27964090
30267351
30255004
23477061
30163608
30185987
22008595
30373313
30408275
21223025
30349771
30403671
30443999
23963949
30358566
30349368
30374953
20236499
30377124
30399069
30389958
30329044
30310716
26220126
30373671
30393515
30407854
30356236
30339298
24421450
30320597
30377657
30394822
30330791
30307475
19838508
30384666
30369389
30464688
30320626
30341431
30376684
26238229
30291801
30384006
31189458
30285435
30271755
24958705
30304005
30362155
30370324
30339715
30321940
26473402
30343442
30382118
30319960
30297073
21512518
30365831
30417617
30366284
30302044
30305271
26904573
30368989
30371130
30300750
30318126
24497398
28466514
30374340
30318999
30311449
26344113
30383977
30384957
30667637
30258097
30338987
28468325
30367381
30368207
30322442
30323728
22416668
30293997
30364393
30359657
30310015
30314796
30377773
24782423
30336484
30321121
30291920
30274338
30252771
21251527
30319657
30361289
30332340
30282507
30279987
30414815
29974133
30971617
30498582
30304139
30309776
19898884
30388148
30298431
30361127
30316970
30282480
23422116
30294729
30351362
30366506
30318773
30307417
30341056
26047238
30341423
30350258
30304433
30297984
30313225
21755543
30315562
30370653
28504954
30348951
30286275
30340473
24982523
30312042
30374993
30312335
30287015
30274511
30308137
30336412
29154373
31987185
30353299
30336993
30288892
30291038
30288480
23803443
30364695
30343702
30337600
30325940
30301275
30278644
23476106
30317892
30359061
30296920
30281588
30324069
30327409
26359947
30279313
30415155
30315725
30276906
30320130
22165113
30338907
30324075
30352182
30336772
30269018
20967934
30392367
30362834
30372717
30332800
30309753
22239262
28581372
30370553
30363040
30306683
30318657
26230750
30400026
30415380
30311658
30286478
23479597
30401438
30360629
30443037
30327344
30372591
30343506
30024677
30340224
30361604
30311426
30286989
30376415
26806202
30348178
30375700
30305971
30319306
30363927
29794825
30285789
30338424
30288204
30331801
22085798
30372202
30310224
30375455
30330785
30288549
30226640
30379380
30463738
30299458
30339097
27402962
30342862
30405106
30324083
30385564
29739393
30432715
28558740
28500537
20431882
28561787
30189867
30397273
30349149
27345457
30347045
30452804
30384595
30417911
23156679
30391958
30398189
30432329
30260514
21549991
30336768
30976985
30327338
30284105
22280724
30346712
30686900
30362610
30322051
24566539
30196685
30244311
30201060
19496371
30292975
30208455
30331257
30227141
30801968
24709665
30229707
30289606
30245163
30254865
30209658
22813499
30215192
30209986
30280258
30204195
30155284
20139480
30174122
30139800
30174363
30156911
30120617
18652617
30146473
30136991
30168770
30119844
30127845
30123551
30088125
26698873
30161149
30186997
30145037
30095411
30120965
30151996
23398612
30200839
30183353
30237064
30135954
30147188
30220620
21152430
30221116
30222011
30223691
30163839
30154571
30205895
24152846
30249486
30191101
30261438
30158077
30169967
30203473
22917108
30209051
30244498
30230683
30147661
30180422
30243955
22695475
30208331
30243420
30243881
30157191
30170271
28369643
24723977
30216093
30254816
30200772
30141115
30194436
22625984
30249375
30250465
30201128
30197817
30301804
22622446
30292498
30196580
30256121
30212265
30195929
23596635
30162709
30227876
30225731
30127213
30182562
26657578
30215797
30231262
30171693
30206998
24270023
30233849
30205044
30230984
30200698
23937173
30220764
30258020
30302973
30162724
24361852
30176669
30160151
30183795
30830307
30192442
25921106
31825183
30226342
30205591
30175993
21212518
30248506
30159322
30278611
30208304
30201059
30216045
24259504
30178631
30192677
30228799
30187743
30152844
30214155
30619675
29870542
30223456
30252400
30142933
30152029
30238236
30148504
28101065
30186269
30231435
30180011
30190234
30202853
19440386
30211580
30264300
30253526
30211786
30204933
30213259
25173569
30199403
30217240
30235644
30207031
30253282
23204377
30213378
30236718
30284146
30173037
30180735
23973241
30207489
30194377
30173108
30150469
30148533
27244891
30209276
30249840
30182462
30124824
23272366
30204026
30193817
30213120
34074973
21486894
30184345
30196508
30255146
30166682
21759527
30191521
30189735
30230499
30162440
24610871
30209635
30258515
30191780
20406430
30267250
30234816
30279476
30208853
25826574
30225564
30230377
30161584
24267339
30196408
30251045
30167911
30156551
24837085
30234884
30187921
30175255
30154573
30152985
24625794
30101829
30213329
30194413
30102873
30156880
21683369
30194358
30181613
30203330
30112240
30754502
30177244
26312148
30190693
30209827
30166843
30121951
30131419
25687116
30138331
30203929
30153071
30063769
30153657
26359717
30803495
30254764
30154829
30168964
20440117
30210084
30243477
30256261
30232176
30209770
27213464
30170871
30299989
30211311
30202229
26470104
30194157
30186544
30237452
30148584
27138326
30231413
30227962
30186271
22012342
30235321
30151991
30252703
30214135
25623003
30158729
30272644
30200353
30152698
21507847
28413521
28435903
28416547
30240535
30179011
30142634
26233345
30190202
30244307
30185135
30156408
30173624
30232520
25127627
30171964
30218693
30205457
30197139
30180815
30207417
23829766
30205299
30270684
30208142
30151472
30239472
30230128
30325689
20971960
30209254
30201435
30216260
30140554
30195501
30204702
30189227
30388019
28758205
30170822
30226139
30213098
30151807
30174544
30172573
19686540
30298373
30209799
30301031
30159478
30148742
30201830
30203146
25304690
30204655
30306106
30228393
30230219
30177802
30180888
24169306
30199207
30199048
30248691
30197871
30196531
30237454
26762905
30186673
30234520
30216689
30148522
30155551
22095056
30217457
30211657
30238102
30108986
30201885
20599667
30235605
30208576
31089637
30228229
30152179
30154911
30173528
26330562
30242218
30225762
30191882
30163751
30168891
30208315
25788098
30193789
30221052
30165591
30453564
30139720
30190985
29729551
30225749
30272840
30199700
28374978
28346601
23938550
31110570
30234149
30222845
30140169
30186611
22197640
30211786
30240884
30214994
30210906
30166862
23883564
30257062
30203538
30260391
30234951
30193204
26819593
30205128
30261296
30169002
30183626
23554717
30244880
30134965
30158893
30105097
21757665
30105393
30164339
30138297
30090819
22645821
30157985
30171056
30204900
30124799
25189480
30142159
30211311
30215104
20670670
30217571
30196468
30190180
30077864
27262237
30166257
30233842
31322817
25851227
30133193
30245170
30174586
26014600
30143189
30236949
30182467
29686483
30171613
30221277
22671548
30276613
30225737
30233124
27054221
30221748
30268418
23566744
30180542
30223467
21660156
30191269
30182115
30208375
23353504
30193034
30209305
30209873
30141072
26850999
30216778
30295197
30181631
30124444
21617956
30241951
30220531
30241782
28383134
28383064
28359612
25069096
30174300
30257744
30195694
30191577
30143660
25048778
30201715
30224540
30210570
28371299
29778808
22160500
30195052
30200844
30244757
30196693
30203720
23128502
30209658
30182991
30240811
30198037
30183235
27875628
30215391
30265151
30239273
30172384
24432608
30224314
30217381
30206171
30169197
23713312
30216393
30137258
30259704
30178451
25409593
30162840
30212459
30181997
19418796
30258490
30261727
30277173
30162709
24327688
30244218
30182216
30194573
22390528
28464547
29863451
30258968
30196466
21616356
30183517
30203975
30205169
30151920
30194257
21730583
30238357
30224541
30240891
30231293
30129200
22582213
30218341
30180498
30274191
30148066
30194136
27419677
30187762
30248994
30184780
30153533
24143808
30331197
30390976
30396444
30352693
23611192
30418726
30351606
30410030
30322446
25817147
30359282
30370179
30344625
20078237
30238889
30232515
30230012
30199480
25009793
30225889
30274691
30209846
22403860
30205626
30206111
30280726
21830582
30229372
30233126
30256082
30167024
22963520
30376315
30429259
30360744
30393189
30326529
36648230
40249569
40002716
40365507
40270172
26082571
40195482
40071727
40245798
40249535
40204329
39639204
40264123
40103252
40446522
40264287
36681534
40364929
40154727
40360887
21428441
41287735
40246761
40121270
40466800
26683711
40324778
40077236
40379145
40315947
33181205
36611354
36433065
40274919
40177843
29425526
40162594
39931386
40231235
40172901
40193956
25236697
40254231
40056743
40184338
40375427
40164505
35957225
38832572
40305549
39975059
40362487
40205374
38206874
32204003
27894388
36665886
36513947
36566686
40315378
40249448
35833961
26086369
40379378
40012983
40316294
40341538
40190639
36048036
25252180
40247312
39981019
40290587
40286716
40294023
36236091
32943325
40449576
40020627
40186218
40188695
40251805
28046830
40128645
40009776
40147518
40306364
40209922
24391167
30256895
30305678
30295790
30397584
30263739
26717371
30265000
30299117
30278296
30547042
23089855
30239235
30289964
30281179
30245113
21288600
30309307
30307510
30359952
30229995
21079328
30317429
30251356
30317806
30271743
22972617
30278503
30313142
30310596
30273355
25931558
30242144
30347866
30918213
30279923
22680796
30335602
30337711
30323189
30282424
30257815
30221052
24071634
30285694
30293224
30345207
30244361
30219029
30262422
27645035
30261231
30340433
30312354
30909006
28448288
19718912
28553870
28526647
28494779
28442956
30304482
30301231
26154498
30336331
30454822
30330206
30271008
30367459
30412678
19154142
30406855
30422870
30404613
30344658
28470883
30153624
30422862
25924611
30367338
30429926
30393244
30329176
30323469
30404362
25883953
30409137
30422911
30373904
30959252
30353580
18772614
30389708
30351030
30391306
30377439
30338693
30389380
25070900
30990598
30453984
30376158
30377637
30364384
23851709
30375819
30405563
30387344
30346026
30350442
25754193
30336455
30395955
30594366
30290204
19994402
30370019
30434684
30362069
30329975
30300085
26618462
30338177
30362919
30295075
30295422
25674824
30306167
30374384
30332418
30328475
27009535
30389953
30392592
30420922
20578492
30367708
30342537
30437588
30327900
25527887
30406560
30442641
30337012
22854078
30362765
30404297
30376014
22059045
30390949
30380451
30426006
30352295
22882868
30366582
30393331
30431573
30334184
25731704
30389233
30439960
30384357
20651807
30375464
30362693
30448815
30388120
30307371
26635257
30392463
30743420
30340671
30309369
30347687
21902149
30460384
30468735
30471953
30431186
30440400
19742370
30502997
30485689
30495306
30419618
30411244
20758303
30481237
30469624
30479244
30432631
30428811
23848619
28537534
28615025
30237777
30382397
19988672
30437700
30489349
30484328
30441239
30435455
30395742
26729113
30449273
30483005
30442695
30424218
30386640
21964664
30490738
30436748
30553027
30457270
30410521
20667573
30518178
30430984
30472464
30401295
30372733
30452706
25433005
30368487
30385198
30361633
30321027
30395142
21196674
30450184
30325382
30411163
30326124
30330791
30400512
30344147
23823908
30367167
30419390
30403906
30335529
30369140
30375936
31544669
26852012
30418660
30443289
30389736
30290957
30338802
30364113
23298097
30413280
30435039
30478873
30407704
30401717
30423295
22934548
30486791
30459315
30444382
30435010
30411631
30457589
25614254
30400226
30408791
30386724
30307292
30355971
21524550
30362385
30351851
30362313
30341464
30310802
20548293
30348522
30376721
30420944
30375699
30321186
22004169
30387046
30343060
30391136
28570925
28466490
25568810
30374726
30444608
30415300
32332227
22083471
30372142
30464482
30448560
32345654
20984048
30389871
30352584
30403048
30371666
22023115
30404458
30385378
30404779
30347373
30298115
23061870
30372402
30380140
30367933
30324833
30399237
27028075
30411762
30438370
30443066
30313000
23274111
30411131
30391129
30407990
30301286
21919565
30452782
30495253
30501028
30435842
30383974
20530997
30410725
30366019
30417177
30362786
30318333
30335157
30338449
26261113
30379039
30428756
30353982
30321711
30338226
30380221
30328527
21931705
30377180
30385620
30417253
30351191
30325458
30388347
30385501
22162962
30372964
30396835
30396196
30343608
30382695
30370364
30488457
24061179
30359038
30410956
30402346
30334804
30334721
30372051
21021115
30353393
30409633
28550670
30315364
30299773
30368371
20820965
30454886
30364019
30389785
30342677
30297782
30385282
30401275
30376947
30072862
30363015
30406420
30323035
30334411
30382328
30410597
19486582
30352889
30391363
30396975
30342879
30407202
30362564
30336261
30320026
27430019
30389298
30410649
30333638
30329629
30349186
30325052
30377088
29803900
30384497
30403333
30338864
30344977
30355613
30333029
22833864
30376060
30432938
30405793
30327486
30288035
30349115
21017301
30350117
30363980
30398945
30319559
30323313
30379453
22204238
30399250
30375417
30659875
30370033
30360698
31000302
30398211
19409346
30356845
30368708
30393204
30343788
30333230
30316580
30348416
21161583
30370137
30323093
30375800
30337297
30370011
30333102
30366428
30362161
20463893
30380113
30394815
30355824
30325399
30306217
30331111
30356947
30368531
23756779
30943508
30275435
30311819
30282424
30340746
30317591
30299169
21101126
30342942
30444730
30352313
30300724
30299403
30332544
30337437
22304075
30283915
30362499
30336571
30340053
30351707
30933550
30305926
27320876
30364602
30415408
30352415
30356973
30344961
30368364
25201380
30324745
30399775
30338576
30329564
30311071
30334977
26681323
30281404
30306653
30236611
30303017
30203639
21211619
30308792
30362466
30352339
34943531
30274042
18009458
30279190
30346046
28544072
28509094
28451221
19028156
28540436
28540579
30411310
30277488
30342600
30339684
30354744
27550618
30314944
30322720
30336611
30295269
30276735
18050254
30253604
30249249
30281760
30188720
30188429
30201082
23239525
30223522
30263866
30260333
30195831
30200990
30201445
30213389
24528765
30237051
30219593
30239034
30159986
31019300
30227847
19673314
30266220
30223979
30257472
30217310
30156958
30203851
30225304
18867059
30252241
30202229
30290171
30204462
30194005
30199355
30204012
30159156
19028397
30266082
30201848
30266715
30196256
30153073
30171882
30275333
30208342
19427782
30248566
30192662
30243415
30164208
30186208
30202240
30177566
31736129
23540184
30408818
30365451
30378239
30296129
30323215
30350045
30361468
21933351
30432755
30463689
30495209
30468811
30391558
30470062
30478567
23718126
30436469
30471791
30459463
30425658
30429027
30427424
19753095
30493806
30445271
30440898
30418648
30464026
30454450
30436626
29992689
30550437
30521808
30454079
30399595
30456733
20674240
30424543
30489068
30462301
30405046
28583479
30471735
25592342
30489691
30450219
30409566
30414731
30373055
23505873
30448814
30452113
30509480
30440084
30447860
24268658
30604691
30486569
30441972
30392386
30421006
29286620
30474862
30521424
30467884
30425704
23592030
30410861
30439773
30482536
30393393
22153707
30494241
30482768
30464415
30448872
30417637
19876768
30269613
30241258
30287453
30191208
30240862
20622259
30212566
30244011
30237160
30167062
30183215
30192273
19585290
30198980
30247241
30295876
30194678
30167747
30276169
30178622
30195507
23750648
30239782
30221886
30211194
30174722
30181722
30213265
30188778
30121602
30233567
29547498
30248464
30283011
30212824
30163178
30228920
30209829
30166500
30188831
26331211
30252300
30286200
30265762
30242060
30169793
30232786
30213698
18980440
30303997
30258504
30245320
30194764
30250955
30267310
30180888
30161957
25651531
30270420
30292328
30188667
30207115
30202325
30254653
30179940
26198837
30261782
30273988
30203159
30153006
30169918
30209949
20480326
30224370
30238069
30258777
30179131
30222746
30190031
30159473
29321685
30172767
30228753
30521196
30123720
30172000
18337252
30168779
30263308
44108096
30173882
30089364
30211686
22694838
30470320
30222544
30233046
30151979
30138010
30169076
30162432
23383115
30231113
30198280
30192007
30124696
30241384
30194784
30176013
29007194
30175708
30307465
30154429
30182342
30224149
30204873
25405531
30246876
30218864
30227175
30147404
30246287
28378383
25057258
28435974
28457187
28407308
29994895
30138960
20817206
30216765
30274540
30291218
30198599
30180456
30228930
29055642
30214456
30242731
30183149
30205513
30191856
28825010
30163332
30253547
30169800
30186442
20639846
30220442
30213993
30242864
30153074
30164440
25219358
30188768
30239453
30184885
30176139
22785460
30193398
30253931
30379111
30190497
22527447
30221098
30211535
30256949
30185139
24413267
30198267
30247942
30217511
17705821
28393016
30234755
30237980
30209244
30123111
23298636
30258720
30319882
30248037
30225539
30255879
30274837
28290276
30327231
30341913
30304682
30266902
30276168
23933270
30264985
30343391
30323802
30267858
30311840
23484292
30313171
30280555
30315510
30274584
30242809
30276588
21282412
30317899
30349699
30360782
30236060
30237569
30347055
30285871
24826585
30807500
30372379
30292142
30235745
30256589
30291857
22075752
30291505
30279615
30325735
30270681
30274719
28466932
22555635
30279722
30283787
30242671
30214244
30225451
30269861
26041817
30184519
30337295
30211981
30199031
30215906
30227044
30770761
26300809
30247475
30273059
30258318
30189130
30262733
30242096
30170644
21785983
30275047
30310494
30305919
30278351
30200620
30330074
30250128
30182015
27833079
30287293
30325459
30292794
30253300
30317325
30342188
30270948
26514845
30306108
30341440
30275386
30234026
30299084
30320364
19691668
30324640
30320545
30338960
30287746
30291938
30261996
30253164
26074262
30246604
30331858
30332844
30239857
30228125
30278050
25803009
30250948
30325511
30277200
30262657
30206944
18720474
30416827
30384895
30497100
30353598
30361669
30331115
24704787
30364584
30404713
30382977
30368864
30315153
23516133
30433213
30479215
30454711
30381006
30418875
25140854
30414143
30480455
30411456
30395533
19391471
30350731
30391317
30391322
30342902
30322855
25883142
30330760
30376831
30345942
30322695
30303833
22281967
30411577
30343790
30332913
30259622
30277913
30326122
30308206
24697854
30310367
30384805
30329917
30288811
30298350
30355477
21595689
30325597
30356904
30417773
30294907
30319450
30378720
21177734
30369542
30357758
30368622
30290877
30272184
30540455
24074660
30332914
30315446
30365822
30276731
30308646
20417363
30367100
30350289
30386591
30282324
30308344
19142055
30359815
30373871
30384556
30325424
30327662
21625263
30348662
30374749
30371650
30344719
30333254
30303379
20838768
30361449
30378493
30406337
30293846
30295257
30319262
23472814
30334603
30339311
30338303
30306506
30265406
30284647
30294752
23445892
30310336
30370931
30337997
30319602
30311266
30339946
31470526
26704086
30236945
30322355
30235289
30199056
30210991
30232057
23427605
30191171
30206246
30214976
30238418
30171590
30262514
23564595
30150402
30218769
30188169
30127894
30188109
30148424
26868162
30192011
30260516
30210159
30115918
30181993
22145285
30160327
30157491
30206811
30143461
30125208
22252826
30149608
30204209
30190755
30143666
30125839
23806908
30148682
30192802
30940757
30136054
17965038
30136782
30141438
30273558
30127030
30171744
30164891
22380597
30191340
30192539
30249846
30125678
30112236
30235062
30177896
21713680
30185540
30184441
30246451
30137629
30155509
30242051
28337356
28336621
29753974
30204110
30161775
30169913
30151731
30187578
30213910
30212050
30130390
30202717
30206002
30190304
30192156
30174373
30186380
22505686
30190551
30149054
30263389
30161620
30155912
30196136
19740515
30388284
30364130
30393570
30374774
30934335
30348407
20657937
30400773
30359178
30400095
30371113
30333845
30383523
24105650
30333968
30358530
30358826
30288595
30274700
21128495
30427930
30352049
30415669
30328013
30370591
20822103
30423857
30433311
30415859
30326271
30333844
22941647
30418682
30400037
30437853
30353002
30337220
30405889
23272497
30349395
30395946
28515928
28475268
30296778
30345951
28134686
30365884
30389135
30378016
30316917
30335293
23902457
30361464
30438051
30363977
31180843
30298501
23504835
30326894
30345867
30391373
30320402
30310821
25949590
30262115
30371103
30328348
30285481
20709314
30341737
30331210
30384337
30263701
30329191
29452045
30392157
30394309
30361375
30286596
28363848
30330550
30331378
30319071
19055939
30345558
30296419
30376626
30323560
23032407
30280706
30368668
30376117
18060285
30391542
30367104
30416781
30328578
30330584
25504462
30328637
30423391
30377283
30336385
30310128
22020398
30322999
30316548
30351391
30279584
30316339
30317124
30347602
25242302
30352301
30382109
30344061
30313220
30305073
30357088
30215244
22896639
30203700
30279796
30265221
30170342
30205152
30235133
30208968
24404699
30265913
30529038
30176113
30180931
30225473
30215886
19661346
30216077
30202758
30261546
30202786
30186373
30197397
30188454
29906467
30166184
30140793
30150725
30149695
30135195
20384848
30203439
30212706
30193479
30160697
30160713
30194373
24687777
30236973
30248362
30151377
30158068
30103535
22640437
30238388
30219979
30204759
30236784
30200415
30143271
30198918
29473904
30274258
30388193
30250066
30203780
30285824
30295993
26573006
30292637
30341553
30280022
30280880
30243369
18026334
30361309
30309313
30323533
30237805
30186822
30307954
30332257
22657594
30322219
30293346
30267031
30208014
30235446
28467199
20534144
30413413
30427376
30427098
30335937
30318282
30352596
21382965
30380995
30360206
30397606
30350202
30379732
30433104
25302378
30401988
30480791
30371420
30359686
30371362
22186320
30351806
30379450
30411393
30356622
30365016
22000898
30400961
30376162
30384486
30367838
30321471
24206281
30398586
30387912
30412444
30359455
19573580
30375011
30364669
30394277
30574597
30315091
26773071
30442966
30473266
30439305
30440449
26363638
30412946
30450068
30440230
28600747
29625542
30414813
30393841
30377746
22152413
30377920
30368844
30393782
30284965
30352356
26750156
30362526
30395895
30328564
30285590
23943441
30340142
30372437
30288147
30288782
23325035
30301253
30320540
30347644
30292944
24798644
30369399
30631553
30341312
18308178
30372641
30371476
30394413
#end
