#729a2951|blade-2-m620|jdom@54ed0cc8b7e8deffd5e088305ca7723dc0bd963c:org.jdom2.Verifier#checkCharacterData(String)[generators@bcfe6d43107430b2604e2e34b9151742941652e0:cz.cuni.mff.spl.casestudy.generators.ParseFileGenerator('MQ==')]()
#date=Apr 30, 2015 2:06:34 AM
#warmup=1
#count=3845
#begin
23040584
47052696
24559621
30104262
30180440
24281596
30129915
30085947
24226366
28348708
28413281
28389632
28310552
28277176
25131216
30122487
30089580
30116828
30012002
30041291
23177675
28355927
28280778
30108981
30089020
30036549
30447531
30076491
30031346
30039044
30076818
32634600
25715656
30092651
30050375
30014504
30091084
30121829
45686959
30066175
30060713
30960543
30122303
23509039
30090736
30054164
30028160
30037420
30104111
30089400
30058873
29998090
30094299
30070754
23278991
30110595
30067934
30010200
30024893
30056129
30131102
30042610
30095315
30040676
30076901
28879119
29995167
30024289
29992073
30068055
30032649
30118458
30012996
30006187
21356395
47871750
30163939
30162858
30183600
30161402
30243199
30294116
30384024
30190767
25108987
30223475
37151174
30207540
30237289
30153986
30211878
30161875
30133623
25773762
30797252
30134546
30161981
38181617
30154264
30159744
30129547
30129973
29937955
30144133
30113890
30164562
30161442
30182024
49114240
30178653
26873713
30173051
30132434
30211722
30152193
30148620
30164082
30157873
29785532
30972388
30164559
30127284
30367098
30101218
30186713
24712253
30232369
30149006
30150520
30181788
30159587
30176298
23762753
30130208
30161337
30109910
30137582
30143519
30200538
25125319
30172976
30188704
30154547
30131800
30170353
19996299
40077187
40141516
40138499
40199810
40097351
39989236
34999308
40117262
40266666
40138907
40117794
40060272
37935311
40097425
40189904
40159496
40098605
24722484
40092080
40174205
40133188
40118041
40105375
40072552
40093705
38503477
40179245
40242123
40093136
40104336
40208920
40059492
35069628
40195550
54825490
40137696
40068167
40112585
23042912
40111618
40193401
40181261
40131340
40158371
40077701
32489034
40233257
40116858
40138998
40107849
40136578
29979800
40140249
40238059
40081983
40187025
36474165
32988502
40123722
40139482
40138707
40064463
23737604
40056492
40167657
40179754
40134058
40107651
26358368
31703441
30713268
31622341
61389570
29610536
62476629
30310391
33265838
30250680
43854885
37359987
30279405
30294042
19924930
30367085
30425619
30913014
31584001
24384475
30291571
30309348
30328681
21187183
30354600
30782583
30277822
20375087
30337469
30325215
30290390
25098956
40439678
40566728
40539103
41372625
26016462
40489747
40274669
40530296
40521394
30310837
40519318
40677284
40679933
23994133
31060859
30169387
31656128
30172079
26459322
30175700
30233994
30359733
33964813
34249686
30195991
30171897
30227856
28639359
39997094
39935125
39804082
39993730
34165002
25080496
39432867
39836074
46835952
40100014
39734327
27096231
39583250
39950832
39784415
40009565
34561252
35396595
39291437
40001374
39797167
39957556
23278882
30260531
30213399
30162294
30204806
22133587
28525105
28446683
28512570
29829089
23104673
30342196
30273571
30325847
30274937
25783350
30303562
30157474
30196571
21563787
30358867
30254851
30221666
30289276
30210520
30265673
30276256
30271684
29126388
30278317
30264822
30242122
26891653
30260919
30265324
18832569
30305111
30251809
30269267
30233602
23714446
30265029
33841884
30237169
40786201
20373888
30268342
30291267
30287745
30223222
30263201
30307938
23016337
30287891
30286842
30231253
30232869
30288669
20934490
30321675
30222391
30261458
30264379
30264166
20904963
30294657
30272028
30258742
30263885
30265584
30249535
22922415
40533343
40432954
41580898
40276856
40303920
40338336
40220302
40193575
29288183
40318025
40355289
40260121
40266278
40278415
40264346
40313240
27484581
40237711
40301033
40465256
40284694
40201638
40251283
37735933
31642133
40294481
40324918
40372452
40320014
40308404
40283813
25318306
40490671
40542185
40415705
40298714
40412891
40385878
24813187
38265517
31683888
184976927
40463758
40463851
40428083
28814841
36243834
30184320
30170620
30212226
30199119
30182108
39941862
30783359
30232931
30215256
30261808
30251751
34734101
33072583
30246364
30276986
30228902
30771102
38649335
31320690
30184901
30330144
30207409
23318126
37138669
30186689
47798448
30252536
30236956
28962568
30214575
30192251
30187184
30214240
26750676
30175263
30188234
30167513
30190471
27417618
30214016
30179851
30198702
22347757
30221860
30211888
30181047
30174949
24876656
30232018
30163110
30201544
22184291
30178658
30194702
30781690
22035713
30155326
30152732
30208120
21871740
30178769
30258791
30230640
22796051
30156560
30171018
30232305
25338332
28398920
28445638
23358311
30174780
30234898
30208576
20390434
30289093
30231435
30266056
30254046
21889558
40960089
30197840
30222490
30260372
30223982
21118901
30195351
30263901
30303821
31425979
30237789
30229567
22668984
30162909
30226264
30215718
30356195
30247266
30261917
24699390
30204962
30262684
30203891
30238193
30197231
19130875
30229221
30283326
30287115
30258475
30275817
30355254
29540011
30226017
30232437
30235475
30245146
19745224
28420187
28491294
28453605
30276937
30336771
23757532
30671024
30237024
30192467
30245967
20946163
30194290
30177466
30233418
30210351
19789381
30204389
30169973
30235308
30235883
30216382
19115002
28322056
44951417
30193913
30221144
30244904
30212088
25280885
30222253
30241026
44385283
30216562
30235727
30280462
23198461
30191055
30251482
30249041
44206531
30289760
30211864
30155771
28900636
30234070
30201642
30267180
45019340
30265440
30240164
26804891
28441656
28417809
28442548
28447539
52393397
22591760
30172875
30258874
30273681
30253351
30267573
30241774
26501319
30235605
30214460
30234467
30208388
30308119
25901454
30222460
30231219
30267580
30230702
30253903
27999723
30414911
30443017
30444742
30393120
32900106
30359993
30366927
30396191
30433878
30399702
29837960
30357946
32290986
30376635
30364802
27623065
30355268
30300677
30306817
30359977
29973538
30319517
30337253
30348724
22323140
30331915
30317962
30346373
30363884
26828044
30271593
30310600
30334482
24033389
30335877
30286269
30291248
23001155
30291953
30330555
30305604
23554697
30290469
30308070
30330697
26106335
30352078
30366404
20345028
30353333
30335991
30380122
30394001
26752640
30347226
30381101
30394202
30372971
24799878
30354711
30362355
30375189
30372042
30358525
22700556
30366782
30399289
30368240
30350380
30366909
30402175
30279944
30175071
30234548
30231649
30278503
30248448
30263622
30255564
23455537
30269850
30269451
30204211
30287890
30298845
30260261
18525096
30246551
30267869
30259362
30306126
30362606
30306745
30276122
30150445
19469678
30234884
30295197
30270260
30290748
30273099
30260651
30225086
30282271
19941551
30198691
30252995
30246469
30266053
30269493
30267481
30236639
30165522
24180641
30353270
30412731
30498571
30393980
30406412
30412207
30321691
22986858
30346757
30390522
30461462
28522574
30365476
30379631
30361352
24979238
30361627
30408111
30370475
30494894
30404462
30398097
20997488
30359643
30372504
30418822
30413124
30439786
30414498
20009521
30370442
30652290
30387639
30437958
30391333
30390424
30428529
30352587
24734696
30357679
30405597
30439789
30414242
30381318
30375328
30329499
23312990
30389966
30411621
30423844
30335013
30411828
30437596
30370951
26215818
30404112
30412935
30377595
30419421
30461488
30387760
22311489
30419255
30402079
30383666
30433889
30399500
30395975
21725822
30351953
30409502
30381375
30411964
30388524
30383444
23995381
30381315
30424280
30377624
30405743
30413143
19694448
30361205
30435735
30427093
30456346
30495279
30437039
29865684
30388195
30383220
30309044
30327333
19459920
30367262
30352152
30397955
30331462
30353489
23186939
30425389
30328038
30308856
30333788
30391335
30379147
25467432
30267100
30249069
30310709
30271496
30296200
21433203
30225993
30277964
30264975
30272447
30280529
19691699
30244422
30261080
30320933
30291362
30318244
30243115
30289613
25637983
30271962
30330729
30294264
30291451
30266046
30265348
30240106
30224280
27303375
30269236
30286986
30282853
31895290
30274311
30260424
30210631
22419579
30314715
30321662
30386197
30364868
30357224
28537020
28538667
20938195
28518922
30366770
30374941
30334875
30318082
30366337
30373544
24586078
30454489
30536262
32423134
30530635
30504806
30489689
21236912
30518384
30433352
30449140
30511675
30467442
30484571
21148544
30457623
30457658
30516506
30547068
31524877
30475273
23616093
30474140
30520922
30515958
30441940
30497266
19685793
30448350
30491535
30452106
30526035
30524982
18842584
30342269
30407036
30407598
30374033
30448776
32344677
30354762
25122128
30416980
30379473
30395331
30431381
30387860
30993190
25006011
30418442
30360759
30398330
30407751
30356079
30370999
29826235
30408231
30436600
31273106
30446693
30408513
23945620
30602723
30405625
30348178
30396408
30385942
23136015
30329193
30359184
30358266
30330982
30361011
24514744
30325295
30360436
30370749
30366233
30351380
30342904
24379934
30311846
30370448
30366095
30349228
30357678
30350515
29020811
30408880
30401296
30406068
30406262
30385707
23553906
30396325
30414793
30435499
31425270
30454533
23345557
30319309
30388171
30410962
30344167
30399109
24605352
30340190
30420047
30417095
30383897
19571251
30357454
30372687
28547305
30428451
30434467
25259791
30360348
30367248
30395944
30377564
27976693
34001995
34132414
30400764
30403086
25401530
30355391
30335888
30347231
19339406
30287824
30361390
30396173
30360900
24375059
30328080
30526830
30405277
21244990
30367397
30340546
30361462
30401717
20199019
30292605
30331493
30358151
30404457
30380746
30384649
30055220
30387433
30295408
30288838
30363841
30312398
30276004
24046987
30192422
30216178
30236136
30205853
30257200
30203971
23434077
30282129
30319024
30314220
30345530
30368400
30372218
26231607
30303254
30991846
30345038
30336857
30346957
21772039
30261435
30341851
30312744
30306902
30344120
20560301
32103236
30156666
30228737
30247080
30224795
21394968
30181384
30206165
30187479
30216963
30215984
43959745
30159900
30174604
30176629
30167097
21506657
30186957
30216059
30240284
30171065
30199286
30262708
27125841
30168044
30254358
30265680
30204784
30161268
30187688
25647267
28399436
30186908
30188583
30228846
30253622
30230313
30138889
29943680
30166354
30207426
30224299
30286626
30294662
30191727
24203385
30191050
30199397
30206625
30205819
30208658
30242196
23530915
30205635
30202993
36961635
30299422
30269647
30219726
26239738
30266319
30265133
30289628
30253117
30209268
22038097
30153433
30147306
30215884
30193276
30211740
20486195
30191658
30220546
30239107
30209900
31204655
21664541
30189367
30198731
30234879
30290445
30309842
30149358
21248707
30159524
30192746
30211373
30251895
30230555
30230809
30187810
29851989
30265529
30275973
30252150
30260867
30251602
30227252
25368617
30312039
30286120
30227715
30237077
30283713
30271352
25702573
30231666
30251439
30255009
30228324
30256828
19691093
30193204
30211295
30269437
30218075
30284275
30236292
25818714
30275538
30285907
30331518
30249341
30223370
25203402
30277690
30240935
30293413
30274819
30324937
28089317
30282778
30279891
30239387
30266613
21967769
30187441
30202884
30200795
30202531
30200691
30279326
25411807
30204204
30254257
30259515
30257732
30228368
30222906
30244582
25435269
30168618
30149816
30192813
30221693
30247604
30238291
30119368
23120852
30181862
30229454
31395233
30208969
30259008
30199193
30206951
20857237
30190960
30217104
30212271
30282896
30278528
30223958
30500949
30179449
30140354
22044033
30196113
30214470
30188675
30184931
30197309
31236024
30186175
30133903
28296634
28928483
30159653
30224111
30243760
30203426
30257667
30183571
30145229
30182413
29238034
30223429
30248909
30236706
30262775
30243246
30214402
30099320
22001552
30226602
30266990
30242054
30220656
30197671
30175546
30144193
20575255
30231962
30233546
30189626
30276405
30862798
30191528
30177039
22155295
30195089
30212990
30227044
30249051
30301324
30277964
30194417
28915310
30243866
30303551
30220148
30284802
30282691
30195568
26491383
30188494
30206442
30192401
30163498
30203103
18057412
30217533
30218124
30201229
30237398
30245362
30223306
23528350
30185869
30240461
30256033
30288651
30239467
21898349
30248080
30252280
30298933
30227548
30335671
22534053
30229433
30261470
30270896
30250795
30256233
25783349
30236367
30246437
30233431
30247862
30392275
30274047
29427222
30263333
30274446
30276378
30289349
30258270
23025760
30184894
30294551
30261707
30239935
30307799
21257800
30217782
30244542
30263894
30315156
30303640
21771596
30179606
30228844
30252990
30231287
30195582
24897523
30253143
30173568
30226848
30249642
21115334
30196029
30182380
30855302
30255567
30231546
30245455
25872054
51051505
30232290
30201506
30209537
30201388
30224820
30174564
29607710
30807363
30235901
30244853
30213991
30224269
30219398
30189148
23283203
30815571
30190930
30196870
30264671
30221513
30125835
30117438
22284416
30197568
30194819
30212195
30221373
30211579
30194173
30213578
23824317
30253241
28404661
28401863
30216366
30215664
30257133
30765548
27995759
30178320
30215042
30186155
30288509
30237582
30243379
26034840
30201315
30221537
30199973
30251710
30219738
30175728
28934993
30202567
30187268
30200431
30228546
30261391
22678757
30239955
30215091
30178823
30256920
30182202
21021969
30225245
30250848
30251593
30251404
30252582
21406103
30245884
30234126
30286700
30268004
30299357
24417115
30817488
30218744
30214368
30242216
20352310
30237358
30239777
30215606
30242968
30529204
30169181
30301473
30269824
30266710
18427565
30197640
30308160
30230406
30270784
21440396
30224252
30265102
30237669
30239420
30242684
24080355
30210939
30252222
30229521
30205297
30224632
30248555
25884918
30223171
30281160
30237290
30286184
30219944
30258702
39418246
23539686
30257048
30220820
30243439
30302300
30269975
30213642
30199744
20820478
30165931
30187835
30247139
30229731
30283404
30221644
30231689
21448907
30220737
30319928
28477009
30087456
30225103
30291654
30250322
25370727
30240482
30215299
30220233
30256585
30224718
30198382
23116907
30213883
30203120
30238578
30208862
30230411
30262222
23873119
30253716
30323669
30285391
30211742
30248721
30236882
29613104
30255655
30214899
30214068
30805683
30211382
24942039
30174462
30256446
30257680
30262909
30270185
24615120
30281373
30212542
30283873
30227353
30194331
27843472
30228436
30261609
30243746
30225212
22293913
30209837
30282683
30228295
30195902
19484706
30236053
30180418
30203362
30243439
20247656
30192419
30275659
30251860
30220142
21219566
30217086
30219526
30221964
30233689
30256971
23231419
30197455
30200284
30424149
30302018
30272518
30209206
23774985
30248404
30229580
30197040
30223460
30168656
30186767
19634683
30151089
30186691
30229744
30164972
30156098
30164918
30149536
30176744
26135125
30191365
30218791
30181031
30205753
30218286
30298922
30213656
23096536
35975054
30210911
30270533
28363163
30249995
30232427
30191370
23722773
30201913
30234524
30256353
30275395
30227387
30270321
30230147
29716265
30234902
30270008
30226140
30224701
30240044
30159909
25820345
30293611
30331479
30350111
30335475
30338351
30345369
26954821
30270686
30324115
30337068
30308989
30291704
21244972
30352799
30372244
30410879
30440780
30409897
30484505
29786098
30431339
30422151
30403640
30457817
30378528
29650218
30389344
30382530
30423269
30471026
20709121
30379072
30398287
30438854
30462987
30437173
25557718
30403949
30443419
30415493
30386862
23057382
30430397
30425964
30492733
30366697
22852480
30427768
30419169
30410793
30379511
30411480
22692018
30316447
30333632
30335343
30281431
30616998
24858257
30287062
30343473
30291787
30342499
19954433
30331139
30287206
30349810
30341550
30325240
28013103
30327191
30328850
30303515
30320707
26995561
30352229
30334722
30355301
18599891
30281447
30286193
30292802
30311880
30372739
21142107
30341889
30337332
30339848
30325312
30376698
30305669
21656696
30333306
30324949
30323539
30296115
30295421
30319735
25090814
30313342
30292199
30324733
30321277
30327769
22037529
30239113
30304762
30293304
30380344
30334995
30334544
30233664
25923980
31107804
30370328
30358531
30265415
30334330
30340778
23395993
30307350
30287108
30296566
30330776
30334338
30289256
23811296
30296502
30305424
30271338
30321815
30333460
30318460
29690860
30357770
30398310
28557939
30167136
30313277
24781730
30313709
30280314
30281840
30381271
30318258
24322239
30309968
30332326
30261536
30348708
30340813
26734488
30348038
30329502
30309151
30354257
21685143
30349671
30295029
30281039
30323304
18879242
30270411
30347606
30335759
30330795
30363813
30335409
25525609
30316058
30317966
30244044
30305651
30338740
25105461
30326940
30307625
30347190
30279304
30315900
28338103
30345186
30374484
30344486
30335545
22172644
30309887
30321768
30384467
28483177
19412046
30275178
30315788
30309864
30330557
19401955
30252269
30280115
30337513
30364124
30330527
30337298
29855104
30331451
30369257
30321684
30371389
20433892
30265802
30325875
30363748
30332664
30294351
24763214
30266082
30274204
30349896
30337169
21901456
30282097
30294982
30302095
30315026
21339228
30261998
30292445
30385568
30358755
30312746
20607399
30275699
30306607
30333092
30311566
30320566
30327131
30278795
30046455
30296240
30311065
30381094
29345111
30102835
19427702
30259160
30357286
30287326
30266550
30306225
30380067
23488057
30279349
30472683
30352996
30317882
30349395
20826293
30383102
30389093
30431904
32008702
30423226
20880096
30702951
30380480
30412503
30394593
30395664
23213297
30377709
30403942
30385456
30409189
30417844
30389200
25367154
30362021
30399073
30408702
30444221
30425290
20640525
30358409
30410833
30459186
30396981
30424908
30434697
23672014
30377991
30408859
30408913
30384069
28618232
19805828
30255614
30327722
30345725
30310292
30316089
18701771
30328273
30308227
30306035
39370572
30289495
30314611
23382620
30241988
30321015
30342549
30288125
30306007
30307382
20374303
30289295
30301516
30335475
30350255
30322584
30302631
21448679
30310371
30368397
30385791
31872237
30378084
30287962
23189157
30305327
30290982
30362661
30340991
30291598
30320315
21707564
30236609
30285456
30344160
30331925
30316036
30354514
30287413
21424922
30343526
30264724
30236311
30250944
30270033
30242484
30263706
24440581
30290584
30289431
30292451
30868431
30337792
30315875
22450353
30309330
30296356
30326589
30338173
30301375
30342740
22288557
30262024
30320147
32063783
30372937
30339794
30363042
25299432
30594577
30303797
30340065
30374886
30314998
21461034
30310820
30372708
30326240
30348728
30371153
20667010
30270655
30326919
30315646
30304408
30292222
30372116
30271742
28832596
30357964
30328476
30313127
30304831
30284529
30302286
29399093
30308900
30290603
30304360
30311386
30328315
21375914
30347264
30301149
30327111
30360414
30318916
30321311
29151389
30330542
30350841
30331333
30408795
30966839
27400772
30345005
30364833
30311618
30317555
18746982
30275051
30315904
30927808
30296991
30327082
23376999
30399676
30417162
30400064
30428535
20664338
30628226
30373090
30326724
30457133
19978686
30356760
30391400
30459129
30377108
21233401
30408026
30398318
30419315
30376782
30465243
22973826
30365004
30348536
30393537
30421620
30429607
30494020
23392244
30451807
30444417
30519489
30474876
30592104
30490421
23552731
30419485
30475249
30480233
30491477
30444537
30463830
30421624
20580639
30407147
30461928
30600723
30450413
30432553
30472164
30450935
30381786
26905755
30490830
30470378
30585391
30460013
30454791
30467445
30478419
27022868
30486611
30523080
30500864
30499124
30503768
30483066
22563924
30361047
30459393
30493722
30528090
30477384
30440769
30438271
29917918
32118348
30503757
30485864
30521687
30531075
20773797
30473708
30482073
30492897
30526729
30501977
30485185
23953847
30358153
30383027
30345240
30385819
30395144
21674394
30361664
30407344
30409558
30412555
30346873
21199571
30382136
30372944
30413055
30452246
30425026
23886579
30380367
30387173
30442113
30433631
30424222
26549205
30315668
31177625
30357026
30364689
24577914
30398604
30363886
30356459
30358204
24317424
30296674
40116798
30364467
30377686
25095487
30362251
31014630
30406116
30399422
29752613
30368880
30407349
30409397
24404970
30399805
30403944
30427893
23622535
30321999
30390824
30369198
30442547
22681780
30335593
30382860
30440984
40239694
30441185
22222431
30345021
30419404
30379827
30419858
30392146
30433117
30385669
26452402
30395951
30415680
30391562
30440863
30710300
30423589
26274331
30383411
30415602
30401277
30437798
30422498
21079783
30234138
30286119
30274322
30251868
30266278
30297915
25364792
30238656
30257144
30281128
32135537
30261120
24401814
30282935
30296569
30293384
30271027
30235864
26185388
30233733
30273191
30265433
30261220
20650179
30248715
30271520
30271845
30541888
30234059
28198823
30253052
30211236
30228266
30265231
26372195
30252913
30233853
30217353
30257464
29066916
28435054
28473816
30326453
21164008
30250187
30267913
30248300
30334400
26412842
30231088
30234749
30273759
23528054
30222375
30293333
30265562
30265746
22750591
30266400
30296476
30261079
30207440
30220019
21261116
30185402
30201403
30243242
30246805
30273791
30233902
30258333
27875192
30198242
30233857
30204449
30254915
30221262
30215402
19563922
30194296
30278991
30265071
30220974
30253997
30242373
30224384
30143608
21024155
30142044
30262395
30195213
30231953
30200266
30233758
30211669
30184577
22537763
30232669
30246949
30275882
30230151
30259138
30224060
30228526
30182462
30166688
30221002
26209798
30250473
30263584
30256300
30243155
30213116
30264949
30216020
30124744
30104782
25058674
30213933
30207427
30202612
30257635
30232882
30221098
30164082
30179467
18152461
30309402
30298707
30274111
30319127
30336504
30298710
30183095
30245589
30177033
26476656
30252631
30301411
30234111
30224942
30266970
30279317
30177184
18625475
30591264
30247555
30270817
30305204
30291433
30266982
30233693
30195204
24879856
30319308
30325950
30338131
30372211
30346009
28975145
30254640
25087509
30278732
30320995
30351655
30347093
30370210
30335613
18630060
30243618
30269786
30316419
30332362
30313177
30321442
30268055
25985551
30375661
30352282
30328604
30323831
30347741
30335844
26482749
30332082
30285953
30341793
30357782
30357529
20780557
30260897
30292020
30269674
30314804
30342104
30323162
26692513
30335982
30352920
30312094
30271292
30347787
26016867
30299778
30359175
30323789
30337397
30336179
29789744
30362386
30338325
32292272
30356529
22850211
30291867
30314635
30277173
30304844
19758397
30282000
30403155
30313399
30348379
19293784
30368307
30357114
30373055
30341186
30269517
30355306
30135464
30310542
30258360
30282479
30327710
20629481
30282975
30248182
30256471
30294706
30302844
24619815
29826747
30304838
30313001
30352435
21638909
30258694
30306747
30289984
30346369
30336213
30264339
29580551
30277820
30295668
30310530
30372204
30303981
27503051
30302413
30326174
30309612
30394201
18885111
28458809
28534516
28473280
28542901
28560312
23191693
30300024
30364412
30353597
30337266
20675686
30305421
30412180
30314229
31131488
30337941
30265671
26412033
30294742
30316308
30353873
30319231
30328158
25468851
30331835
30355876
40962486
30303717
30291633
30333735
22386462
30318320
30301198
30336736
30274016
30325811
30326278
30278627
30327076
29651922
30237700
30263515
30242880
30207089
30253754
30221471
30178613
29070672
30240626
30266859
30357451
30247704
30261825
30269792
30223449
21704692
30167208
30249474
30270609
30311860
30327814
30302768
30254980
30193509
30153398
24807735
30212962
30271008
30197933
30184422
30215591
30256096
30138160
30169167
22946268
30873348
30242148
30210955
31090797
30229802
30260717
30189164
30149620
25217125
30218694
30245567
30230355
30824328
30263471
30584870
30232035
21845837
30228344
30279042
30281888
30291068
30332591
30259480
30282589
21863687
30230437
30221218
30276475
28475411
30097978
30278003
30224872
25498652
30283492
30259724
30231161
30296482
30254722
30267960
22829904
30251953
30248848
30250284
30836879
30276682
30271919
23125094
30419526
30221361
30211704
30184250
30196902
30195397
27660450
30208182
30226276
30258840
30258805
30256179
23545153
30180600
30239110
30199588
30232284
30236410
23309325
30255266
30230382
30205064
30260520
30247813
25282769
30200089
30188318
30216367
30246342
20430830
30168913
30252678
30230076
30202148
31051610
27793168
30239382
30295891
30283355
30232722
26576617
30248320
30233639
30273125
30253926
29945035
30210998
30256167
30255051
21976214
30235788
30226751
30271475
30258500
29030965
30237740
30244790
30252280
25161151
30257241
30252451
30247042
24445228
30249473
30231829
30239585
30199918
25823398
30269332
30278922
30225269
30284579
30260095
28225964
30257295
30256724
30272681
30220520
21551331
30148938
30204685
30284902
30192417
30226402
29562287
30357719
28493031
30108827
30325906
26708822
30313398
30317684
30299471
30354693
29328645
30273586
30346255
30313833
21264777
30260107
30347604
30320845
30359524
26298453
30309277
30301067
30300665
23281094
30298148
30368893
30304111
22419827
30276813
30315509
30289223
22925757
30372958
30347445
30324412
25155594
30353139
30347579
19153548
30301360
30336335
30315008
30326206
25698982
30342524
30341996
30310962
23995314
30316580
30292035
30343799
30290355
24170050
30295584
29141325
30295955
30362615
26583762
30386027
30307588
30287260
21051976
30236984
30303417
30314363
30370451
27917192
30366357
30332182
30297204
25351441
30310489
30273547
30322638
30329453
25136918
30291244
30383211
30959350
30355928
30313533
24804559
30263781
30309606
30333343
30395729
30264873
30317102
22745764
30246413
30300233
30343028
30387657
30349414
30367307
20315854
30285482
30305731
30312204
30341884
30398295
30323435
22708103
30350386
30353678
30334918
30343353
30334937
30302937
24537524
30358044
30312651
30317729
30371858
30324189
23101711
30289460
30285873
30301622
30317186
30936732
21990483
30283113
30295725
30349514
30267559
30358579
24289915
30357049
30325781
30305362
30353453
30320046
29430369
30300049
30328923
30372011
30312687
25942533
30360253
30322108
30346052
30343266
25333747
30272566
30314537
30262880
30280649
26810619
30341886
30290991
30356471
22536793
30323533
30331313
30267540
30379473
26237247
30263832
30331920
30260300
24715241
30335273
30300143
30336286
24496186
30297136
30345424
30338095
25136763
30378547
30342544
30308636
26539415
28498603
29903387
30270039
23918808
30304738
30335145
30345055
30352995
30344094
30194296
30363522
30321171
30302798
30280705
27835314
30313658
30348195
30274313
30326989
29861453
30303258
30328736
30290898
22796699
30281313
30337839
30323918
30267186
26743806
30326193
30335926
30367806
23058381
30238115
30245566
30259914
22943775
30128722
30252531
30193069
24274319
30269759
30222295
30268496
24768761
30213491
30250400
30273553
19962950
30257722
30297151
30288513
30261278
30259395
24756330
30347359
30347517
30375669
31188121
22563073
30272027
30315387
30321462
30291082
22672435
30251051
30314675
30412762
30256821
23795434
28533914
28513110
28504912
30953469
30314362
29428215
30288818
30261231
30232917
30274298
23817315
30261151
30343048
30249951
30304327
21699994
28504923
28517267
28547467
28511872
21268274
30288230
30292874
30343382
30300033
22884902
30297562
30276651
30293825
30347866
27653154
30320946
30299630
30356515
23724005
30281601
30293047
30351168
22255822
30314204
30337251
30317562
21707761
30319339
30286026
30322109
22554234
30298712
30321833
30287768
30300980
26150089
30296997
30307049
30286665
30319464
20818514
30266980
30272089
30361960
30446902
30307533
30319170
26829247
30330735
30319365
30314748
30360018
30323831
22989810
30319468
28463699
28502705
30306173
30318177
24864394
30263895
30335425
30362090
30336147
30309687
23678780
30326121
30342215
30311257
30400840
30315826
29256144
30335814
30326811
30300986
30325919
24497503
30326395
30321557
30341207
30342193
23187930
30328077
30317012
30313998
30338180
24286484
30267476
30356587
30346101
30319726
29427418
30296549
30372935
30285011
23121121
30324111
30303738
30372063
20965277
30254271
30305355
30300983
20278826
28458262
28507014
28497467
22496091
30311897
30306497
30343921
30339177
23617606
30360283
30345335
30317589
30274123
29418806
30326282
30280962
30251482
25156109
30308524
30361702
30303717
24894249
30332819
30314453
30338120
24662417
30290776
30281536
30294882
26384190
30327951
30311173
21988715
30292927
30330664
30348850
30348929
26001102
30290217
30321262
30276066
24021279
31385732
30314471
30333740
23506618
30337333
30331911
30344013
25746814
30300253
30318344
19575799
30260435
30329806
30251976
28511221
24526456
30304589
30359391
30374960
30296559
22203116
30298012
30305034
30313062
30361250
30318482
20378854
30287500
30337022
30353542
30353190
30389877
30354124
25362954
30267388
30257916
30298446
30335551
30293893
24985733
30260609
30546831
30280023
30328229
30307775
27121133
30302962
30322430
30291062
30317334
22246362
30224836
30254101
30299480
30292484
18743515
30267587
30273269
30284490
30261208
30295033
29852995
30336980
30317802
30328286
19909721
30311773
30299031
30257707
30293804
23239204
30231621
30251695
30276501
19399448
30207016
30239055
30289245
30390211
26644664
30325582
30321255
30298684
30289004
25699262
30318830
30357475
30297638
30262700
27334768
30264334
30365567
30330429
20813683
33967527
34075534
34091357
33924604
25650076
30243973
30216195
30260102
22892817
31026268
30245913
30220359
30213837
22011158
30296188
30334560
30347161
30329565
20646174
30221735
30379419
29576331
28471417
28495841
26227467
30361040
30342067
30348089
30287062
30348682
23145031
30302663
30346506
30293976
30330883
30316177
20213231
30245949
30335319
30335308
30335300
30306345
30283869
30247937
23787253
30324453
30400407
30363047
30321513
30294940
30915009
30289419
30037753
30405082
30423322
30427545
30387524
30377951
30274336
25958789
30401168
30465662
30419059
30410955
30411627
30359094
26750178
30405906
30381948
30455776
30465263
30427592
21129289
30374237
30375446
30402362
30409545
30384391
30367161
29001967
30366582
30391582
30432322
30455282
30380968
28547486
30471980
30511915
30482545
30474008
20011357
30388726
30468880
30490243
30501393
30457306
24715661
30493628
30484782
30473369
30487508
22208444
30466471
30462062
30445955
30438395
21971793
30458984
30459255
30516480
30494727
23585290
30516321
30502399
30491188
39841425
28632783
30518994
30512440
30480382
23429146
30500577
30496306
30457615
21424047
28602223
30253131
30481886
20760877
30452435
30495111
30475464
30546139
22123140
30374822
30416704
30376535
30418921
25523600
30346840
30321356
30371964
32369542
19844871
30294860
30331213
30318899
30331563
30351422
30298242
22738487
30226017
30196346
30276463
30219246
30212015
30156258
30473997
23130271
30213740
30205588
30264982
30217326
30254071
33174100
30108189
23917188
30238506
30226031
30255004
30199953
30239578
30144411
30154701
30177942
19156988
28380074
28482492
28439165
30239075
30184880
30155604
30102666
30103543
19781028
30134870
30247791
30170511
30219515
30236715
30206709
30127049
30201252
22204266
30237395
30271411
30275468
30348324
30246238
30222327
30197355
19512981
30234855
30239973
30349402
30277704
30286448
30202597
30153818
20802923
30199829
30258600
31093833
30311639
30245555
30236704
30159622
25285083
30254692
30283831
30237244
30357922
30235207
30214528
23204897
30195493
30238039
30275586
30239700
28389623
28335301
24867898
30277960
30251724
30226195
30250537
30197322
19656586
30238195
30203446
30196595
30216036
30226849
30198524
26958328
30263263
30194617
30268024
30300007
30336758
31658019
33981211
33851133
30236553
30184512
20362632
30181523
30252511
30240844
30274847
30197926
25379712
30262577
30248351
30280598
30238662
23028806
30225614
30186302
30234338
30249978
30306115
20631953
30154755
30212802
30273726
30252706
30295499
20743601
28374547
28369536
28425536
28397796
28444016
22385784
30189577
30256400
30253397
30223551
18460994
30156317
30274573
30247755
30280215
30254931
30210335
22951351
30245593
30205111
30160930
30239424
30223935
20577692
30203974
30239835
30289595
30178386
30337053
20452866
30210593
30238418
30278138
30266525
30260669
23094833
30221505
30215762
30236237
30253737
30204480
29851139
30228706
30255153
30238920
30273622
30197015
22522095
30171673
30258508
30220284
30199979
30234253
28389552
28389177
22339502
30168104
30173571
30210428
30224818
30196874
30131989
30068704
30091353
30178085
30202815
30215542
30185469
30182966
30123795
26572776
30222626
30231469
30196831
30239253
30226491
30166149
29475873
30282885
30296115
30261186
30243071
30244322
22361683
30241418
30293975
30275092
30286178
30252266
19686351
30249064
30293818
30253866
30275446
30248095
30240933
30198004
24535801
30237422
30229940
30279727
30262433
30277622
30180627
22860330
28439817
28510378
30260810
30265208
30343264
30237086
30178798
29957379
30244958
30457206
30324749
30318094
30286121
30275364
27228582
30417533
30365959
30369991
30386169
30272638
19073553
30280558
30385969
30356801
30347086
30356909
30264439
23899401
30531477
31066313
30457569
30424788
30474444
21916471
30428808
30532346
30442998
30481393
30508193
22861297
30407952
30467191
30472624
30471789
30519102
25899328
30460768
30436486
30423844
30480683
21954253
30385915
28577565
28592905
28601407
20102964
30442696
30506980
30520428
30459671
20710315
30452964
30447389
30449829
30515448
30483810
20943514
30522668
30526869
30526688
30500262
30498888
30508088
23269536
30417853
30465421
30496608
30452387
30492535
30423122
21882839
31656342
30463118
30455642
30446873
30474454
30444146
23724653
30457736
30534946
30517083
30482197
30549846
30450713
30149012
30457721
30431321
30469897
30494703
30433429
30403531
30082852
30409389
30435717
30397862
30470235
30364093
21322578
30455638
30484349
30494470
30466472
30478142
30459100
27163088
30538389
30493193
30530284
30513708
30449677
25753867
30432597
30376353
30399271
30348626
30380051
28000414
30390684
30400473
30412352
30393459
21591208
30328893
30364404
30344109
30361120
30371229
29446856
30377744
30383342
30361257
30382310
26740584
30383666
30348137
30310804
30341813
29429542
30333799
30296922
30355113
21188742
30207677
30230882
30259799
30290486
30269256
24869394
30243753
30237663
30307150
30282793
21366368
30250122
30256792
30241917
30239104
20431725
30173282
30235930
30302487
30270252
21253103
30353527
30370424
30369943
30417650
23657764
30249846
30235230
30299448
18915828
30226599
30283584
30278489
30261725
30281658
24752087
30242118
30259067
31085365
30241662
30247126
20453928
30194361
30268844
30223948
30263422
30274147
30259844
23235848
30275626
30285342
30249706
30263215
30302722
19452368
30179468
30288244
30284067
30308191
30279204
30254715
29782413
30198009
30219733
30190124
30220965
19895288
30210210
30238609
30205602
30184235
30253814
30159270
19923010
30141097
30218930
30213031
30218333
30210840
30215694
30154615
24721003
30213544
30295986
30231084
30218733
30246922
30114824
20315846
30111233
30193533
30182115
30163862
30220188
30189489
30143264
30141149
#end
