#729a2951|blade-2-m620|jdom@54ed0cc8b7e8deffd5e088305ca7723dc0bd963c:org.jdom2.Verifier#checkCharacterData(String)[generators@bcfe6d43107430b2604e2e34b9151742941652e0:cz.cuni.mff.spl.casestudy.generators.ParseFileGenerator('MQ==')]()
#date=May 1, 2015 5:27:28 AM
#warmup=1
#count=3884
#begin
25603003
44820614
24287202
30201869
30948966
24392001
30148687
30142329
24373988
30228305
30231038
36787131
36376515
36378538
28606732
30181944
30166298
30143232
30177757
30189946
24349418
30129338
30164739
30184913
30196603
30172563
30222844
30161591
36682981
36778774
36749764
36674720
24394331
30236832
30289053
30259525
31613126
30283835
30275644
30267791
30235003
30224473
30212546
30298025
24906201
30260680
30495188
30277006
30309138
30314372
30252611
31203135
30248491
30248160
30278229
30326109
30232386
30247379
30285355
30308437
30105415
30428684
30447184
30427935
30415920
30397175
30443509
30501801
30455315
30471075
30397971
30428702
30498189
30396829
19685951
30459990
30426524
30411064
30431714
30379500
30473120
30467164
31058206
30442006
30416479
31379225
30438742
30490449
30506716
28281843
30412038
30458917
30389759
30399051
30353091
30357822
30359120
30385366
30390886
30382617
31279719
30500622
22528225
30414986
30416686
30456958
30440998
30372020
30398206
30371550
30372564
40438396
39944336
40205505
39876635
28939084
40152514
40175365
40010483
39965329
39986299
40015901
40000096
39982585
40242481
39920212
39926981
25081320
40109743
40031863
40033580
40022536
40023319
39944014
39882936
40083016
39921720
39846816
39944895
28897651
40027365
40287298
40031987
40043709
40065832
40052167
39990209
39936538
40025133
39887487
27115921
40061081
40111750
40071385
39970078
39936155
40045185
39997965
40030823
40004141
39967192
32868356
40202056
39986467
40091036
39983483
39863897
39966925
40001125
40011045
39909081
30584133
42082020
40073780
39964889
39927835
39981992
39968474
39944103
39964421
40025627
38512705
40044928
40027287
40150680
40063825
39994700
40173947
40078912
39878963
32738474
40252689
39998045
40065127
40061394
39945146
39997118
39982921
49360450
29002189
30133129
30186427
30141994
30170162
30171938
30170739
30165137
23554117
30218536
30208863
30152239
30287007
30168631
30172253
30159501
23628761
30178224
30185313
30197553
30326587
30230615
30147111
30100562
28588978
30155170
30154173
30115971
30155992
30118952
30185307
24489245
30244821
30253858
28351641
30224071
30212849
30113147
24961581
30157639
30156363
30178018
30164538
30191155
18497518
30178761
30179875
30199916
30174651
30152877
30178040
30225249
30231526
22813385
30277217
30230233
30239022
30225231
30247999
30271015
30230020
30260140
30282662
30240225
19705115
30194182
30313829
30307844
30280782
30285073
30338747
30278187
30326840
30243373
30227137
22709051
30232859
30254899
30259710
30298762
30258310
30274625
30256257
30274448
30252313
20704241
30209662
30222068
30251909
46422159
30182471
30203939
30196682
30208791
30176406
23162229
30207669
30207783
30284177
30213918
43566096
30195772
30195513
30181251
20529868
30219204
30167917
30195575
30213686
30172589
30210533
30197338
41287886
21842471
30203027
30228540
30250364
30240231
30229322
30213231
30162511
30223734
28142834
30226413
30279737
30247991
30227744
30237695
30250928
30227490
26717972
30255097
30212129
30220409
30247831
30287190
30292378
19827346
30301401
30231738
30292495
30282955
30296915
30270484
30312622
26336597
30255018
30336966
30244644
30284420
30237883
30232231
26307459
30333375
30375088
30406773
30324957
30351253
19422332
30460734
30361611
30463942
30415909
30457595
30430834
25310230
30514723
30419426
30387509
30386935
30464209
24104143
30476518
30462544
30435290
30458555
30428214
25921595
30425037
30440518
30453102
30489422
20278023
30430506
30398946
30447871
30438556
30431862
30427496
22016416
30466779
30415173
30452569
30683933
30422904
30418869
30369435
19193426
30408255
30446477
30420449
30400824
30454084
30444376
30380590
30472146
30422307
30364332
28654850
30393941
30396295
30449748
30398907
30465399
36503264
30439869
30383174
20879654
30449004
30462322
30433267
30473309
30462192
30496839
30365255
30400346
18130974
30413979
30453135
31067667
30396033
30422916
30461200
30403917
30439897
20878632
30359200
30327940
30379628
30358362
29073032
30329466
30306198
30367619
26616395
30341460
30330678
30375940
30391832
30341208
30340739
30377910
26535466
30292860
30296922
30324848
30339846
30371824
30334103
20432099
30353073
30327426
30373610
30371747
30407655
30347896
30319645
27844370
30347997
30330015
30321848
30307780
30410415
30400137
28764460
30349895
30335764
30363906
30370052
30328902
21068276
30308328
30379411
30377289
30324430
30316634
30346940
28792480
30658133
30423859
30423124
30458922
30430004
26904206
30432151
30436614
30457943
30424804
18750493
30360850
30511215
30357035
30426605
30449286
23506866
30447271
30417876
30431322
30423657
20603736
30459722
30428633
30438766
30396731
19542782
30417340
56600588
30447155
30447381
30418548
18479913
30334484
30341181
30342091
30318120
30335832
30392084
30348031
25656909
30331068
46974512
30365127
30369864
30437695
30336083
30330698
30325782
29874742
30416604
30434042
30426428
30434535
30465976
30426844
30467973
24346068
30429966
30423368
30441487
30452036
30440351
30479895
30443733
24572757
30406715
30408935
30409386
30459976
43599409
30396482
18137216
30453003
30392361
30420911
30424171
30405060
30405597
30469207
25966033
30424628
30442284
30400784
30492535
30437086
30436226
26507350
30430062
30427026
30409265
30418872
30451329
20446390
30462651
30473308
30413977
30427004
30413846
30426413
27050756
30384910
30366122
30387071
30333890
30386600
26390846
30361740
28464580
28537345
30358408
18351284
30391539
30363139
30397784
30343079
30411568
23432595
30349602
30384914
30355673
30336226
20638114
30264537
30281769
30332469
30300599
20296748
30254993
30313633
30314046
30274782
30330907
19477304
30293773
30327039
30316997
30336346
30357879
30338855
30289985
26542813
30307969
30291253
30328406
30281031
30294888
30337355
27724843
30368867
30310833
30282759
30362462
30263784
20919352
30355313
30352755
30338490
30324342
30367364
30370280
28447110
30301444
30324050
30341731
30237465
30255251
26899762
30310144
30313759
30318063
30281897
18890095
30343533
30266231
30342978
30289164
30335046
23511688
30370909
30347638
30387837
30614912
20890797
30267778
30322924
30288080
30249915
30223910
30295822
28101306
30284538
30319245
30292262
30299183
30300899
26698931
30332255
30285517
30362581
32166398
18673352
30301227
30310366
30285078
30331074
30366449
23260458
30397623
30333109
30334359
30381869
30347829
28489348
26852133
30361686
30385068
30403220
30343560
30327805
23231844
30339304
30322104
30323475
30302607
30291344
30310944
30327053
27484208
30292166
30317284
30273148
30288652
30290761
30307945
23966882
30187857
30189505
30258739
30147769
30191254
30160405
24657888
30211130
30200027
30192317
30226229
30205275
18118261
30189247
30223833
30275515
30201019
30167853
30158948
24966274
30238589
30173258
30235389
30212722
30184836
30129484
18766474
30175310
30181444
28307510
28319512
30160778
30144651
30169674
30141498
30095045
28923956
30143131
30172242
30165315
30188562
30187846
30255258
30242400
30146189
24656025
30119487
30145245
30114727
30181248
30178330
30132164
31076088
30707588
30168009
30212753
25093598
30128038
30135237
30131618
30151758
29717392
30109802
30155536
30140501
30128938
20664770
30151917
30181249
31012861
30149117
30187397
30140427
30146039
30123626
30151465
21057672
30191822
30206573
30224367
30172555
30207277
30181240
30121819
30169401
30160731
25858585
30221569
30155924
30189778
30206055
30246179
30197759
30201604
30188502
25171678
30160335
30102149
30132078
30195831
30216489
30132480
30177584
18624999
30160968
30206093
30142835
30177491
30168427
30167095
30167880
30164634
26173731
30140260
30162755
30161084
30174606
30219360
30142448
30182885
28681196
30178605
30129575
30188088
30138629
30138463
30123971
22531153
30175429
30135977
30144069
30152858
30190691
30157747
21352660
30155409
30194233
30171547
30148240
30126397
30153110
22957280
30174151
30175460
30177158
30175199
30130793
30192455
26554658
30140122
30097060
30155613
30188953
30132657
24442299
30229535
30217382
30328847
30339344
30532642
24358997
28461383
30313064
30305326
30294373
30277295
28673617
30204762
30260253
30859913
30255937
23491070
30306700
30264693
30248893
30243810
21478783
52215622
30233682
30295946
30250184
21866650
30291390
30327957
30291764
28425795
23822770
30287115
30293362
30328051
30284039
28666841
30229006
30272379
30260442
23552228
30240550
30269098
30216324
22227359
30306891
30246888
30323942
21873211
30274709
30947468
30247319
23235333
30281521
30294973
30204382
30260028
28197901
30242431
30254500
30289775
23302186
30261335
30273262
30249637
21232538
28414865
28468238
30214842
20760930
30258196
30235981
30263135
30258446
21753267
31310455
30277297
30267806
30251449
30277058
27153713
38037800
40582654
40298637
40306776
40303898
39015393
40437616
40409578
40574344
40438460
30979877
40531820
40385460
40355514
40368720
29374940
40382883
40687685
40382418
40390794
31749410
40469489
40347585
40375204
40433327
39857297
40326272
40387785
40337916
29422567
40231495
40421220
40263051
25676859
40306744
40214120
40238596
25101354
40367313
40228704
40219507
25168885
40273278
40319136
40163807
40121225
23406972
30330375
30326120
30355126
30359362
30397991
27536640
30366459
30342790
30362455
30334332
30286329
19368169
30358751
30366033
30342271
30362973
30370474
30356998
30422140
30270313
29441440
30397842
30338068
30370078
30369308
30382968
30320402
20335027
30323806
30426224
30315257
30413222
30397749
30388339
30731046
26201616
30377120
30364073
30333810
30355553
30424013
30376269
25283045
30393973
30383106
30638938
30349917
30344477
30317682
29280278
30334527
30346391
30342751
30363295
30339797
23244935
30358364
30290302
30368499
30340875
30350528
21670804
30318957
30351998
30325506
30397080
30347415
22594762
30321653
30263226
30316195
30309005
30309082
26275981
30322899
30290857
30288604
30330658
22493902
30271688
30310344
30313651
30367002
21240156
30301717
30279982
30355932
30339902
22602169
30315855
30296646
30302829
30291856
24726693
30260784
30325231
30333246
19575921
30275302
30292429
30296742
30292986
26314385
30323235
30322280
30353268
25147245
30331826
30300966
28445004
25474958
30354064
30310711
30351902
30246509
29552836
30428811
30317138
30306351
23006472
30277953
30336235
30261711
18763874
30373144
30303436
30978577
30329210
27570734
30285371
30351331
30310295
27764850
30312736
30287851
18721838
30315566
30304355
30295493
22758379
30268835
30267415
30313349
27292572
30302599
30289397
30356526
24989654
30307737
30312426
30329528
30335304
23775315
30297632
30276280
30315315
30332293
30319084
23368770
30324935
30384006
28461722
28475005
30133996
25201674
30315204
30272558
30283271
30373500
19478626
30324904
30255851
30297276
30323529
30298034
26612871
30332358
30305711
30313562
42272152
25791591
30312055
30332439
30311395
30267374
27778787
30303442
30295473
30312843
30266900
18936592
30306820
30323779
30294517
30483587
30263775
30307093
28233634
30284661
30341320
30264851
30311570
30283702
25768329
30292056
30278971
30317760
30310728
30299231
27120348
30226057
30188531
30236889
28386181
20889172
30185307
30173630
30167451
30206904
30212970
27277405
30177862
30282792
30216910
30194887
25708492
30167609
30206460
30172197
30184902
26418000
30186944
30178880
30196953
19685077
30219818
30216666
30255517
30235084
24228389
30170384
30232149
30202039
30208088
20543871
30216037
30202649
30223646
30145746
30152182
30171813
25489880
30225668
30189460
30152485
30142038
30167978
30139767
28483741
30149953
30223082
30261553
30211859
30206734
22359478
30232278
30202744
30236354
30189367
30179063
20918468
30155382
30198204
30143653
30231482
30198735
21546205
30186315
30187876
30143045
30207496
30182489
23852035
30212433
30802210
30251213
30194613
20264001
30243907
30204440
30227431
30214656
30203191
29442978
30197953
30217913
30270483
30214573
29865285
30164478
30203853
30160951
20949756
30237662
30220122
30199106
30184334
25623625
30207614
30270042
30254886
22182638
30209400
30164909
30191418
21298791
30269239
30209764
30193033
21019192
30167435
30216144
30275075
22348389
30185384
30184738
30183263
30186740
25900798
30178566
30139822
30168845
22460298
30198711
30188324
30180255
21113505
30198211
30181585
30187160
30232224
20315277
30218847
30259462
30220904
30164144
30198709
19080887
30470235
30202996
30154424
30157041
30242495
30188513
22479995
30177269
30157362
30207093
30229939
30239237
19545382
30203959
30179567
30124328
30184976
30232002
30187675
23472322
30212613
30190508
28382118
28395215
28419492
21449462
28612809
28364314
30197048
30186974
30243393
22103334
30186537
30265428
30245850
30243900
30230727
24365319
30195466
30202020
30192131
30224682
20369354
32311307
30303644
30353100
30362164
30377713
29573716
30371117
30356506
30347262
30350475
29754415
30310384
30261422
30293486
20471463
30385240
30353777
30363669
30295840
24728283
30356558
30374249
30389269
21800871
30332735
30361658
30355489
19141489
30366168
30335115
30327002
20162206
28520554
30194994
30328699
30372335
21323900
30360870
30341257
30320093
30337705
30344909
24401812
30340874
30399120
30347252
30351233
20892272
30334106
30294902
30327660
30384673
30330137
29859235
30329570
30324756
30318428
18809669
30398218
30532904
30319495
30331337
21851805
30337696
30318521
30314055
30326939
25965000
30263521
30309599
30349386
22082528
30318737
30294286
30350715
30369588
20000919
30341131
30380273
30352833
30387892
20348290
30357078
30323174
30370923
30368902
18935009
30344755
30372379
30360657
30370489
30341442
35024850
41111138
40332613
40185136
40294722
40148743
32027403
40415721
40267318
40309245
40212987
40240620
33247202
40419309
40293403
40652840
40234747
22944290
40332801
40166201
40329364
40383380
40271825
32314183
40415274
40247420
40326207
40273069
40217196
34017437
40259725
40225402
40325063
40268990
40291994
37312959
40290354
40262329
40241473
40266060
25847598
40307125
40300398
40331558
40244942
40256127
36344996
40282424
40232156
40636047
40167697
33144353
40400258
40243005
40274060
40347090
34217009
40329523
40290802
40297967
22748597
40286052
40265106
40286564
40218645
30009875
40412651
40472434
40268156
40271785
23718999
40442800
40684700
40220741
40332167
40276724
40258510
31620281
40394957
40274456
40279940
40217196
40313541
28280083
40364932
40329465
40270698
40301034
40280043
29398791
40278305
40461131
40231865
40314046
40256407
34670791
40301138
40306866
40221789
40234953
28073712
40336193
40266338
40326616
40260147
25036732
36743283
36752114
37257445
36565687
25663967
40332180
40244927
40457075
40312256
40285736
26375303
40293996
40369780
40269481
40286994
40222656
25531929
40281325
40328967
40302308
40294293
40214941
40191482
23343027
40347625
40253592
40397480
40334963
40240440
40236811
40218965
39313448
40324314
40246925
40386605
40352463
40304905
23803208
40460831
40347192
40299654
40313224
40229666
40347140
31240666
40379436
40304538
40280064
40283416
40210051
22609273
30116909
30108348
29987140
30185893
30098112
22983219
30137419
30139134
30122940
30137434
30127915
30146960
21863893
30103557
30178473
30157073
30158698
30137439
30140233
23396415
30167882
30131427
30179524
30226889
30248260
18199862
30243459
30259064
30202052
30201183
30292425
30224282
30234135
20962501
30231191
30207827
30263555
30214586
30229687
30243320
30233684
19843762
30237357
30287196
30288585
30284886
30299373
30293799
30263723
23127746
30240142
30248322
30273312
30308057
30276114
30247248
18968551
30214036
30297251
30229144
30224409
30229108
30258414
18552469
30218015
31076173
30248029
30240155
30253440
30267586
21804641
30279541
30278079
30287602
30287449
30303564
30285114
28573288
30307497
30319275
30386292
30388498
30317404
26171142
30340724
30304897
30340849
30320222
30382367
29110494
30416732
30395608
30416244
30400775
21939126
30330699
30320898
30274502
30343595
31123077
30039789
30334321
30387512
30364784
30331852
27713694
30343611
30330711
30395973
30366455
29860298
30331507
30324738
30349848
21538895
30591926
30303278
30323711
30377538
30325912
25081247
30337222
30324122
30408441
30330862
21512138
30351164
30367699
30327917
30377687
30378497
32373449
27240480
30336605
30394747
30336168
30330138
30381744
30349459
27569595
30370802
30299912
30353477
28545032
30123680
20602376
30307718
30343651
30358053
30377716
30374751
30444095
26556653
30341554
30322560
30366126
30354012
30325369
25564911
30324689
30333913
30322113
30352146
30378039
28386379
30437191
30301422
30339145
30342161
21781053
30334541
30317238
30305642
30358529
30326399
30307974
25771769
30377188
30394590
30409764
30382719
30380819
22850904
30376466
30292684
30318567
30347727
30345173
22871493
30293782
30337585
30363366
30383144
30355909
25200904
30375015
30276550
30243062
30336753
30299134
21320081
30138572
30091806
30086846
30117510
30092516
21910702
30118691
30098653
30079429
30114463
30059775
30073775
26770917
48672050
30093949
30113298
30098211
30104002
26196699
30168226
30180889
30184445
30176350
30097789
30198640
30156631
30117366
30127862
30217878
30214419
27187560
30173271
30166221
30824993
30204515
30165531
29886151
30184418
39643707
30153118
30229758
22192652
30125431
30110097
30215335
30177222
17873210
29986636
30186271
30374046
30092555
30205129
30147571
23909833
30222324
30176005
30205057
30188798
30165212
30202770
26592955
30171612
30161158
30206052
30153373
30137256
19535679
30224480
30186871
30178310
30193936
30152553
30207166
30191866
30214933
30123179
30372576
30188488
30208359
30200793
30192045
30188138
21423576
30206466
30227755
30131546
30175967
30170413
30176428
30240276
28803996
30234828
30189315
30193589
30191106
30142878
30215814
28163592
28355377
30171557
30199161
30198991
30192791
20580519
30189356
30146148
30236282
32173609
30164740
30208138
26134435
30247396
30232020
30243695
30210435
30306488
24596347
30245183
30235535
30306838
30313902
30263426
30283997
21381578
30858600
30289514
30246055
30250882
30297882
30261038
30254722
26475267
30276180
30245169
30277308
30303722
30235003
30240971
25068658
30259389
30216175
30300415
30250489
30268442
30350486
27240336
30260180
30204475
30267493
30189342
30282460
21964682
30263050
30231255
30244727
30238520
30260638
19726143
30224889
30270587
30283095
30240733
30287790
20937527
30261498
30315195
30261308
30276517
30291505
23401640
30272815
30263637
30304700
30542624
20358075
30305102
30290584
30259439
30274695
30237957
28205743
30228738
30227939
30269142
30269770
32760922
33830206
33967308
30236375
20299208
30186991
30224393
30217789
30252842
24449319
30246028
30181724
30214396
21207872
30248844
30209925
28418756
18825464
28458982
28416881
28437556
30238039
19390589
30501715
30210630
30220298
30221800
30205382
19902057
30211337
30210118
30213562
30204021
30205880
30176038
25014316
30213899
30194742
30231040
30236652
30236086
21101809
30242915
30206238
30236426
31005479
30220302
30221844
30213555
23563843
30209822
30227777
30245016
30217226
30200828
30221610
30204157
26794311
30216591
30198300
30302370
30267225
30305861
30321456
23350428
30278049
30337767
30833292
30207646
28437309
30091039
28509603
30382084
30349546
30333322
30363883
30375013
30371746
25956750
30286813
30322357
30356117
30337449
30392047
21853751
30326857
30351020
30298222
30305706
30342242
20900534
30337658
30331329
30336806
30327744
30316390
22297434
30299373
30311453
30331917
30325860
30334990
26344758
30343582
30338827
30336529
30412138
22947724
30335797
30344722
30285682
30313526
21984910
30385711
30368915
30321543
30309759
22819362
30341455
30346888
47469974
30304670
30386733
23892128
28572928
28529538
30338295
30309769
30309183
30353406
23478953
30354965
30357570
30360763
30317251
30366960
30309252
30328810
19284372
30349258
30303326
30386086
30317313
30405930
30354570
30323840
30381579
24267148
30576615
30341798
30335851
30341631
30342606
30346140
30352973
30236358
30314186
22980417
30354758
30272923
30344101
30380351
32307789
30389719
30346825
30364287
30347310
21468090
30361128
30347895
30346126
30395788
30270869
30404255
30355672
30322677
30315716
24442078
30332937
30312783
30329069
30366568
30287298
30289975
30342604
30331259
22402984
30351004
30327490
30332157
30344671
30325842
30361344
30361924
30303293
24179899
30395380
30352126
30353860
30314916
30294006
30278959
30386718
20485536
30354746
30319035
30318328
30361898
30259956
30313348
30347488
20495677
30375642
30272835
30339435
30366084
30341117
30337410
30352317
23996137
30343426
30363290
30355940
30379541
28531725
30364606
20809132
30345151
30344811
30299324
30338887
30349839
30348599
21181207
30326553
30323397
30353404
30358677
30415388
30316899
24285980
30361938
30388319
30323086
30329844
30330148
21193014
30347982
30312414
29257878
30384864
30313849
20444385
30324938
30304023
30370075
30316480
30342111
22805562
30352664
30374319
30351584
30363791
30387329
30342575
22322318
30352862
30314773
30350226
30337833
30383502
30417757
30406076
18967032
30350584
30339244
30378593
28509394
30361845
30382732
30355702
30327658
30294782
30349681
30300898
30295428
30320172
30333104
30305021
30335770
30341993
30379204
30317606
22799923
30350433
30332658
30539322
30312551
30253785
30336968
30347677
30339062
21711861
30339370
30331127
30308851
30336677
30379788
30350388
30326761
30387814
24422801
30325404
30312758
30290256
30318607
30311331
30342032
30355237
21556372
30337204
30318989
30309387
30330497
30315175
30319891
30307791
22395582
30287261
28436585
28465081
30299111
30322104
30269253
30303495
26550702
30255035
30285270
30358560
30303551
30300509
30267458
24145195
30165176
30208028
31031897
30171684
30194602
30152186
25341373
30164245
30203680
30207533
30237295
30194062
19677021
30155869
30142465
30396188
30155617
30209547
30154491
26667988
30134887
30142176
30138451
30128567
30184129
26600348
30122769
30139127
30146464
30149506
19503482
30755369
30172513
30175682
30152127
30163990
24117643
30139635
30157406
28316476
30010650
30108618
18454780
30120673
30112326
30128885
30187149
30232595
30184655
30134713
20059379
30133566
30193529
30069491
30098850
30178909
30150013
30182072
23917115
30117705
30185642
30199457
30144715
30244449
30134127
22275082
30183346
30228089
30177835
30207184
30266643
30197008
23180821
30219677
30204572
30248047
30278990
30244167
30211048
29122845
30190781
30206680
30260978
30230072
30216546
24960401
30233288
30172644
30166596
30203495
30187035
25051235
28416932
30012755
30156033
30179802
30157818
29247651
30159931
30157864
31513177
30154154
23027115
30152729
30158844
30119156
30217130
20811466
30156006
30121486
30159842
30151460
30167478
30156516
29379552
30145747
30139367
30216126
30402921
30179598
30154246
22381015
30165823
30139696
30143006
30222824
30144489
30234406
30260039
30191233
22084631
30184137
30199708
30166418
30193998
30458001
30160813
30201966
30187198
30165642
24443658
30232230
30293535
30284558
29229432
30300867
30255862
30255015
30266296
21621139
32251754
30272120
30238857
33404728
30324991
30478655
30282622
30240989
22929629
30314029
30262644
30262142
30254686
30243347
30249398
30223111
30238920
30064343
30322465
30403062
31186699
30364578
30367936
30334113
30334019
28817547
30355183
30351373
30317704
30378942
30371511
30373793
20701790
30345691
30308220
30364190
30360527
30346162
30411206
46637350
27147338
30357551
30334162
30338059
30379492
30577323
28541162
26653273
30307375
30324573
30438176
30336628
30290480
19667897
30394300
30366504
30348058
30362120
30373776
30335826
25653040
30323051
30302849
30362739
30398749
30374011
24241101
30372923
30331977
30376764
30316244
30335433
25924511
30325561
30303889
30365302
30350022
20185400
30387582
30380475
30416366
30427845
30382800
26679453
30373398
30401499
30465612
30467015
30373820
22647464
30391670
30413289
30424695
30449402
30436035
30426168
30481790
25482365
28590578
28573034
28567221
28580339
28569694
28617465
30360704
30399711
28812802
30334586
30362743
30279920
30272427
30294964
30309114
30283631
19686479
30306524
30374355
30364696
30363792
30319716
30331117
30399717
30365231
30332940
30323304
24162532
30344653
31082206
30405279
30364950
30379140
30356542
30371928
30403111
30368453
23702799
30337665
30324500
30341133
30352714
30397018
30351097
30347337
30352638
30365654
29837751
30316714
30406222
30363322
30360813
28526355
28506870
28514116
30341529
26735428
30306978
30317913
30404964
30394875
30324950
30367109
30324211
19684257
30350698
30364906
30290891
30309680
30391984
30374016
30344124
30354356
26453884
32347047
30356755
30390595
30350637
30374207
30363139
30315191
27605539
30337720
30553515
30339511
30353789
30378575
30377542
22100462
30353719
30370999
30349821
30359451
30418971
32338626
18878920
30316849
30369184
30342310
30364095
30405700
30323011
22900562
30344689
28469530
28558498
29952244
30315658
30290637
23788693
30357386
30336206
30348780
30338992
30378309
21088724
30427016
30403685
30333767
30337517
30343844
21250283
30353995
30357291
30367501
30361551
30330273
23478697
30344660
30335231
30394424
30350534
30359040
30191582
30315490
30335737
30316448
28559231
25795731
30358603
30346291
30366946
30327991
25503483
30290789
30335824
30318042
37714842
28445079
30336513
30338949
30386381
22147466
30355791
30363327
30303970
30367730
28255785
30357677
30305584
30323015
25297603
30342730
30290837
30329079
25001674
30355533
30339655
30342995
26105729
30328030
30294557
18995993
30308246
30330531
30261664
30321833
24169088
30288978
30286131
30351033
30322700
21099258
30281284
30311398
30319775
30320016
30305123
30300740
26856913
30293033
30287142
30334684
30323360
30266217
30307408
20657312
30289393
30246873
30294654
30255278
30284122
28483917
28491389
26718905
28455117
28511765
28486470
30299362
30303108
30325984
26163225
30270231
30280840
30346882
30352891
30328575
20353249
30275022
30306960
30259602
30291964
30302293
30340629
25276234
30342166
30334087
30310057
30261868
30272029
24149219
30315151
30319900
30329959
30288217
30319744
25723972
30323189
30291681
30316349
30349207
20269551
28489224
28504355
28526345
28535919
30131577
26394598
30310559
30283982
30323086
30279760
25373860
30333234
30295480
30289606
30334096
26497120
30333273
30306995
30279548
19684331
30267511
30339513
30323724
30342551
30370195
23502612
30323106
30307509
30333308
30406719
30343624
30284193
26362935
30302342
30339533
30312111
30308475
30360914
21925314
30338220
30395582
30371221
30970230
30372313
20791036
30394207
30349879
30352513
30319253
30368562
22010261
30374465
30351171
30362587
30394484
30296107
25763943
30367747
30382549
30357760
30345122
22159255
30250498
30303235
30275726
30277320
21115565
30313973
30355026
30339717
30304749
21879196
30275058
30349704
30296786
30287579
30319642
22989984
30303429
30304291
30464596
30357068
30304008
30378334
22286854
30960202
30337144
30281371
30264058
30351615
30334039
30415951
26687555
30290142
30299293
30304053
30324378
30330882
30354055
24395365
30213197
30177656
43073107
30204206
30161335
30147539
25506869
30212501
30141282
30170362
30196009
30216269
19929703
30169634
30209941
30205440
30248439
30211567
32174803
27360196
30187169
30157474
34759395
30139438
30135366
27152860
30141309
30186497
30227462
30167903
19649237
30145257
30153602
30189115
30132387
30194155
24541875
30137462
30161244
30184537
30173291
22243402
30146231
30109488
30162113
30194513
22196553
30157624
30146430
30169155
30180653
23861188
30110891
30106073
30107430
30112022
29952889
30206459
30188642
30097609
30135781
23275379
30138132
30142634
30163469
30129411
30133169
30137544
27482612
30176638
30139951
30159871
30135669
30214415
20469110
30179724
30203253
30189120
30224236
30166065
30193909
26242510
30176360
30121817
30170595
30117433
30158799
24471324
30096170
30148469
30200662
30181935
30153976
18931911
30174164
30159873
30142241
30143576
30167577
30144610
30204559
25491443
30151037
30183709
30161251
30164531
30180502
30175646
22462824
30150948
30196387
30112560
30152852
30175798
30153880
22492100
30167976
30212142
30201359
30190052
30240111
30175506
25449798
30267940
30255558
30247809
30325997
30258679
21850691
30262365
30241155
30224837
30242722
30230622
30254035
30276141
24905930
30312011
30250480
30257646
30250249
30275360
30235831
21894685
30160495
30123307
30157448
30222159
30127509
30175706
21970658
30170486
30210447
30217707
30205848
30223484
30208042
30174100
30231995
29870824
30128606
30204713
30195968
30178327
30222593
30204600
30211218
29962597
30216438
30176322
30161239
30196540
30206522
30212974
22222451
30190864
30220438
30178584
30156480
30168338
30239875
19439157
30150022
30179967
30243790
30212715
30206277
30154354
19468873
30162807
30178968
30155407
30216151
30195842
30163311
22925544
30209939
30173935
30191686
30174419
30153004
19569311
30204323
30201555
30165415
30154211
30207548
18662454
30197222
30136341
30212387
30183686
30210996
21111256
30180571
30168155
30174339
30194987
30199609
30129151
21503883
30202860
30169244
30168586
30140625
30185688
30141633
30165109
23312113
30148924
30165097
30185900
30179302
28386378
30189030
30187599
25062103
30192162
30217880
30195853
30220464
30226845
30186629
20869923
30163080
30191986
30183847
30141444
30191273
30120013
30167568
30091282
21172841
30147922
30130286
30125558
30136527
30121902
30172461
30184402
30212033
25483407
30163142
30155011
30161029
30239471
40930278
30130217
30120371
23635626
30126179
30176823
30139330
30096673
30063102
30106017
30094933
26194567
30380468
30418502
30403112
30451468
30454450
30459869
22125064
28617311
30407862
30484384
30430764
30465406
30453340
21247398
30427333
30469620
31051488
30414518
30416393
30452951
23456264
30490891
30598013
30438448
30444220
30446646
18572900
30411339
29998511
30442069
30464873
30496304
30441713
27145241
30441615
30456434
30445613
31453440
30488869
29592562
30436600
30428340
30406772
30451714
21694283
30473955
30456124
30421473
30418404
30431233
28886821
30429164
30425204
30400318
30431368
26008307
30503070
30456653
30462297
30509677
26633189
30328806
30326775
30369042
19753873
30459712
30451535
30466913
30395725
24107850
30482908
30446564
30423495
21059237
30457413
30360551
30362292
31099272
19005406
30400564
30407840
30445570
32395565
20267964
30413057
30434283
30429767
30437989
21931149
30431670
30428757
30400684
30432940
30467107
24850040
30402916
30403944
30419810
30455696
30463355
30428544
26568546
30424633
30423512
30478542
30417859
30481016
30433746
30396320
29941313
30443964
30475173
28632964
30469733
30385886
30450157
23305297
30346253
30356610
30361135
30383017
30328399
30302846
22004933
30382873
30326968
30301169
30344817
30328366
30341282
30346093
21506134
30338478
30363629
30336720
30334822
30388124
30347300
30359627
20619197
30370786
30348393
31029286
30359730
30303854
30359127
30315818
30314910
30329086
23469002
30377104
30307670
30353153
30357398
30301677
30306964
30338097
30353186
30336416
26715127
30312161
30277806
30380200
30338978
30298288
30248185
30277938
30291487
30270147
30429495
20678188
30263564
30515209
30247233
30242207
30277300
30270814
30276986
30237129
30239817
30273195
20700164
30317914
30203504
30243700
30242165
30239464
30224351
30293769
30268069
30247764
30272451
23672741
30301431
30269502
30285164
30263623
30294484
32291770
30290245
30304531
30222318
23250024
30150913
30267164
30196645
30193295
30206039
30161628
30169942
30184822
30182428
28132665
30221762
30202600
30181067
30180936
30236003
30187655
30189551
30219579
25713634
30209218
30284082
30275993
30243862
30228842
30186606
30240730
17967324
30308825
30335473
30300207
30357027
30342271
30538099
30300917
30357748
25180805
30310133
30329999
30346386
30290070
30288511
30274829
30298066
25570280
30288056
30311058
30305753
30338305
30935945
30335278
19681895
30354229
30366107
30340202
30333073
30260573
30326275
30265069
28232381
30252053
30298291
30317160
40691936
30320977
30120767
30338510
20486550
30187257
30141113
30211209
30214111
30188613
30157989
30189733
30211656
30225751
30187718
25956453
30173802
30204383
30217451
30217124
30265697
30224476
30829148
30182606
30153073
26485318
30169489
30161882
30210219
30185090
30172220
30153789
30204242
30175727
21859102
30160619
30174520
30123873
30217188
30173493
30165238
30206355
30191438
22489173
30159353
30178153
30234908
30178680
30204036
30224893
28373552
28437519
23680558
30308935
30282064
30298675
30293939
30322399
30299387
30501611
22647727
30300157
30316573
30316386
30325047
30314610
30314671
30348635
23776725
30286662
30306509
30262879
30297633
30348759
30320722
18979520
30294682
30295731
30353726
30324693
30287400
30247657
30289075
28349636
30277288
30298433
30342654
30328333
30400581
18988890
30328053
30305261
30345005
30317323
30313337
30234564
23498282
30285000
30280204
30272996
30338337
30290219
21323825
30345269
30305214
30344101
30281641
28473654
21649459
30273875
30309036
30293087
30297284
30269178
24409825
30307149
30312055
30296797
30299862
20408201
30329484
30351340
30357690
30570986
30325549
30318469
24603153
30362176
30269168
30281261
30281500
30287111
30354284
30361595
26256413
30308635
30347867
30313729
30330062
30295760
30319446
30324255
30290693
22069591
30315201
30326644
30244073
30250797
30298217
30309451
30311086
30307635
22818938
28481645
28477354
28508074
28496876
30083931
30357660
30336777
30301459
26458804
30321059
30314407
30290166
30393715
30383758
30336949
30312415
24537621
30350386
30281969
30276873
30303844
30332171
30305629
30296751
26627306
30317747
30326167
30341539
30314447
30319122
32317528
22084794
30314556
30276411
30265446
30317217
30319055
30369844
21133335
30846887
30290276
30312342
30303926
30309838
30258291
23228660
30323204
30328698
30412470
30326451
30328072
30310566
30082773
30307535
30402724
30336060
30287829
30291450
26516822
28464283
30306033
30931215
30270255
30325813
27770668
30340479
30339390
30323201
30328266
21319847
30368290
30250819
30289078
30379822
30373397
26557491
30330889
30277909
30332804
30360268
24837412
30284458
30268104
30267995
30285670
25153610
30310922
30279662
30281082
30294424
29721035
30281920
30306802
33167010
22949377
30352032
30306497
30272502
19987594
30251993
30198988
30180636
30211215
29275900
30224426
30204902
30234045
29662456
30220549
30174853
21778556
30220139
30217811
30222107
23223135
30181062
30235833
30253629
30096600
30270416
30164156
24856456
30211382
30185646
22665450
28369978
28394687
22524443
30174395
30183468
30254530
24587190
30154598
30178027
30195189
19905215
30184398
30156624
30136509
30172999
30165171
26442728
30190113
30222610
30253378
30203931
32681466
22825533
30188473
30164148
30179909
30192700
30169594
30209982
30190962
25202828
30222778
30168033
30143979
30198707
30171656
30150581
21760391
30121783
30189597
30196324
30200769
30198366
30473429
22301033
30182513
30166411
30174817
30209813
30172573
30216607
24255472
31068333
30229977
30206740
30217473
30202801
20906972
30230589
30214499
30195442
30187604
30177511
19696415
30186204
30178671
30145805
30207053
30184310
22368144
30117377
30198676
30207375
30191882
30185890
24810523
30170640
30125228
30168778
30220726
21787146
30230628
30145402
30152838
30128300
21292211
30135280
30130212
30176182
30157704
26149700
40115142
40265378
40124927
40059107
30929435
40248889
40139630
#end
