#729a2951|blade-2-m620|jdom@54ed0cc8b7e8deffd5e088305ca7723dc0bd963c:org.jdom2.Verifier#checkCharacterData(String)[generators@bcfe6d43107430b2604e2e34b9151742941652e0:cz.cuni.mff.spl.casestudy.generators.ParseFileGenerator('MQ==')]()
#date=May 2, 2015 8:33:41 AM
#warmup=1
#count=3878
#begin
22084404
44671747
24177035
30078904
40357374
30606384
30411576
30120656
24364085
36879047
40245560
30325851
30161113
30065756
24228837
30160891
30153510
30115555
30152562
30109433
28445474
30117486
30077917
30142309
30145603
30172000
30158224
30156991
30114168
30112982
30188265
30114633
24663903
30132581
30116770
30105769
30114617
30096865
30091552
30113571
30122413
30152665
30159256
30150224
24813037
30123874
30421996
30095251
30140633
30193246
30169484
30054690
30091881
30103793
30100313
30083258
30057382
30114040
30092206
30062863
29683414
30962573
30086216
30068087
30145451
30042149
30081538
30079935
30074946
30064943
30068991
40810620
30088089
30041880
19813255
30041699
30137104
30039634
30050939
30051184
30089542
30957915
30718299
30123378
30087569
30895310
30093681
30042738
30083182
28169839
30038042
30030334
30087969
30077280
30062448
30082865
30034094
30098244
30113922
40886824
40080079
40141723
27517861
40258578
40193060
40233912
40285036
40131122
40235567
40143285
40079539
40141517
40180025
40088027
40143818
22453023
30116719
30297144
30312576
30308260
30292531
30279337
30266974
30286064
30290619
43127965
30296164
20813049
46056326
30241453
30277090
30269360
31227773
30286477
30339422
30299897
30328731
30311194
31296759
23555982
30284653
30308435
31147762
30307310
30282044
30302941
30365717
30304204
30327926
30272319
21994391
30254173
30309137
31212883
30294156
30229960
30306933
30287429
38984388
28480005
35971448
25819447
30264349
30213880
30243255
30239697
30195820
30255464
30216564
30308119
30191342
34072390
32221645
30267774
30250224
30277853
30224700
30215197
31279737
30247131
30213473
29199250
30322925
30298049
30238015
30244191
30236498
30245347
30250118
40330478
25604674
30364993
30351842
30319859
30368636
30355457
30349412
30364031
30358339
29246545
30327116
30421715
30330578
30346683
30324018
30342360
30344404
23819394
30409584
28912763
30370322
30374776
30369397
30386367
30393175
23714098
30350151
30300178
30394284
30396684
30415831
30353082
30380355
28943325
30343716
30358447
30354593
30401724
30325193
30332609
24771292
30437155
30359971
30310909
30317635
30350586
37276716
24941058
30301351
30268902
30315496
30317399
30342810
18927620
30352143
30318029
30355519
30929248
30324724
30351310
25330613
30310226
30309300
30322475
30320369
30288535
24308486
30314666
30306594
30296888
30474944
30335336
26378043
30305893
30329802
30293664
30313102
21221228
34026283
30328133
30306810
30323846
30281125
29748824
41743601
30302280
30293998
30357232
28303063
30306557
30330406
31350974
19497095
30387205
30397105
30374160
30360049
22438848
30385824
30336034
30378182
30373395
29749364
30358642
30373850
30353998
25500533
30417095
30333926
30404668
24819238
30360404
30373735
30347629
26006970
30341100
30391464
19034071
30362959
31199020
30373398
30423995
22791109
30386986
30405151
30345750
30412476
30401664
27708185
30378883
30450980
30422988
30331708
24220815
30344044
30327904
30390820
30401576
22941929
30345880
30502978
30345853
30313084
24350984
30369289
30369546
30375268
30396450
29097600
30331073
30352834
30343189
23140177
36076818
30334802
30372626
20838492
30360728
30380973
30400710
30361495
18406160
30345082
30372631
30326291
31049648
30401651
30339790
26338270
30340345
30349237
30329835
30359796
30374528
26357384
30411942
47524378
30394812
30396710
19970779
30939035
30375915
30366364
30328242
30357229
24610758
30386933
30352346
41374546
30395973
23101153
30379376
30367040
30389626
30379733
22687298
30325075
30391893
30333144
30458009
24797037
30466840
30352653
30339043
19652717
30353680
30360539
30368995
30393824
30402545
24076319
30449853
30381821
30360552
30404124
21894450
30358846
30375858
30369933
30366409
21860616
30402653
30337122
30362535
30382213
23582220
30376516
30363586
30395100
30376748
30392477
26180042
30998537
30370275
30343515
30360570
30344228
30353815
27157357
30343237
30320840
30484030
31213733
30386152
21255640
30361489
30633289
30400329
30396012
30374840
30389282
30386016
21742447
30347645
30316980
30359477
30330032
30353602
30372002
30382845
30422486
30379852
26701146
30375138
30363375
30357597
30413678
30393933
30346762
30400865
30359094
25939340
30323004
30329497
30371914
30360559
30367360
30392653
30464246
19571934
30306962
30333166
30386368
30392173
30414902
30372053
30382897
30408043
27024670
30357101
36501179
30385144
30338356
30342170
30370511
30387693
29841315
30386258
30368554
30375048
30344753
30373559
28691632
22891679
30357111
30382897
30375400
30392660
30402473
30424337
21165274
30363927
30371236
30410571
30387013
30397811
30421440
23080993
30345572
30364483
30341550
30381947
30333925
30408790
27869176
30374854
30362171
30359816
30631577
28584979
24365734
30355236
30358080
30361873
30318271
39027092
24956676
30400226
30321056
30327984
30393405
30412578
29206369
30334513
30295259
30361054
30341680
23177602
30350620
30371318
30437731
30380862
21014994
30361595
30359975
30332693
30341574
22054905
30340901
30378222
30352164
30368535
23701748
30356178
30375379
30398231
30419413
28816187
30376611
30391581
30334286
23724230
30405606
30360686
30361093
22252482
30382659
30393834
30656228
22322204
30355597
30360917
30412841
30409280
24001427
30375574
30367869
30346738
30327260
28733299
30368812
30389713
30385616
23835739
30370865
30405438
30384355
21941969
28590220
28557654
28553994
20791002
30360913
30314513
30328860
22343009
30362326
30419959
30356854
30412544
26043264
30386681
30333362
31026344
21553698
30421498
30369886
30347841
30366559
30141028
30329622
30349739
30360355
28816953
30344530
30345184
30332719
30330466
30339212
30343144
21486992
30355319
30350928
30329578
24876869
30348274
30286846
20920000
30327931
30272014
30329002
28742381
30310034
30375896
25835896
30407206
30359482
30364289
29266556
30343071
30341073
21444725
30386625
30397582
30396031
30365878
28933359
30389759
30389699
30385157
25966471
30382273
30327802
30355626
25780148
30357273
30390557
30365986
27682775
30347035
30364753
21020683
30364666
30358383
30361746
30396869
26203284
30369353
30408234
30399931
23856324
30368394
30362926
30416290
23352277
30387735
30393001
30365902
24296112
30348140
30384009
30387776
27356246
30391065
30360551
21658581
30368460
30433075
30371105
30407286
30218505
30341991
30391117
30409137
28298268
30433088
30634859
30392216
29732735
31369917
30347100
20468154
30372717
30395543
30358509
23848486
30351766
30343296
19744109
30312358
30321414
30316719
30364584
29706170
30365022
30423024
30332959
29835478
30401509
30375752
20723812
30343100
30403316
30387495
23507526
30390342
30364571
30350399
30126082
28571372
30368484
24663230
30385571
32373439
22500666
30162833
30168113
22325036
30133599
30150782
30162257
24064459
30205127
30219720
30130662
20022122
30184853
30122546
30165805
30123760
30134656
26202008
31004968
30107100
30180805
30157288
24969063
30157581
30118350
30155811
30124171
24629338
28343315
28343994
28332091
19881153
30120104
30177388
30120197
30178084
27771895
30210004
30194708
30147318
21220794
30088724
30054810
30123902
30098531
20204052
30131964
30050053
30126836
30111993
30135909
30129400
29267949
30102245
30104857
30102282
30093201
30084438
30073005
23709199
30058246
30105067
30100357
30123566
30121964
30071622
22553218
30139936
30134257
30110193
30118902
30124199
30122802
31607526
40143524
40081580
39959841
40033852
40111966
25662644
40070601
40109101
40025827
40076781
40042716
21528945
40149084
40049932
39968727
40162181
40033758
25825689
39979744
40043896
40078532
40140230
40468881
28747072
40493300
40295967
40109903
40098748
22628113
40050661
40056721
40564776
40032481
39995250
38390906
40085416
40029489
40141368
40026770
40062127
33146364
40064283
40078004
40133842
40152496
40086234
40034578
31678295
40092631
40036970
40041418
40015636
40023518
39997545
37375382
40091496
40083580
40066778
40064986
40052229
28260595
40067112
40402007
40005038
40043305
40025913
25765476
40125596
40129358
40046123
40012525
40076510
40069210
28110079
40010957
40368201
40035493
40046279
39986914
39997171
30603879
40014767
40072818
40061272
40064845
39968652
22863311
40069319
40009998
40026070
40066223
40011625
39956403
34765020
40086211
40081393
40134151
40063130
40049327
40181609
27013911
39984165
40086107
40030927
40185080
40008453
40107849
24741628
40091781
40049401
40022126
40192274
40065845
40123454
27457384
40009058
40093416
40014790
40016990
40039894
40184270
36241301
40000143
39961294
40084394
39971254
39982700
31679978
40105729
40033357
39998740
39983089
40123015
32691863
40292085
40091463
39976771
40066083
21813543
40055140
40063453
40017690
40099507
40037963
30324364
40022285
40125267
39989385
40064143
39964089
22699762
40070010
40011638
40005067
40117158
39958745
40007599
40583469
29810820
40046403
40156976
40011863
40035401
39994827
39983463
27782956
40504776
40011087
40098007
40107887
39974385
40070325
29755796
40035685
40153449
40043196
40019323
40021812
21433292
40060405
40046996
40003471
40203336
40008952
40051956
33931624
40189563
40136498
40137887
40061193
40091527
34240469
40051294
40031190
40112992
40043370
22968891
40069548
40094110
40057498
40193175
40049239
31938052
40190333
39993923
40040058
39987916
28578479
40042080
40220601
40252216
39994199
28773376
39982575
40318731
40100798
39989763
32468067
40290582
40054292
40059136
23996397
40002798
40029349
40027696
40080373
33716703
40138200
40058290
40120536
24241885
30382742
30373189
30353723
30404968
24165950
30348442
30359721
30388500
30405948
26301713
30380259
30391093
30362700
20433283
30365144
30349993
30381002
30398640
30358315
25337809
30391943
30341971
30396169
30402899
22577460
30337873
30356665
30315015
30382531
30362729
19269144
30289951
30273609
30341971
30286539
30340382
30336678
23138942
30253846
30268943
30209785
30269142
30256955
30244154
30190164
27967146
30269162
28428518
28419214
28438703
28413003
28466772
21496390
30239562
30257988
30224944
30221561
30194644
30234839
18231245
30263068
30228080
30274044
31096464
30286646
30252007
20600886
30273373
30228342
30209255
30248869
30243565
30249380
23117441
30290362
30237382
30221479
30293617
30210118
30245384
30290404
23568790
30266611
30264503
30277235
30219642
30256510
30273265
30260311
29715206
30298203
30250382
30228382
30240304
30266949
30306093
25722691
30342929
30404804
28560885
28566958
30360813
30345751
26600308
30290174
30283156
30256341
30293082
30271983
20866821
30295433
30277549
30226376
30291573
30304837
30323890
28905492
30285357
30268784
30277679
30188444
30292669
28375006
30382262
30276807
30288357
30295589
19797619
30258809
30275885
30320926
30597192
30296082
24656917
30300124
30316147
30308933
30256394
22317221
30290375
30224809
30277035
30289591
21979490
30272951
30314584
30289227
30250884
23395880
30275509
30283494
28482625
28465472
28457505
25898053
30287735
30290075
30269238
30289853
30277244
30266582
26578000
30230149
30232454
30220871
30257982
30220679
20459113
30252072
30240225
30282451
30234553
30304629
30240155
27613878
30228771
30281471
30256222
30292022
30286816
26696186
30302133
30266839
30314111
30283681
18957731
30258469
30280542
30303486
30313919
30299173
23559788
30302453
30233811
30292475
30276670
21254314
30294827
30309640
30318783
30267538
20561344
30330482
30346629
28483766
28494991
28483210
19287075
30285108
30260440
30311820
30276291
30316098
30299961
30272491
27827456
30333671
30297485
30303337
30292002
30314082
30329597
29084836
30239573
30304591
30301857
30925777
30207716
21335587
30253551
30265775
30312166
30285333
30292202
30296000
29751682
30339724
30228691
30261776
30319173
30285497
28774348
30296988
30488811
30261745
30319027
19634296
30310950
30300906
30256129
30347140
30320621
24326263
48482144
30278344
30315435
28446258
21749897
30240302
30231217
30243053
30234437
21262308
30243811
30256587
30217667
30210045
22703200
30268028
30538372
30262675
30272184
26395644
30258620
30863814
37838647
22095153
30267818
30300375
30253520
19698973
30256530
28398598
28419936
18681131
28434356
28423519
30275832
30328707
21011313
30248295
30299961
30258989
30299465
30230693
21943302
30275668
30272015
30217422
30309551
30286062
18223842
30149809
30114278
30104222
30136471
30158479
30175556
18355687
30140551
30173827
30114005
30175344
30220442
30170709
18292360
30124329
30144380
30129070
30151100
30187120
30152917
30218563
30361777
24332404
30131123
30094240
30139597
30118351
30127237
30158898
30195673
20941796
30157253
30110685
30110020
30422908
30118818
30160906
30175802
20525743
30140880
30178329
30119989
30153820
30103511
30174618
30178609
30138495
30180661
24070603
30139149
30119077
30142444
30120031
30153107
30127356
30101236
30123889
28328815
23584457
30049196
30045648
30043686
30060806
30095260
30065246
30104700
30111995
20249408
30068987
30028379
30054159
30036717
30061597
30049076
30032809
30010044
19967201
30047033
30093047
32021427
31070546
30047564
30079646
30060771
30033221
23405210
30155026
30151571
30174771
30180999
30177717
30219155
30224311
32199011
30221573
26687415
30142960
30295608
30178529
30180793
30202763
30184111
30220333
30214782
24058936
30154302
30199557
30194664
30191188
30163895
30245868
30189996
30216659
25988289
30216338
30243720
30245273
30201769
30194759
30241578
30281564
22087113
30157995
30203797
30224595
30214818
30211122
30220464
30273040
21562510
30230051
30225975
30195785
30242604
30205773
30200762
30277522
24654180
30274575
30222975
30188664
30183616
30211453
30175908
21782813
30154084
30213413
30220204
30210562
30211564
30203027
21840197
30190868
30229698
30201820
30235369
30248821
30243296
25001974
30204710
30213090
30212397
28411136
28396027
20626934
30241231
30209548
30188662
30210354
30240660
20447996
30104393
30089951
30084831
30077862
30717488
22178124
30115016
30103749
30102932
30113818
30152781
26488358
30105035
30131368
30137292
30111942
23149729
40191157
30092978
30104529
30147319
22511933
30085149
30116542
30033852
30107495
30132151
21686418
30097193
30102700
30052782
30173322
30139983
23015450
30067652
30123584
30055653
30056858
30118722
30062724
22979144
30087384
30129491
28298041
28336681
28339928
30162804
30139962
18885597
30118011
30092421
30040907
30106546
30098316
30127200
30280355
30110633
23093450
30084603
30052514
30097069
30017168
30074322
30083320
30100941
30080589
30094344
22369458
30110333
30092240
30087358
30143993
30055880
30070742
30045917
30024582
30100371
21607406
30064313
30160227
30051133
30082116
30047091
30039560
30073423
30044935
30098688
24983193
30082526
30059542
30058905
30074755
30089656
30044640
31088340
28331323
22184569
28284881
30086129
30065396
30061144
30039661
30091931
30072357
30087415
25666580
30024931
30072502
30163034
30111207
30154562
30172024
30096242
22257906
30101855
30159509
30143778
30096738
30110637
30137471
30160824
22633771
30348831
30389882
30361373
30407190
30433139
30357721
30397111
30412728
30380420
27445436
30323815
30361964
30371308
30382951
30343929
30397127
30396227
30378502
25686466
30261953
30251220
30264508
30863339
30298104
30431255
30254773
18913647
30255911
30310310
30247868
30209804
30238467
30212860
30224022
30198000
25695281
30254287
30243453
30273217
30414124
30307768
30229568
30308836
30278828
30227602
26076474
30254786
30292728
30205000
30269300
30261266
30189662
30241680
30270162
21113014
30316184
30249842
30271751
30279293
30255849
30292202
30288927
30321547
20525332
30294224
30239827
30244620
30284522
30282944
30249440
30277100
30287764
23774450
30288935
30273085
30307642
30276335
30282296
30308900
30307569
21667835
30316055
30287651
30292419
30302913
30308942
30319292
30309626
22919029
30297309
30335373
30275233
30271818
30239096
30246249
30234239
29080511
30253704
30273621
30243393
30240039
30361342
30247271
26014191
30239795
30260286
30205659
30257016
30266968
30264244
29488575
30241235
30306697
30263744
30267014
30270974
22145336
30219439
30240550
30258114
30211864
30259637
30261062
30241635
23891165
30225635
30230051
30240593
30261529
30268575
30288766
30251133
30261575
19354172
30246007
30214248
30294207
30291113
30294615
30253983
30273818
30263077
20315768
30260968
30265324
30233393
30290055
30283072
30242951
30826259
30223761
23892734
30242255
30259554
30219833
30191599
30216624
30232833
30214282
22586027
30180360
30238791
30234784
30273308
30232504
30295620
30217418
41969741
30252807
30236997
30237809
30243605
30241180
30272691
20202386
30230373
30241264
30256340
30275677
30323928
30231108
19206535
30288525
30247893
30258640
30249895
30261678
30255806
22230335
30141777
30161375
30145159
30168303
30166566
30192553
26231404
30126503
30183551
30182458
30171338
30179324
23749583
30113526
30141197
30087805
30126966
30133718
24686719
30165753
30157296
30775134
30159252
30100588
29932838
30129157
30077810
30171538
30149268
23901822
30110440
30092291
30150831
30155493
22416448
30122238
30135902
30136824
30102071
22900857
30196144
30155595
30162473
30140327
30120007
23405599
30152424
30196951
30145402
36247929
30170050
30142200
22387568
30131415
30139862
30122752
30140027
30153429
30170587
30188206
30192260
26875192
30160003
30142769
30151886
30199980
30177550
37513729
30165989
30149955
30141432
28830618
30141646
30119580
30157927
30108611
30183618
30163369
30133004
30115278
22755908
30169871
30153533
30191073
30218911
30155976
28322957
28324479
30968046
22499806
30126231
30127442
30085514
30143922
30143460
30153629
30169455
28758596
26337248
30162251
30156706
30142008
31195926
30130589
30188786
30122682
24011351
30178640
30170253
30152484
30171295
30195341
30185222
30159084
25617945
30156028
30136457
30141291
30167194
30132482
30154277
21530254
30199902
30756355
30123264
30099455
30127578
30165162
20563599
30143899
30162580
30149815
30178513
30168406
30168504
21319279
30097441
30154367
30155949
30159466
30176713
30161135
25964131
30204391
30147459
30183819
30164231
30143146
23619802
30159175
30038113
30200686
30133934
30144831
24197708
30215897
30275737
30245804
28458772
28462159
26618655
28429192
30274253
30250986
30235968
23220955
30203807
30229293
30251616
30187826
21499874
30161988
30198055
30156471
30214337
21638392
30345706
30283444
30267404
30240986
23798980
30311253
30274515
30249605
30259353
29683141
30250209
30282242
30236962
24216801
30227051
30208156
30228416
22617637
46681097
30258370
30223622
30278960
22492102
30241695
30268655
30258275
30324933
30251407
22322234
30241948
30225601
30223975
30262859
30265491
30899524
20490637
30250853
30288900
30297574
30876595
30235580
30268655
30245691
30220690
23303392
30259564
30235566
30243771
30245307
30252472
30249898
30279362
30207510
26288163
30244357
30263239
30289122
30298446
30255653
30303515
30270893
19370174
30247136
30243519
30290046
30331001
30244386
30269142
30275294
30236870
25992668
30249550
30284520
30298855
30274630
30226720
30295613
30240350
26639816
30217322
30922217
30217677
30260346
30253515
30235334
20929825
30151648
30141587
30228269
30147240
30137856
30848524
18404334
30143875
30153626
30161485
30179073
30115475
30144830
19405233
30151793
30093358
30145749
30207629
30147307
30134500
23357708
30115199
30113314
30135314
30163785
30165417
30171867
30160642
24256541
30179299
30163588
30163876
30158869
30182690
30144974
18971131
30775510
30194505
30155762
30179239
30146975
30136537
30209902
26806969
30128753
30096584
30161284
30147131
30170204
39112183
29548613
30138547
30139171
30111617
30155760
30137577
22263341
30163753
30128891
30149229
30744609
30156966
19658748
30112099
30087776
30125191
30161139
30108511
19669191
30170366
30179733
30163812
30151449
30154333
22070025
30104762
30130179
30092900
30207103
30116306
28000326
30163138
30159837
30143182
30178398
24696971
30126745
30153486
30913614
30145893
24480508
30143500
30119431
30119602
30126613
30108988
24239843
30118080
30362197
30100204
30079098
30084584
30101410
22350436
30086011
30079467
30078916
30113791
32066230
30137560
23330610
30054052
30096170
30107175
30110511
30186584
30191981
28554823
30155140
30067942
30101300
30172826
30162744
24430190
30172173
30166186
30156650
30120458
30238126
24195141
30243727
30266626
30219337
30246207
30282433
27323439
30278679
30238011
30209822
30230323
21983896
30149104
30150769
30154616
30165413
19717064
30167589
30163137
30229108
30171998
30179476
30171676
26480683
30117313
30187748
30100385
30138914
30161530
30136204
21096245
30202586
30194491
30149539
30153787
30120166
30163277
18611351
53723170
30198720
30147106
30228847
30133600
30157100
30155106
30133364
23266513
30140233
31004092
30151211
30124298
30143924
30160418
30159183
21956802
30113880
30130097
30171747
30166154
30168159
30144356
30181891
23510481
30141852
30114911
30162906
30140484
30129858
30172273
19453342
30106964
30114024
30100428
30096807
30127068
30098228
18452686
30137315
30179902
30141280
30161744
30169305
30130880
20791467
30186649
30134451
30102063
30174542
30154944
30157269
30158498
19380926
30171804
30160340
30131788
30107209
30150485
30133806
30127575
21883808
30105328
30167082
30156442
30165068
30168222
30208720
30144398
28822380
30169919
30742506
30126771
30135015
30094538
30146369
27044541
30096064
31059980
30087575
30155129
30076922
19524870
30092774
30064637
30101586
30084431
30107640
30146646
24719834
30045873
28403257
30081848
30126106
30149215
23122124
30114171
30133399
30124196
30091676
30084565
24123710
30102015
30089652
30123164
30124344
30161904
29566704
30150977
30104599
30134457
30129318
23968215
30091229
30110355
30067315
30075417
22731217
30124927
30111500
30095676
30157197
30116886
21062256
30091273
30059982
30050849
30049684
30038898
30084838
30102462
26819513
30052332
30707177
30060907
30093451
30064079
30093746
26015424
28323468
30088345
30088276
30122830
30126747
17927276
30089623
30089449
30103720
30084053
30121568
30679919
23764859
30215297
30232619
30231620
30233398
30204397
22473226
30375457
30372302
30374250
30334764
30378133
23256730
30373204
30427967
30364844
30407975
30366713
30385657
22902257
30372362
30345753
30409711
30326639
30329740
31128200
25232039
30285431
30297913
30296429
30325560
30292301
20955485
30250597
30272171
30294281
30284013
30271204
19385141
30285637
30287582
28446830
30323918
30320798
21353074
30546073
30292948
30272899
30378916
30293524
30257886
21632120
30322641
30285599
30219806
30285329
30314642
30259747
22486627
30351548
30368515
30404291
30347257
30364942
30403540
30337135
19942514
30345496
30413486
30383009
30386620
30362404
30360613
30393583
30419579
28073701
30379878
30338243
30361094
30360235
30388709
30437416
30374162
30282089
30362597
30372463
30383933
30377088
30639795
30406013
23146600
30351719
30382991
28565116
30377509
30407998
30381195
21312683
30396279
34969863
30379468
30368421
30374924
30379372
22738636
30254935
30327333
30307729
30273569
30270902
30296368
27670455
30276659
30292177
30290631
30333273
30360099
24443571
30318024
30311419
30256299
30296364
30280827
24567234
30301875
30250874
30296946
30256426
30238681
28817668
30288425
30349765
30306409
30269382
22955664
30245984
30305262
30285775
30287299
20724883
30267976
30276115
30294033
30278909
30334812
30324299
29555343
30217639
30284419
30327984
30285247
30317318
29644038
30276562
30289649
30280475
30313724
20652417
30292073
30319349
30308926
30318893
30293098
25965945
30280951
30253628
30291198
30309041
23402297
30274559
30935110
30279221
30237850
23281391
30290622
30316120
30281213
30318486
25654881
30356575
30417846
30402410
19781794
30340406
30258824
30321592
30317624
30313200
24584781
30294928
30264908
30911452
30285346
30265273
18809030
30278865
30277104
30309344
30335391
30334240
30296024
30280179
19701434
30324605
30249585
30314154
30365177
30351730
30301576
30344479
30281166
23614715
30357242
30297473
30309975
30337353
30281233
30360878
30344125
30285030
18360372
30234462
30250278
30249987
30307142
30266960
30339280
30359835
30268602
30281294
29428393
30293220
30365830
30258422
30253029
30297726
30294678
30215542
21300702
30215450
30260708
30273297
30283372
30234951
30237953
30252031
18342171
30261386
29520853
28463267
30328405
30242878
30262450
30218486
20041359
30235309
30226478
30243621
30297678
30288911
30249122
30251970
24434408
30267658
30207844
30237536
30224438
30267641
30313107
24068741
30149917
30168921
30147765
30228497
30172726
30128215
23939490
30188286
30117077
30141753
30128111
30225522
18556031
30439493
30174446
30151684
30138435
30170702
30194350
26077135
30117087
30142213
30122947
30151052
30110060
26282916
30131407
30178375
30127629
30169170
19366904
28341043
29949162
30237995
30159635
30170990
30120856
20833903
30134466
30118073
30097169
30129228
30169673
30148358
25136325
30124059
30148504
30101238
30172166
30179498
22689340
30106380
30098853
30125663
30143338
30118605
22889656
30201162
30253231
30159567
30137639
30163808
25694340
30063348
30108598
30132300
30104702
21376370
30071750
30080174
30074746
30048603
19292437
30057914
30110345
30098002
30167976
19797390
30089827
30080939
30112747
30103497
30750417
19443383
30104120
30079258
30127458
30073169
30150915
30132614
30115562
28194556
30092380
30051313
30077235
30058795
30027111
30101236
30063353
26235025
30043513
30049618
30110221
30094571
30039342
30072104
18873927
30015221
30047150
30033698
30099249
30042992
29990420
30056042
19347738
30065655
30041266
30097153
30077798
30083094
30102084
30121077
23333186
30199254
30158522
30182506
30150302
30100042
30167657
21330261
30090880
30117776
30131427
30107404
30109614
30127587
30157253
22309555
28349048
30153948
30125365
30142095
30082697
30106627
30138858
30374369
25980933
30143115
30164471
30189799
30151824
30191269
30133131
30137150
23051981
30106396
30113698
30122216
30102969
30157529
30142255
30121709
23440844
30194555
30085669
30150206
30117906
30140996
30061320
30122135
29648463
30183131
30104586
30111925
30131062
30148223
30146006
25687065
30066851
30116671
30102584
30097309
30133562
30139122
26736784
30103451
30142715
30087689
30158007
28538839
20949652
30246876
30184838
30180840
30265520
30186654
30197798
29594536
30199196
30250444
30171847
30181220
30225180
29437323
30196807
30221500
30255339
30234369
20498770
30248767
30236833
30194229
30208993
30228038
25409267
30209986
30200304
30170298
30226533
23019179
30216210
30172458
30198624
30229827
30195573
20218374
30194033
30187186
30136109
30250312
30183754
30204605
30207351
24122041
30191533
30189331
30188454
30197997
30170358
30171597
21192260
28421885
28407069
30175678
30197619
30189015
30209535
23301368
30193133
30263464
30280971
30197986
30830406
30258671
28225656
30241153
30187168
30191262
30218608
30234586
24224634
30237610
30269204
30208391
30226953
30246136
24173299
30175965
30241418
30192325
30208684
30196911
27109844
30238602
32212357
30204382
30201282
22192147
30212540
30240995
30187848
30222751
30221193
30223029
26158223
30498209
30169529
30230429
30243098
30250084
23258983
30193677
30169155
30189573
30167697
30158422
23009216
30133031
30152087
30158691
30143815
30187693
30193159
21582774
30224155
30217534
30176964
30199153
30162971
30144831
20535332
30137825
30394880
30153986
30146185
30133622
30172187
30167585
30165822
24104837
30145650
30189929
30400998
30158786
30173918
30136753
30205087
18479614
30246178
30176815
30183615
30183353
30187238
30110093
30205211
30181221
30153484
30227533
25816018
30185113
30209624
30200289
30253864
30267149
30311130
30242057
30170971
30228889
29641087
30241161
30235144
30174720
30195397
30236300
30227849
30190118
30249566
24441159
30226445
30232199
30257426
30274202
30271871
30207515
30213660
30196775
25377005
30219726
30194381
30233142
30893683
30273331
30208239
30221892
20821617
30159625
30234980
28392556
28378871
30195862
30201924
30213369
19668246
30198283
30218371
30225784
30189340
30233103
30179555
30242918
22195625
30164880
30246833
30160226
30244077
30147346
30212014
28356772
28078723
30188554
30202944
30246582
30313865
30181389
30295917
28955194
30189315
30269060
30269989
30830822
30147803
20487319
30194787
30232221
32219459
30172877
30213108
30264773
26012687
30258819
30265910
30230579
30270055
30247913
24420158
30274000
30256253
30250131
30269498
30257721
25740797
30217800
30204763
30256655
30281173
30297507
30271886
25248069
30141317
30122329
30139191
30165433
30118037
30154841
29852449
30890788
30278940
31123802
30329169
30306599
23655742
30314952
30287043
30262749
30283445
30284098
22532344
30344035
30315246
30314547
30364433
30298471
23539498
30273470
30310403
30354970
30307069
30296844
29055220
30315910
30283633
30294590
30247718
23912073
30352279
30322400
30303730
30313348
22876656
30282115
30310849
30262779
30319662
30267198
21330650
30250225
30205631
30273582
30274415
30287267
30265952
30319783
28672852
30268487
30249604
30232410
30288375
30239753
30269986
27223948
30244965
28671783
28423349
28407648
30201662
19514757
30285113
30262428
30300373
30315416
30264006
30273334
25272738
30265513
30253537
30273500
30322582
30212098
30256495
30281521
29657476
30068798
30048244
30001837
30056600
30068413
30108373
24196809
30080393
30047558
30029366
30321262
30047342
30105894
23924810
30110965
30081764
30089245
30078842
30061636
30131360
27299762
30123799
30099362
30092444
30119897
30097158
22852790
30133419
30105955
30137164
30112182
30111384
21564456
30142784
30124482
30097613
30116202
30107251
23047249
30141024
30118368
30103082
30085418
30046557
27249371
30147415
30143599
30109051
30135926
23266178
30130043
30113525
30128529
30236506
22505842
30147457
30156682
30139326
30199469
30102411
20981112
30098144
30120543
30142176
30149424
30142228
30427662
30131127
50319945
30123564
30161716
30190521
30177399
30137022
30477873
26597437
30120607
30093224
30112840
30101058
30106960
20105357
28333901
29885235
30378673
30106596
30177980
30100026
25206316
30113289
30130931
30105120
30153839
30106168
23690671
30140240
30131741
30142340
30092752
30123767
25338007
30220229
30187256
30182498
30233842
19476113
30241112
30221648
30243456
30204614
30224713
25698640
30238780
30226112
30248958
30227659
24338907
30197558
30190953
30207295
30222889
25521708
30324670
30221324
30290012
30271024
30312823
26658584
30274239
30317795
30282053
30317724
30322762
30303656
26146522
30262412
30285609
30290017
30311343
30261344
18669416
30249138
30287879
30303937
30321455
30338177
31498500
24129834
30345499
30349988
30315641
30268493
30300235
22802493
30268956
30291882
30308418
30274866
30296511
23822832
30274409
30298805
30271633
30296927
30277721
29352004
30292913
30315715
30271139
30263908
24034139
30319877
30279693
30269349
30323940
22937122
30422713
30363295
30397390
30423266
23436307
30450982
30365588
30383496
30380255
30384562
24609552
30384069
30440088
28655367
30407396
30390285
30130436
30356029
30371431
30388222
30398331
24315077
30341395
30320662
30344957
30352673
22854527
30320837
30285313
30300660
30288955
30300622
21205445
30347047
30300042
30300160
30302642
30320523
21957009
30252846
30285134
30258653
30240618
30280201
25376692
30297584
28516357
28525737
28558743
30300637
19422239
30312576
30370241
30291354
30298533
30259458
30268670
23492858
30287346
30243181
30296948
30251276
30261535
30294666
30328253
24432492
30343937
30293714
30323941
30287000
30317169
30284873
30265725
25408632
30305675
30305135
30301780
30287412
30318436
30302842
30349388
30321216
20612717
30291887
30290788
30313630
30273162
30862953
30313989
30347540
30367756
21844469
30294011
30272415
30321502
28535101
28540663
28487588
28511723
28541937
23400091
30264933
30281523
30313237
30321887
30319579
30280562
30311597
21390329
30269404
30213835
30197680
30229273
30247844
30202171
30327846
22681087
41508525
30274600
30217045
30269033
30266379
30278495
30266537
28960712
30309707
30228897
30306470
30314179
30255987
30260565
25987785
30279393
30287069
30268346
30314231
30269087
30270449
28866238
30227661
30261411
31289668
30275553
30291319
22143158
30884895
30267293
30322862
30322155
30295766
19988531
30266675
30255178
30298331
30294175
30300509
20543250
30259502
30253024
30214140
30246364
30257770
23094466
30233023
30236637
30269973
30217046
18573578
30241453
30233570
30234379
30550612
30227355
25123334
28397572
28463627
28443527
28511291
25267830
28475263
28489591
28397581
19064275
30219560
30219416
30173215
30232898
30219280
21997641
30275948
30289702
30498859
30224174
30248186
27812546
30267205
30212971
30230297
30238924
24741173
30259627
30288746
30253064
30226741
30289713
22116832
30246995
30250526
30247317
30237189
30264742
21966134
30232666
30249495
30274138
30294499
30299261
24596805
30314812
30275306
30268002
30253915
19255551
30013515
30291291
30553355
30288682
30243598
28579088
30306157
30299029
30316337
30297820
28187343
30261674
30264765
30303333
19311751
30335244
31300570
30285331
30293499
30256236
21821418
30322927
30340275
30301963
30331453
30356171
26631040
30119256
30144738
30166791
30122434
30191454
20825341
30134513
30153412
30140284
30140711
30150848
30137930
28668316
30136957
30171183
30128402
30174484
30133976
30211060
22011789
30158409
30152800
30160978
30175273
28279485
30136415
30138167
25695838
30142238
30067560
30129497
30121733
30152855
30126569
30146831
30117734
24673356
30071717
30111545
30101651
30078574
30887765
30115780
30123343
30149669
29650955
30109169
30126856
30142467
30113271
30088366
30074006
30095775
25189373
30103864
30112998
30091709
30075236
30061236
30091522
30071309
26221256
30093736
30048091
30135458
30135618
30077928
30099339
30087395
30110168
28720961
30942307
30078357
30067323
30132528
30091424
30057868
30113593
22890338
30073171
30140832
30102324
30116215
30124422
30152075
30069268
22050469
30056906
30111602
30127155
30123911
30196097
30098589
30146271
24743776
30130597
30112000
30078831
30115704
30103288
30077233
21295089
30148292
30120944
30113044
30155631
30096620
30914197
20935177
30056073
30081990
30111294
30115169
30117038
30128953
23591614
30352802
30109265
30147260
30141868
30364666
19782698
30079858
30169467
30142761
30213904
30122046
18053718
30092942
30125731
30113086
30120006
30087519
21575568
30114462
30112942
30840699
30102458
30148633
30132907
19798316
30083518
30132933
30107067
30176476
30197538
30160777
22741189
30098473
30105615
30124089
30115267
30109331
30148305
30172671
22395306
30109862
30170015
30166315
30168555
30124111
30166279
30164936
25275169
30143838
30139733
30105680
30164957
30181788
30119345
30157379
24376065
30158560
30117050
30130856
30090214
30108851
30083223
30139456
28646405
30099779
28313249
29884277
30140933
30076642
30104715
23800775
30184513
30122543
30157831
30131498
30104801
30142304
23511310
30140104
30143166
30174835
30109720
30130453
30103406
26495428
30046657
30136113
30144413
30685252
30082455
22469980
30118306
30158183
30151565
30084921
30120071
21357865
30128602
30146989
50744199
30155579
30114970
22686839
30101194
30165750
30123541
30136809
30132455
30124004
22576582
30098168
30096338
30152344
30105501
30080289
30079504
30107428
26630911
30183486
30224925
30212346
30191030
30196398
30191361
30226758
22331500
30198240
30220530
30213360
30207755
30203578
30194706
30203703
22827964
30206529
30211967
30193204
30239253
45995688
30207753
30216217
25191937
#end
