#729a2951|blade-2-m620|jdom@54ed0cc8b7e8deffd5e088305ca7723dc0bd963c:org.jdom2.Verifier#checkCharacterData(String)[generators@bcfe6d43107430b2604e2e34b9151742941652e0:cz.cuni.mff.spl.casestudy.generators.ParseFileGenerator('MQ==')]()
#date=May 5, 2015 9:49:20 AM
#warmup=1
#count=3689
#begin
24479647
53265555
31006875
40337034
40627565
30808319
40133438
40238354
28413825
36401369
36535127
40104890
40129636
40148400
28388748
36549809
36497171
36434919
36501256
40106902
41033202
40203611
65185970
40123561
40194905
40160658
40198134
40019123
40112065
40082380
39983576
39976677
30943321
40233972
40170760
40156472
41163562
40198239
40131263
40116363
40074793
40095331
40188269
40517694
31244618
40140290
40702740
40117513
36512698
40221691
40130382
40180527
40086958
40205841
40184118
40068438
40176756
40030634
40108056
39974532
39627223
40156494
40095670
40201202
40102229
40119879
41195991
41001898
40159371
39986247
40060062
40104685
40216934
40091298
23092602
40166400
40193445
40096722
40077323
41261669
41436122
40183823
40590071
40302235
40117222
40781909
40408276
40316316
40079253
33981024
36517000
40144159
40088848
40225569
40166905
40126930
55075960
82542369
40090412
40048145
40232438
40088540
27076437
40265929
40550014
40277552
66076812
40092156
77567362
51700704
64751166
92425450
46965929
40283232
83580246
28882983
100494411
40280854
41004253
40137361
40157454
41485221
101419053
96456178
43899833
66109575
91762209
25074712
90841473
40325167
40140383
41495440
104363300
40227193
72161624
107259703
100031598
96166847
40222854
29161469
40100821
74883859
44917082
40007182
40152832
41492637
72010942
99949607
92700087
94586222
27328306
100146554
40095120
40585209
40183334
90076412
91583394
96182229
41225913
56260913
99871864
64134097
41102718
40106074
41841751
100076358
97491914
87021192
84293428
81944816
94436461
39723556
42177800
40087180
41526183
79550241
99355825
95919927
110825869
97863744
95665237
82644497
40987802
40134372
48127473
58374277
98092295
108179894
96950293
95409780
36898151
40296705
40174716
97345121
104600413
63772004
64358626
42909692
92994744
69844752
40971271
40198023
86824730
102897858
40154294
72505183
84842470
26575373
58971755
31044302
30271904
30348118
30289964
30314620
59816316
23591517
43927902
44261332
54192337
34805855
30182300
30156924
30147720
28663454
30058015
30123900
30065891
31094477
30143973
30124802
24467706
31117833
30126213
30085711
30095318
30130796
30089355
25018563
30130925
30106406
30097551
30095413
31150686
18601756
30244082
30222056
30216054
36584628
30260827
32014519
24852636
30079715
30082849
30176744
30147680
30165414
24136239
30113618
30128935
30111660
30133931
30147933
26296276
30157831
30128328
30134524
30130006
21133168
30133089
47930253
30059811
30069767
30083729
29475149
30136686
30156787
30118382
33264543
28155754
30083474
30104673
30125484
18637518
30151457
30112346
30162802
30140968
30104722
30124552
30008812
32115957
30137378
30134991
30096922
20398107
30109627
30118733
30394238
30346970
30069415
24750356
30095282
30154046
30140322
30144726
30132931
30099824
25680923
30054513
30097553
30107850
30119411
30088237
30130301
30120544
19329174
30132846
30160835
30119418
30107899
30126325
30170912
30157240
30156255
26626584
30183576
30349040
30113691
30134253
30118701
30077890
30155691
29507674
30126211
30155375
30119094
41591280
30160313
30161093
22870291
30094882
30131204
28335515
29980646
30129869
30130364
21185111
30147011
30154186
30158359
30176187
30100404
30131194
22527499
30128644
30175751
30220450
30150687
30156043
30192329
27414074
30146425
30206249
30154817
30196353
30123948
24416629
30136972
30111353
30178316
30103231
33047844
24710596
30149102
30131864
30113316
30136793
30134573
29037647
30198993
30114948
30126629
30098623
23122855
30138298
30096824
30178583
30141557
21155778
30082271
30152580
30157971
30115440
21092328
30129327
30175744
30128624
30150893
28507052
30090517
30119577
30085009
30114547
30153307
25500734
30092439
30067051
30064685
30152855
20436176
30065923
30108284
30097897
30073918
30127793
30092997
23271530
30145004
30140711
30189659
30145700
30146057
30128478
30157554
23047106
30137033
30132791
30101618
30146724
30172491
30151498
30135927
30134278
30116271
27003132
30176520
30178157
30147100
30195139
30137315
30102376
30122036
28333247
23684867
28318574
28307903
29981451
30067545
30122363
30105364
30141127
30142702
28521465
30126116
30139988
30110760
30095037
30143904
32526419
30115142
23670628
30191813
30145131
30081393
30121100
30102095
30138391
30180979
23914117
30102658
30137717
30171724
30136255
30152422
30080977
30161816
29550920
30125809
30091015
30146482
30118544
30081802
30098329
25215396
30119294
30144735
30147404
30135594
30194666
30151589
25856815
30074044
30093747
28312972
29948247
30099120
19737827
30189197
30183774
30146156
30122322
30159114
30167422
26338933
30192862
30107906
30137219
30130640
30142640
25891389
30171470
30135124
30161535
30177296
30204328
29823100
30163136
30148106
30146126
30182631
23017228
30109463
30148158
30127615
30107646
20567780
30123869
30167124
30145569
30183282
30203537
30173762
26739680
30216590
30185762
30225929
30191262
30194089
26242178
30303318
30325867
30344973
30300792
30338067
28420586
30110409
30340893
30204862
30277156
23050899
30335438
30284347
30292628
30324460
20327432
30363317
30322884
30276511
30301193
20347039
30308427
30346776
30301240
30334193
30347044
18814180
30335195
30302137
30316266
30281467
30295216
30343832
30362519
26071349
30285155
30300640
30351280
30328340
30333427
30284416
30347059
18551358
30348488
30295576
30660828
30356036
30286446
30360962
30340120
30313304
30401331
30361885
23560461
30331233
28471576
28479556
28514793
28482788
28523389
30295380
30347036
30305705
30282399
20208183
30305895
30380650
30908598
30345269
30320688
30294400
30308426
30283457
30345105
30329373
22203121
30284806
30350253
30279767
30298040
30328986
30317020
30314891
30306622
30320114
30338402
29877486
30386450
30355409
30371473
30415978
30486999
30366837
30362928
30374730
19879594
30383728
30430729
30385301
30375966
30386058
30420142
31028813
30353732
30384942
25609154
30390818
30399160
30401013
30368353
30362631
30340339
30373826
30415616
25841792
30356941
30461051
30363140
30371211
30361995
30380620
30378615
20736208
30404044
30362911
30363235
30351840
30419206
30400520
30433322
18455376
30256461
30250306
30269539
30247678
30265793
30266065
30276181
20861093
30295776
30276659
30327473
30275255
30333686
30247682
30298102
26405459
30278539
30311160
30238353
30214018
30268424
30536258
25436405
30258711
30285064
30284002
30305311
30306453
30521170
28904674
30165981
30137770
30191915
30194481
30190078
22828751
30112200
30194579
30194378
30182425
30191498
21047912
30154133
30139056
30161328
30104310
30168697
21949276
30148112
30186313
30187235
30209757
30164973
25352495
30184293
30154596
30143225
30160149
30138308
30187909
28975221
30157522
30174142
30164915
30138081
30215001
22947457
30159125
30147338
30156073
30180526
30146749
21057985
30128884
30207669
28349332
28348099
28370274
20995607
28311854
28302637
30144592
30125478
30124147
25367378
30149588
30140360
30227273
30200898
21567329
30110451
31126559
30098978
30117086
19726833
30141595
30144193
30109967
30138819
30128092
30138307
29081122
30134424
30749598
30092300
30092406
18126926
30104227
30100835
30808002
30056718
30101031
30143009
30100085
28396634
30049499
30083944
30043176
30034009
30109334
19663695
30063787
30086162
30078265
30018078
30021937
30055036
24358750
30090555
30048940
30046609
30058129
30143596
30104120
30126944
26707017
30193435
30147273
30231475
30215097
30164888
30230191
30153532
30113206
23593423
30159845
30179061
30141505
30142736
30191244
30179576
30195527
30152986
20489132
30106733
30126693
30110987
30083077
30117809
30071313
30138475
30073656
30169959
26879924
30128621
30140884
30146828
30099385
30080574
30076984
30157143
30131427
28862918
30103189
30132922
30150265
30148544
36378960
30121920
30117918
22643986
30122066
30158836
30126290
30064379
30086927
30116168
30053102
21394947
30102977
30168255
30169713
30804288
30202546
30144471
30171011
23603812
30112992
30102452
30172873
30387317
30129469
30107695
20074255
30155728
30125662
30118526
30161198
30126242
30111238
19478966
30122369
30223736
30182327
30145575
30172622
30091878
21816536
30148937
30179257
30145194
30176300
30170399
30140189
28387951
30171360
30177607
30308791
30190837
30133191
25747165
30202689
30166589
30104800
30176659
30184257
27341745
30163856
30162984
30203093
30226004
20935712
30235413
30171855
30181130
30169507
30180142
27509816
30150478
30157361
30117297
30148693
25545987
30165134
30185891
30177948
30224137
26357930
30121164
30156502
30141338
19559516
30159828
30189153
30438599
30121122
24263854
30235708
30277179
30298116
30313935
20617507
30718560
30142628
30120622
30123440
30101862
30111206
25251169
30125938
30078017
30146112
30116334
30145477
30138976
30136757
28742769
30077611
30101882
30055002
30122733
30102925
30147598
23208679
30177286
30168229
30149001
30115762
30423195
30125862
22524866
30469399
30242664
30232695
30181355
30201621
30813207
24418581
30267376
30234457
30268381
30269486
30272248
19892830
30333708
30264401
31093439
30277053
30289980
30272689
29771486
30357151
30337053
30315148
30301568
19027464
30424956
30380924
30366191
30355839
30378284
22711878
30416248
30369062
30368901
30386280
19033591
30418046
30415456
30389993
30360787
30434368
30370233
23679300
30364780
30406486
30410024
30377989
30362413
30393997
30401778
26089285
30303759
30332537
30371782
30366125
30361322
30393551
30434599
30340533
23303669
30121864
30296227
30284646
30326169
30317406
30307509
30276984
30284211
20197341
30270999
30294507
30343238
30301419
30284727
30283741
30307231
30351515
30345895
26592018
30301230
30319746
30271977
30288379
30283393
30332596
30315582
30305373
30336820
30365385
24367423
30284862
30278775
30308184
30312854
30402711
30350247
30266446
30324276
30265446
30296609
29041587
30331397
30914815
30304429
30282431
30302970
30353556
30312894
30324835
30365050
25901806
30298131
30310710
30337002
30382297
30287069
30338695
30372800
30307153
19610098
30295056
30293943
30314134
30314420
30362600
30333710
30311602
30370308
30303393
26433523
30269542
30270524
30323933
30301636
30313536
30346274
30389560
30294796
29176674
30307715
30323190
30299442
30341431
30288999
30252684
30276469
23281255
30324484
30306697
30317962
31037686
30317775
30319872
30336408
23071171
30253720
30305574
30317497
30335926
30327809
30297206
30270013
26377589
30277915
30259251
30300508
30299187
30266991
30258688
23244213
30315771
30302373
30316261
30281715
30299284
30298490
23251884
30345920
30321379
30285825
30334456
30326944
30291473
26310758
30230015
30313942
30330988
30338573
30298186
22572147
30326178
30304090
30271663
30258870
30318453
21598738
30331124
30266160
30262985
30234624
30258195
30251824
30277218
30021207
30236942
30266042
30266515
30207606
30251321
30232680
30261008
30275181
30228687
30210940
30238436
30319131
22194597
30265269
30222049
30249703
30313313
30322619
30295379
29613587
30283391
30297911
30346000
30365758
30338050
27609222
30236553
30865402
30322578
30341187
19449093
30299353
30287744
30313146
30301327
30344796
23680872
30294986
30346395
30319760
30343430
21164250
30346382
30263309
30304071
30317053
19767113
30295784
30255244
30267297
30396050
20736339
30289735
30287742
30257129
30273357
23723688
41928803
28439483
30218393
19614515
28383843
28353322
30191931
30168820
30180273
25932651
30133751
30176718
30177708
30154620
24777534
30184633
30158462
30176354
30166671
25826140
30136620
30170617
30152457
30182355
30206584
27548488
30189858
30186544
30183965
30179646
21289960
30175350
30191024
30165128
30208111
30191093
28236710
30809277
30146442
30167360
30200091
24733736
28372863
28361545
30100929
30126122
27121959
30173331
30184642
30205515
20526852
30159306
30116971
30167108
30137144
25002785
30249222
30293715
30182770
21955549
30137947
30177951
30218478
21758415
30194898
30135712
30287193
22058526
30142170
30129327
28364759
30128638
24202464
30164748
30195533
30202720
19271444
30159542
30147002
30177278
30172444
30140359
24324654
30165228
30133219
30138256
30125911
22839708
30156407
30162542
30149402
30246446
22809149
30813639
30213535
30160512
30183311
24612403
30186864
30146063
30134142
19442517
30272192
30296695
30296053
30292879
30300578
24940643
30349929
30334284
30311602
30354655
22364271
30290899
30320582
30321462
30367162
22587759
30373793
30362362
30309417
30331851
24272657
30286148
30212693
30212949
19290292
30283529
30277859
30304075
30300725
30332741
24201116
30347257
30300368
30339584
30310282
21262370
30386888
30293166
30936795
30326322
21043693
30265454
30330826
30271848
30282031
22979209
30253947
30239329
30284813
30301842
26990146
30228211
30277036
30237876
22856803
30266093
30280853
30273593
21170052
30277860
30268779
30276868
21197185
30281729
30284793
30240893
22105329
30260693
30302923
30276524
24356718
30316315
30305708
30280793
20358881
30263015
30287755
30301886
30245314
30203115
26617020
30263290
30244657
30317900
30274904
25507925
30271595
30316511
30316827
30278124
30284971
24080610
30291596
30300270
30311338
30275069
30323895
31107753
24078730
30223307
30290080
30259573
30260570
30289706
30292713
20724558
30286784
30228675
30298055
30305451
30310257
30256086
30295477
27379957
30139932
30149062
30145000
30146916
30162180
30155262
26662671
30113800
30129944
30170766
30155115
30124096
19773583
30177084
30168209
30144997
30160211
30181271
30163559
30175708
19281970
30283214
30241057
30255305
30290458
30278766
30326978
30257631
22886966
30273789
30336436
30356467
30336729
30293409
30316873
19102985
30248453
30296340
30243464
30376473
30268348
30252767
19189531
30299626
30257609
30233209
30315549
30212384
30280450
30243124
30267432
24906583
30140555
30231524
30143271
30211820
28368538
30205110
30154200
24691703
30199391
30155147
30159366
30169507
30130911
30149986
30164169
29956031
30166227
30145055
30147838
30123162
30163382
30182304
25054827
30143848
30146731
30161324
30160036
30151298
30098529
25444522
30221580
30165104
30153676
30146180
30177924
18675331
30115782
30125382
30138749
30137711
30157337
30141635
25217198
30194188
30299778
30250604
30312639
36259705
24329934
30236658
30254533
30250387
30334085
30249435
26394655
30277091
30262775
30211575
30278718
21342040
30280912
30270612
30276873
30282065
30278886
29328894
30342308
30246062
30270799
30276293
27371411
30291466
30249271
30270055
18003043
30232388
30327515
30223251
30285381
21999454
30285925
30241464
30277650
30309188
30320521
26071331
30228600
30255989
30262175
30275709
30309333
22674913
40197402
40184549
40123611
40166820
40042794
40113930
40211503
34214555
40117361
40110473
40148191
40132214
40117411
40204770
36010059
40205560
40094605
40173042
40140337
40085961
20807477
30204560
30281588
30279791
30351742
30332549
30292457
28591398
30277082
30283689
30299146
30343120
30329428
27138147
30340175
30362995
30329548
30307408
19186542
30152440
30189347
30136791
30150740
30194760
23482405
30180749
30118335
30198019
30177608
30148118
30166206
28703048
30129702
31019954
30129424
30103639
30192631
23851595
30124085
30205586
30163176
30165087
30211649
23451213
30174553
30207177
30163269
30168308
30207062
25753098
30143008
30181228
30203900
30177375
20610195
30239984
30764326
30201147
30171286
30154349
30202750
26463785
30147349
30169416
30180717
30189484
30791193
22664439
30108590
30196951
30142704
30181519
30200758
30124156
30182306
25747772
30181078
30163760
30167066
30199246
30219682
30234411
19291751
30144734
30236132
30206644
30150351
30168569
30104144
30180667
30142780
30176308
27668178
30163868
28376578
28354394
30143213
30134729
30137138
30115576
19789370
30177857
30191739
30163831
30158818
30171289
30207419
30179960
30146550
25680035
30151022
30221081
30180411
30162370
30214680
30159502
30164624
25716076
30187334
30222142
30132422
30129984
30088197
30113224
19550080
30078576
30082484
30146591
30090842
30069533
30055954
30100182
30087917
21626012
30129051
30135112
30091642
30098322
30115936
30118944
30112075
30069540
20374598
30090687
30110042
30106275
30106280
30080246
30074704
30072000
30116839
23195298
30151714
30118313
30140302
30099635
30105388
30133974
30171507
19490997
30120252
30136319
30094502
30115931
30134224
30125081
30058131
20326925
30146403
30138884
30159957
30124200
32510317
30148529
30094842
24087207
30124033
30087077
30103967
30108908
30104062
30151281
21900532
30079571
30110789
30108265
30124962
30177644
30164335
22927848
30090154
30095122
30100726
30091500
30130536
47721581
26897587
30100713
30138857
30144195
30145564
30114685
23506046
30090529
30100020
30098099
30120612
30107653
23316513
30177305
30127438
30128563
30119380
30157637
25871036
30121315
30132054
30097893
30113333
21211707
30156804
30119244
30121827
30146780
30151304
30068440
30161730
30107542
30142972
30182833
29613342
30173364
30149485
30159020
19781105
30200787
30143864
30147008
30115799
23472695
30175824
30139814
30143349
30131505
17940985
30107875
30174862
30150991
30110995
30127220
30134082
22177552
30164475
30164282
30107956
30160109
30128521
30125035
30173239
22409155
30155413
30147730
30160526
30109631
30137846
30122015
30145218
22675268
30257140
30259220
30230513
30290913
30306071
30244859
30274902
30234147
30248097
27148673
30240424
30259473
30254004
30239720
30239106
30235424
30223911
30213219
21573448
30204040
30177931
30188093
30280836
30218584
30219659
30267685
30241691
20219059
30247885
28441050
30221442
30253560
30197688
30217106
30193789
30235970
23115189
30220842
30211189
30205275
30266001
30192520
30204377
30198022
20168894
30190773
30190380
30139420
30217853
30148419
30186778
30172566
20861458
30182175
30180409
30209203
30188285
30281041
30261144
30233206
25035327
30201529
30256923
30192098
28449344
28403857
30176293
22932036
30220277
30214832
30230099
30212671
30209885
30178196
23846584
30235371
30178555
30251570
30324759
30229078
28431502
28466363
21428763
30322094
30247706
30236109
30214086
30253808
30190369
30244482
30201838
30305871
22167916
30275402
30389601
30291575
30323279
30345889
30277867
30285044
30374726
30310628
28391811
30297422
30306533
30315516
30366241
30260886
30280074
30304944
30338261
46936178
30129902
30338260
30293802
30339615
30323762
30364297
30337688
21194200
30325561
30291845
30295802
30304933
30275604
30350144
30324861
18568358
30604386
35228901
30305338
30985955
30357033
30314167
30319062
21914224
30289070
30313696
30276468
30315245
30293031
30334260
30299202
25463180
30334222
31142546
40470427
30361635
30295170
30290264
23999199
30299311
30277858
30264431
30345720
30416504
30328882
25942313
30258444
30324664
30310313
30289041
30324999
21567869
30321573
30285702
30248298
30348553
30358118
30292891
30265155
30308371
30323088
30280520
30314047
19316906
30342478
30279858
30294497
30266954
58647152
22073024
30305240
30330563
30283482
31124300
30337868
29021656
30316056
30334225
30298595
30304978
25629780
30302895
30298844
30339460
30359802
25945983
30276833
30301049
30320045
30327097
30268900
30335735
30333765
32297740
21825328
28556377
28488725
28503707
18663378
30043753
30275146
30300160
30334757
30335454
26994109
30289788
30306727
30313578
30275825
30337799
23896706
30305696
30273608
30353455
30352532
30322729
30337319
18443222
30309222
30372142
28501059
28470518
30248493
30344917
30297508
28643681
28496636
28273581
28479043
28498928
28523821
29951364
30343708
30257039
30310113
22086563
30227088
30236964
30224360
30279975
30322202
30298693
30329830
19624720
30316834
30339036
30254035
30249051
30301513
30302458
30274780
21246580
30286038
30296186
30280242
30281477
30287764
30365290
28497051
24847301
30281113
28489711
30287341
30314557
30266931
30317411
24424296
30290075
30342109
30304462
32370525
28490642
28529554
26141793
30228038
30315159
30303587
30326605
30300115
20936990
30272642
30344694
30256416
30335575
30346484
17959876
30337213
30313673
30330300
30332667
30352571
19060623
30309099
30338539
30287562
30312848
30407621
21848905
30134138
30141148
30119442
30130624
30137440
28166875
30192151
30107451
30095942
30098669
25102567
40038034
30091503
30105344
30072553
30190302
22630822
30054011
30147035
30105718
30114747
30124127
22970169
30140800
30076689
30084987
30105734
30099721
25900204
30142333
38545330
32148805
30106426
21613732
30059898
30142464
30126964
30115728
19864351
30082020
30123741
30102700
30112476
19379022
30157262
30120910
30147382
30153007
21815144
30140169
30134073
30080480
30141144
25947053
30070839
28347979
28341744
28385060
20552068
30301418
30182789
30152971
30153957
30180991
30141019
25243572
30107731
30149868
30152806
30159224
30143178
30138184
30113711
26369924
30162436
30146202
30166923
30119793
30142864
30116977
30116453
28517298
30151005
30078235
30102657
30109346
30133582
30108663
22315885
30159160
30133133
30102760
30133326
30116122
30116649
20341984
30132812
30161893
30159987
30138084
30140955
30179722
21717885
30132947
30115464
30132500
30097720
30151404
30126069
25857160
30152235
30182112
30087596
30700432
30135293
23110716
30123722
30113917
30097837
30129720
30125976
23232806
30107511
30057498
30141786
28393848
28419074
24693688
30158411
30152295
30127253
30149715
21620965
30126080
30112110
30165006
30135242
19128368
30093269
30124518
30121405
30141286
30149944
30166787
27804364
30591688
30262822
30320339
30318569
30322756
30291213
23869503
30302238
30295153
30316306
30263620
30320251
30294977
25033749
30315955
30264502
30321747
30348549
30316024
19430166
30519026
30368048
30306171
30307629
30331691
30309461
26265420
30279767
30322191
30360793
30325214
28454165
25000747
28553453
30387248
30494706
31236871
18745853
30348286
30372714
30354277
30374358
30390422
30392789
20072911
30433866
30371183
30386514
30400444
30403263
30400856
18092509
30310751
30311957
30337310
30327619
30337331
30333980
30352895
27805481
30256554
30288555
30292784
30294049
30327977
19020065
30299222
30297422
30253804
30277744
30327622
30244930
23621331
30246310
30862835
30241109
30279902
30203860
30258880
30323206
25842148
30281688
30260676
30304158
31522939
30270719
30280960
21531379
30297809
30276318
30257746
30284162
30272225
30286580
20490885
30286527
30267955
30305815
30219799
30220030
30279522
22261654
30125946
30142000
30769306
30167982
30184114
30145231
28040373
30169245
30132207
30169664
30140531
30198251
25107521
30143669
30106268
30201668
30167075
30206767
25955220
30147215
30135575
30132431
30160744
19631219
30188357
30161884
30195560
30165711
30213500
25143023
30168855
30204518
30150020
30174731
23196884
30169346
30193588
30180900
30150782
30152017
21394625
30158197
30157848
30196646
30215049
30167426
30174047
30187578
26646386
30167493
30130724
30160988
30200442
30171091
30455671
21892229
30112375
30100602
30108718
30099604
30098333
30120793
30095631
27299077
30057777
30081434
30111655
30127602
30081921
30166064
25405480
30784551
30197528
30137648
30170519
30176382
30191415
29133938
30191447
30148029
30203404
30165107
30209027
22105440
30141746
30164514
30154118
30140802
30189931
20139321
30096041
30178516
30133402
30202755
30164459
20510863
30198817
30115182
30155325
30144775
30110138
23230902
30128146
30104313
30097345
30121164
19134349
30149311
30134816
30092971
30166271
30155600
30093781
23440026
30108602
30080688
30067559
30148973
30210975
21617965
30130677
30168964
30120064
30160315
30126222
21926860
30142007
30096131
30110237
30148515
30131470
24895926
30143415
30161910
30131421
30159470
20844472
30108273
30046431
30136548
30154649
30166155
30124673
25169420
30142519
30163664
30098556
30125876
30108666
30094696
30123056
27068391
30119257
30091355
30739277
30113991
30122666
30203164
30112553
25794824
30127339
30101200
30146364
30102702
30130971
30089200
18541858
30161215
30779433
30176558
30157053
30130653
30118495
30768284
24587605
30112869
30072028
30098015
30077835
30100964
30138706
30109160
24027620
28305781
28303243
28340201
30137232
30078714
30123888
30140913
30089305
26792459
30091906
28294466
31175659
30076579
30112529
30109564
30162702
30141867
29805124
30164356
30210801
30185987
30189449
30176147
30092244
30184066
23424428
30148946
30112520
30152546
30159831
30165220
30141880
31178951
23077259
30099973
30161669
30122195
30153664
30089975
30082160
30109989
25923545
30087560
30104933
30123295
30104675
30095168
30092005
22481667
30221670
28425587
30034563
30156638
30203232
30218436
22326173
30201407
30213216
30205141
30264509
30264291
30231459
25228789
30226751
30212068
30180575
30156453
30200064
21430267
30177166
30185104
30160593
30189256
30192118
20542168
30199448
30199604
30150784
30225142
30143835
21832458
30176142
30129855
30216654
30163198
30176911
25674138
30192915
30131444
30126351
30174407
22448000
30117788
30117388
30138535
30100046
21578616
30128996
30214020
30207064
28399990
30142878
20418610
30147158
30122293
30138795
30193019
30152828
21582104
30191295
30154502
30122871
30154516
30145409
25439709
30406409
30104326
30171576
30111306
30134857
30148936
30055805
30155325
30170560
30140073
30153702
30171546
24101426
30113758
30180015
30159913
30195252
30172693
22826459
30155196
30122344
30097340
30143580
30197851
30124422
19463921
30120661
30153670
30947381
30140120
30196304
30149786
30166000
30192342
21217369
30133253
30161247
30170645
30166788
30146609
30174049
30117093
30156262
26652382
30219327
30170075
30232022
30236417
30262525
30196197
30199602
26299902
30305762
30262589
30312259
30287202
30293751
30313253
19521505
30325888
30346062
30277740
30952615
30349184
30306775
30328835
26306729
30238416
30296575
28490819
28435120
30294187
30296717
26386198
30346088
30313533
30324713
30340489
30337184
19590297
30302411
30306795
30319962
30329244
30347501
30318822
25983549
30273211
30279962
30303170
30284986
30374763
24760883
30297232
30307180
30299039
30323327
30330760
26613929
30326577
30292366
32291940
30246849
21269612
30315224
30326928
30314348
30935109
30351264
29108851
30332237
30320691
30350383
30341631
30820633
33890757
33948695
33935129
33927051
29737439
30345696
30300769
30339177
21573550
30438707
30352476
30341826
30335042
27004665
30350335
30321089
30344150
23966964
30993184
30388384
30338855
23213945
30331587
30373535
30360856
23922139
30371636
30332552
30321252
30323273
49269098
30353035
30350773
30387611
30447149
20730063
30301888
30317026
30293475
30326463
30349568
26600715
30330470
30310077
30341204
30346024
24974483
30349755
30330595
31389828
30387911
25606112
30313366
30285769
30330581
18158551
30246898
30257744
30292284
30246846
30269348
21773140
30425542
30361519
30352737
30422257
30423627
30363081
23611540
30415573
30443042
28633408
28563381
28595191
30149684
30358066
25524572
30406478
30393995
30408884
30425173
30407404
30392273
30427788
28070921
30410708
30380681
47264494
30386973
30359068
30385100
22651124
30378859
30365275
30400046
30349981
30365540
30640618
21404489
30347628
30432179
30401699
30387066
30408662
30386978
23365526
30390722
30385824
30401655
30427668
30407684
30378223
29966095
30353919
30414957
30376606
30442978
30405342
26145543
30414129
30448246
30378591
30352426
30417113
26818370
30352214
30382453
30392396
30398637
20401274
30407090
30370939
30417349
30430300
30383693
25877063
30378397
30355898
30420004
30330467
23872688
30369186
30362325
30377792
30419606
24369578
30408193
30299196
30387166
30367509
30366591
24887337
30432583
30308042
30391169
30376813
30392104
29828260
30366846
30424904
30401242
30318384
23450668
30395561
30412524
30404742
30411144
21857084
30371095
30377480
30335535
30398411
21945240
30349016
30355735
30406369
30434837
24077812
30310882
30362388
30338718
30424691
30399524
27920190
30412546
30426148
30391642
30357492
22866735
30405631
30436337
30405227
30394902
20722661
30411313
30412489
30380282
30395451
30396576
30417466
29131900
30382935
30357862
30352782
30342422
30409881
29274289
30424289
30420891
30393169
30440890
20731681
30337566
30344080
30302885
30302262
30332862
25777482
30304731
30361081
30447006
30340770
23375846
30382375
30363933
30369603
30370666
23548133
30342635
30363061
30370017
30359840
25469873
30358015
30351117
30441681
19717677
30254356
30243926
30249000
30285668
30254464
24616165
30258409
30273257
30209575
30255521
30228652
18663807
30239989
30255160
30229018
30186404
30224915
30263894
30260533
20862521
30223117
30278408
30292887
30266952
30275254
30316876
30212910
21637028
30283502
30252787
30261624
30242340
30266135
30292864
30249816
22377800
30285067
30276928
30269102
30253839
30296493
30275588
30245233
26797808
31190261
30292757
30274353
30258000
30298311
30294677
24488423
30268135
30268346
30276820
30297382
30263334
30254582
25672174
30248046
30276384
30283671
30291931
30288969
20100205
30269922
30232221
30274753
30232817
30295791
30251708
27278334
30190762
30138080
30163082
30107853
30115273
27071169
30163495
30106113
30150758
30136880
19398513
30181766
30188628
30127031
30178364
30156582
24458490
28368545
28257561
28284790
28326611
22142727
30170618
30164826
30088753
30205840
22019813
30226832
30223253
30155214
30161168
23868421
30168320
30186934
30221182
30168688
29687568
30138924
30171795
31092326
23897692
30132913
30165513
30170046
22115102
30137878
30171838
30159370
30176744
21757898
30172429
30139873
30145401
30178433
30186095
21088490
30149718
30162379
30116878
30162250
30128775
31712374
30153949
29752134
30109985
30084544
30156860
30136756
30155538
18260889
30104037
30134527
30109297
30137742
30112377
30125323
30075142
30130469
25355071
30113351
30099957
31083350
30168389
30119164
30159702
30151385
22234342
30159045
30116562
30096711
30156293
30153235
30126649
30118533
30105760
30167076
22403946
30137420
30124013
30121775
30118240
30086835
30741170
30133413
30194553
30086926
26956699
30142780
30202959
30139300
30176736
30130900
30164308
30109624
30133488
25928332
30157095
30112058
30167609
30169051
30169084
30193813
30166927
19417930
30137978
30158889
30119792
30193973
30170294
30146059
30167128
30161482
26508535
30129861
30109979
30107595
30178733
30197829
30128009
30128503
28883832
30132144
30141977
30076188
30066705
30089685
30125946
22365777
30160340
30097220
30106686
30194633
30177526
30170775
20807997
30119975
30120933
30173604
30159992
30150031
30153193
21980931
28439286
28424282
28434103
30069849
30231222
30200600
26143579
30188800
30250054
30269267
30251633
30187729
23263813
30255382
30240937
30213564
30187694
30195526
23400613
30220726
30242462
30245257
30260244
30240495
26253589
30294273
30204480
30243780
30173339
21806738
30290983
30316329
30273038
30339602
19237795
30290089
30303689
30303802
30297638
20398315
30370191
30393909
30541806
30409846
30455235
19296420
30374882
30356493
30386413
30411778
30399459
30375703
30370424
27395304
30343266
30445805
30345031
30367058
28591323
30165299
43467639
30427397
30344486
30990934
30333307
30387482
22578624
30438713
30393295
30410133
30358097
30423375
19742815
30387405
30368563
30399369
30404211
30364753
30376828
30345480
24240434
30359526
30428040
30418410
30382250
30401787
30404395
22351166
30255115
30285373
30542021
30353277
30323382
30318736
23476137
30313201
30325368
30300278
30309299
30327173
30311766
29724316
30289928
30268165
30273633
30301139
30255025
25273223
28501792
28493583
30160118
31304528
30329775
25311307
30272855
30319755
30328760
30321293
30304841
29843429
30284031
30288470
30284706
30260529
23228735
30221206
30234735
30229938
30229797
32070402
30291018
29141232
30305379
30284193
30273229
30304318
30305211
24973428
30275000
30279889
30307731
30310829
30325365
25003280
30296177
30304362
30312772
30305081
30273512
29166929
30333055
30296772
30327542
30322408
22939368
30347931
30306612
30317275
30346535
30281591
30340242
28063379
30358621
30318989
30259279
30304892
30311247
24283106
30285546
30265895
30353139
30323288
30379138
24537929
30260737
30270787
30324569
30316710
30321100
27850948
30291621
30313991
30321598
30329057
22375849
30340919
30344560
30336446
30343160
20326130
30283162
30304173
30258917
30348631
30341655
30366275
27472708
30299546
30277482
30315328
30299230
30275231
27201789
30327768
30272475
30309675
30306679
19671001
30303644
30277289
30347944
30277958
30269928
30274022
20721485
30293544
30309853
30304237
30265637
30279222
30333375
24721087
30304436
30240809
30210853
30249079
30278981
21869096
30226210
30271324
30211264
30241094
30292303
21832994
30254135
30255950
30388735
30291304
30315182
24209133
30272042
30201844
30241714
30301548
19399228
30305408
30265186
30295777
30324288
30254814
30294609
23506457
30285645
30293175
30948028
30297351
30314959
30243273
24510835
30293546
28399805
28351852
28316998
28402879
28389759
24933710
30288340
30244786
30277533
30256942
30235251
19910537
30271107
30224585
30252291
30302853
30290193
30290716
27168306
37669608
30294164
30268515
30250268
30269025
26832910
30316973
30276440
30298016
30269476
19496533
30251871
30250651
30280296
30279170
30245594
24202670
30265700
30270811
30271196
30331289
22114044
30275037
30310292
30290051
30323637
30317193
18817267
30251682
30236992
30274192
30293588
28410174
28433702
28449572
22203364
28430481
30309589
30208691
30247867
30229529
30260771
21073939
30265042
30320349
30324566
30298075
30928521
30317896
22021156
30255564
30272904
30301525
30270593
30281396
30331409
30310624
24991247
30280876
30262589
30291928
30282725
30327760
30348124
30278649
29489591
30289670
30269844
30280908
30228322
30237044
30283531
24210335
30271070
30310824
30302061
30283862
30278397
30246138
23767350
30256302
30259549
29484271
30093229
31715470
30280270
27093355
30243837
30294078
30296933
#end
