#729a2951|blade-2-m620|jdom@54ed0cc8b7e8deffd5e088305ca7723dc0bd963c:org.jdom2.Verifier#checkCharacterData(String)[generators@bcfe6d43107430b2604e2e34b9151742941652e0:cz.cuni.mff.spl.casestudy.generators.ParseFileGenerator('MQ==')]()
#date=May 6, 2015 1:41:56 PM
#warmup=1
#count=3853
#begin
30459248
52533364
24500974
30352213
30353176
24582399
40786308
40352371
30803039
40364544
40425293
40283793
40280140
40224551
28371963
36841044
36877849
36692607
36685716
36722127
34856566
28525570
30379831
30413349
30452040
30412853
30386811
53848931
30446626
30366037
30379547
30362017
31026366
40461947
40438818
40409285
40353499
40404382
40490931
40441975
40438905
41321855
40353178
40678660
31387679
40502871
40458242
40500398
40447945
40547129
40507164
40416414
40518315
40414241
40546116
24875268
40478192
40465436
43903620
41767510
40526947
90157730
40418695
40719058
40259220
105263560
26739587
40481338
40448458
40397300
40416419
40446089
40407601
40335265
40375438
40351137
40386780
51323972
41437542
40518958
89920113
107714658
104735733
97779970
52949521
46002206
22451724
40484838
40474868
40404160
40491592
40471203
40467927
40525820
40495251
40385474
28676861
41891519
72619250
40498056
31310252
31126221
39673051
30223409
44793231
26763296
43017988
43316777
40030920
30869297
30071329
30073461
30141631
30242311
52518366
54680397
58072570
30050295
31975054
32413106
32766434
30165300
26281460
30124944
30137211
30109429
30137002
30216445
30119177
30161802
29799603
50726912
30121898
32208423
30122904
30124496
30139604
23321729
30149464
30102326
30160697
30122926
28290223
28305510
21324931
30147963
30162775
30104875
30116598
30135197
30081342
23962724
30159924
30158722
30171375
30099701
31167890
19228344
30136591
30181711
30160602
30114831
30125857
30133577
27597459
30383873
30121269
51751694
30053986
30085294
29135360
30076938
30128860
30128602
30123897
21363962
30135342
30147155
31057941
30144662
30093495
27026280
30294440
30339194
30291964
30298828
27324611
30261622
30250075
30276809
30270755
30378884
28482935
27413916
28494483
29091663
28481089
29849384
30292882
30316395
30305595
20377851
30157082
30175663
30201680
30099827
30163907
30177540
30196373
30202249
30201862
30190744
30185762
26133262
30148295
30152816
30181118
30141983
30124918
30799252
30239950
30242275
30225577
30168885
28831145
30143387
30181429
30167424
30170064
30149813
30152455
30175911
30129207
30129185
24028288
30288357
30279681
30305726
30271973
30262127
30308696
30305006
30237140
30257179
25396590
30242320
30259191
30286273
30260200
30281631
31105791
30308501
30297155
21497432
30295586
30271713
30226109
30267515
30289015
30283839
30337742
30293666
21550405
30304238
30268146
30296017
30298709
30280409
30279724
30297128
30306031
25845984
30305427
30241662
30290502
30276402
30267804
30301077
30324026
24086939
30307902
30228625
30303155
30300246
30282729
30316108
30265552
26167457
30247269
30283440
30335004
30296393
30305644
30331780
20974547
30139375
30320819
30266824
30294754
30297338
30310022
20972461
30224187
30267513
30297622
30316473
30300737
30259060
22920882
30282280
30253570
30271678
30301988
30282761
30230441
29741054
30276366
30222373
30291504
30272064
30305893
26093731
30216782
36656425
30198209
30147187
30208358
27325052
30161947
28365379
28351915
30390313
19911880
28379931
28383616
28386178
28990677
29735409
26338631
30164002
30254626
30182844
30182580
30226762
20563054
30151851
30189742
30435836
30226662
30225124
30175062
30144544
20344501
30193889
30197926
30177991
30182178
30250342
30155784
30120856
30123875
30092586
22857249
30158082
30136499
30143833
30140622
30160478
30214191
30203493
30226628
19847775
30137762
30116133
30172127
30209067
30202039
30154546
30173375
30409727
21487949
30151358
30128182
30213146
30147529
30113649
30127496
30139597
30182426
26172671
30136298
30106820
30150662
30142797
30122573
30137908
30109380
25473558
30106720
30135651
30130339
30130165
30092187
30115427
19051427
30113091
30145768
30162150
30126979
30174278
30164242
30079042
24996012
30099331
30097419
30179173
30175124
30190609
30102619
24880387
30127048
30128909
30130539
30120098
30134429
30127942
29363225
30101771
30170599
30120369
30085931
30126573
23758955
30072404
30225315
30148997
30182964
30146351
23333795
30176604
30187426
30211005
30116786
28299563
22889251
28359433
28348452
28344750
28312448
31193256
30093291
30165191
30188276
30227329
30145589
24856910
30115458
30166507
30185055
30133646
23487268
30138268
30232371
30201775
31178687
24942278
30147734
30109044
30114420
30084818
29775933
30118099
30125168
30138264
23684877
30158495
30101325
30173554
21272805
30223645
30107622
30169202
20439182
30137589
30128266
30189232
21243205
30171366
30125479
30114282
30126511
22946305
30161307
30165278
33216473
30106355
30092840
26478056
30114900
30093146
30157005
30087313
22593258
30144300
30172647
30131471
30086647
21407749
30137664
30158147
30207995
30145009
21923129
30177442
30185362
30098898
30103271
23472094
30173211
30110980
30097846
30119630
30137551
26732859
30081457
30123017
30117271
30095915
22870957
30165722
30114087
30148826
30139684
20967281
30950301
30128484
30109087
30154335
21397541
30126717
30125900
30160881
30142003
23128735
30139018
30166465
30092277
30144734
28479020
30107840
30095642
30073630
23833921
30114914
30097395
30086671
22436569
30095622
30117018
30134760
30094320
22116189
30102070
30168231
30134213
30152437
30154768
21740429
30326844
30143417
30142203
30125866
30126369
23978054
30145339
30052851
30152508
30130448
19384226
30320467
30339376
30326357
30310593
30253066
26835919
30280082
30248832
30266546
30287041
26535333
30336663
30355877
30300399
18069054
30300546
30257120
30286269
30296207
30269730
21012358
30345157
30280102
30313867
30352335
30243118
25663649
30260304
30267497
30281309
30293702
30315393
19791562
30247403
28436334
28472790
28426543
28446799
30058337
30293351
20491276
30274235
30285778
30334073
30280028
30283687
30316704
30292217
30272028
30257930
24706678
30324099
42057251
30265250
30277733
30270759
30271722
30301307
30323102
23545813
30284293
30143395
30221412
30142758
30161062
30151531
28488334
30174639
27541397
30177774
30174604
30182642
30168893
30170965
30226617
30230153
24113266
30209344
30162724
30169839
30142073
30131091
30120817
30157597
25302323
30182044
30203508
30134689
30195948
30229935
30179674
20232808
30191833
30191944
30168349
30190807
30186391
30186558
30197305
29661422
30154580
30193440
30202069
30174156
30184709
19380311
30142326
30185326
30166191
30158166
30225326
30199920
23396373
30164376
30222977
30186857
30208187
36583775
21291336
30126113
30085509
30155767
30131111
30109777
21134085
30177059
30134187
30141812
30140925
30104926
23568811
30094050
30170916
30156479
30144127
19269811
30136562
30172438
30128000
30118671
30138284
26690831
30129264
30113575
30156068
30087064
26717122
30208095
30228867
30243580
18743875
30251972
30242729
30213147
30250120
22970260
30248877
30279231
30232270
19171198
30282258
30276670
32271030
30223318
27650708
30247035
30260589
30240024
27016552
30308673
30294930
30315866
18092938
30299040
30259336
30342091
30366968
30301106
20888851
30337072
30351147
30325835
29085352
30311294
30360840
21118542
30345926
30321335
30308882
30311913
30296735
30324484
30338136
30307517
28965843
30315087
30313159
30268864
30348540
30324200
30293709
30297517
19479431
30327902
30318542
30308068
30967128
30319817
30332739
30350347
30315705
30284781
19633179
30284091
30565058
30283301
30263491
30294731
30302648
30331152
30330613
30288774
23752294
30284853
30278089
30334558
30274324
30267721
30356875
30335235
30348415
22933346
30413453
30426062
30404362
30379028
30413406
30428496
30386835
31064527
25967807
30406841
30372924
30397331
30400284
30393434
30440909
30475953
23190482
30426967
30374742
30397448
30402253
30390933
30423413
30423532
23684581
30389780
30417255
30423662
30370479
30372190
30408166
30393886
30218645
30429247
31034333
30438651
30367346
30398695
30389075
26214446
30436490
45462531
30405524
30358148
30410355
30410822
28469507
30387688
30403713
30403758
30412457
30371640
21836118
30420455
30364582
30388968
30438270
30384837
18951218
30414717
30380720
30340442
30456300
30385851
19264886
30405405
30397139
30356644
30435368
30415726
21614073
30416100
30382743
30390390
30407460
30470108
26737308
30408261
30392188
30485053
49598834
24004314
30346017
30270847
30350004
30289141
30314366
21383633
30317709
30323624
30404365
32402034
30327359
30295305
30311444
25693317
30311906
30313553
30298347
30307460
31640919
30317463
30321903
30371170
26999683
30295400
30252368
30304630
30305522
30256608
30292951
30278000
22243962
30364732
30302779
30327208
30283471
30300656
30280675
50337839
21406938
30277998
30292202
30267019
30293684
30223316
30339124
30261303
30262429
22260535
30306368
30301609
30213627
30201133
30198265
30884608
30286611
30204831
22813219
30252324
30288761
30290019
30295703
30295113
30299947
30285513
30288269
29139538
30247833
30247431
30262507
30245307
30314597
30306306
30280264
26543813
30405654
30335740
30473344
30236336
30249504
30308715
19118990
30248389
30294848
30281617
30256821
30245975
30254995
30315382
25044683
30247460
30279335
30302806
30325484
30313855
30283344
24218301
30272840
30280071
30215982
30312022
30269559
30322178
27420604
30261906
30289620
30300683
30267620
30305619
22738079
30269214
30279400
30301224
30309602
30268183
21372834
30317349
30250811
30302640
30282426
30279004
30310830
30306093
27911472
30214286
30279649
30236939
30288407
30303266
30364512
26679768
30273276
30270188
30235657
30274371
30312412
19392306
30165573
30180851
30190558
30203200
30113577
30172507
24833852
30215119
30209667
30183351
30231277
30170365
23282612
30212053
30172540
30187962
30216820
30135135
30365444
19760046
30152005
30197906
30162551
30130756
30167957
30198494
30215962
30161153
21327422
30194562
30187796
30155115
30167884
30168455
30174595
30186224
30174538
26923644
30209711
30197049
30124813
30099727
30146745
30158560
30193161
26267507
30182119
30196717
30184544
30151393
30447710
30241513
19613628
30163786
30144237
30164477
30173531
30185122
30170126
30166936
26072304
30271779
30297924
30312888
30271263
30258773
30396177
26053755
30226764
30273760
30319660
30321204
30297745
19166783
30285571
30302964
30277309
30340337
30279619
30315751
30315290
18987422
30294448
30346130
30299121
30931384
30313098
30329242
30271489
30301257
30276740
26577059
30260617
30282560
30300882
30271002
30302056
30290977
30233000
30249380
24090032
30297198
30252202
30257660
30337827
30531982
30274851
30268331
30274659
30285779
30197392
23265770
30212847
30247317
30248737
30237450
37587480
30273708
30269384
30283842
30293925
30322777
29182943
30254364
30274139
30319522
30313842
30284812
30291133
30352160
30261475
30280395
27664617
30262488
30283073
30282246
30306673
30220355
30284191
30291651
30332017
21207636
30244740
30280399
30323650
30364907
30290939
30307015
28459713
30299290
19675952
30375764
30320278
30288598
30263558
30322172
30298093
30271371
30317531
22324155
30312921
30262088
30281648
30276283
30251508
30312025
30315636
18750185
30298704
30271747
30244133
30247429
30288488
30328520
30215549
19666221
30153303
30183798
30205250
30161804
30168322
30202438
30150237
23265031
30223966
30182913
30186072
30164017
30172638
30164780
30154678
30162731
22293740
30130395
30100964
30078694
30118811
30093833
30145958
30123296
30114271
30086246
30096377
28910728
30164802
30155343
30169649
30191510
30170320
30147242
30332132
30091028
30148308
29327318
30130693
30153522
30101189
30137109
30100022
30128059
30085527
30768842
22778580
30153279
30165466
30206611
30184825
30132396
30161508
30127624
30177907
21871156
30121798
30171829
30152011
30118893
30144796
30198441
30170791
30174093
25104065
30132795
30222309
30231622
30161620
30173130
30185641
30108622
22413822
30124789
30198842
30152029
30155542
30144942
30177195
30121598
23382606
30132263
30132231
30161953
30144366
30127883
30107194
17762400
30147975
30151690
30210247
29321941
28308763
28343410
30106502
26480295
30461924
30158546
30168935
30141351
30107824
30263195
29552598
30116464
30089333
30064776
30108704
30146197
22522671
30145055
30163441
30144406
30117909
30181842
26522246
30228895
30211529
30146033
30171275
30172511
20395197
30171986
30217187
30176455
30144593
30172971
22790010
30180309
30229804
28399219
30161460
30106525
29741204
30085710
30167187
30187956
30185235
30231680
22537413
30183551
30199419
30180735
30181156
30138774
30174558
30143204
23676355
30175196
30147456
30202608
30210282
30169927
30239389
30192904
30194213
21485580
30176075
30170625
30128767
30176600
30193071
30195617
30222744
30200712
22709947
30340359
30279651
30176024
34382644
30161151
30169057
30145218
30202270
30371113
30386249
30433280
30387525
30402071
30411166
30437411
30449642
27832130
30403215
30383142
30391415
53365017
30402402
30340340
21148407
30402933
30417502
30395392
30392913
30388673
30389639
30375271
29162047
30351351
30426013
30416600
30461767
31029284
30367064
29215047
30416775
30409387
30487677
30395616
30374257
21022515
30397173
30412189
30411750
28588707
28607225
28549718
25747857
29974207
30388120
30438227
30381379
30407670
26007751
30382877
30397624
30415589
30425021
30407817
29065096
30323671
30420056
30422982
30451668
21062405
28546437
30418486
31060985
30398748
18372340
30401907
30416611
30446205
30435840
30362251
29204025
30398349
30347904
30361823
31025801
30415927
26568856
30447833
30410248
30419059
30341667
30399142
30926311
23153898
30502264
30359219
30407793
30404800
30397642
30390613
23053895
30397046
30374102
30414385
30373733
30394197
30414471
30427055
20298081
30445811
30369364
30375953
30463477
30361807
30413591
30403422
22223014
30386418
30405593
30446055
30458519
30401183
30371309
30422818
25165725
30408351
30395253
30418189
30436471
30391364
30403308
23083301
30499233
30478783
30373400
30398804
30400866
30392938
30383057
21944987
30350415
30428965
30353804
30444151
30400588
30376752
30398916
23170188
28565875
28792882
30378411
30399902
30406909
30436424
20746681
30448173
30373877
30364040
30385256
30378975
30351153
20127132
30368585
30404569
30350431
30366820
30331168
30500255
22672664
30355800
30417765
30384082
30429109
28571663
28567440
30442962
30395928
30409327
30358286
30411419
30386788
26858829
30408622
30397693
30403249
30398726
30433925
29827187
30409628
30388227
30394493
30422146
21842735
30332322
30278965
30368055
30308655
30306769
30276224
24315666
30276488
30304692
30330701
30341160
30318637
20395314
30325862
30298517
30353135
30285738
30327627
18279192
28502833
28571434
28511621
39590039
30296054
30431678
30348286
24600819
30329071
30293262
30309515
30313097
30352255
28519509
23936575
30320582
30315015
30321161
30252549
30292580
30352635
21361840
30303931
30339273
30312014
30302726
30319576
30348659
30314840
30335466
30356904
30338084
30269933
30334135
30367844
18612603
30289767
30309286
30286897
30348895
30283700
30292749
30291249
30304324
25242356
30271969
30267442
30316455
30297859
30333212
30319858
30311448
25613989
30307861
30301144
30345393
30321646
30313327
30317646
19894749
30289477
30308549
30335342
30341573
30321090
28504783
30195073
27050986
30310525
30308973
30350805
30318524
30307115
30268942
28895856
30340326
30333200
30337039
30331087
30326445
21356852
30354004
30355391
30306417
30246155
30362960
30332151
29819664
30315302
30295981
30355207
30299204
30341245
29149251
30259826
30318886
30319517
30275989
20375074
30296573
30344884
30309933
30323476
30297001
24666556
30275955
30350339
30304833
30279076
22117247
30322992
30363568
30302582
30374013
21645361
30386613
30282215
28451014
28497168
30371088
21109890
30317507
30275519
30356578
30308357
30337333
23066018
30338446
30342257
30333760
30282671
30308568
29032091
30320969
30313721
30290364
30302044
30336239
21400972
30335551
30283131
30298707
30327401
30349501
30222116
29212567
30357558
30358189
30312851
30341526
30355904
27646152
30311803
30348640
30287277
30376806
19269673
30326209
30308793
30579764
28488807
28540844
22561511
28517558
28531431
30191542
30297286
21013732
30303979
30329111
28512850
30317393
20356277
30308983
30388421
30324974
30324075
30292160
19357542
56694533
30289813
30345753
30344046
30306327
30335204
20188039
30355202
30300853
30294662
30318046
30318882
30336348
20785581
30312476
30297208
30333559
30304728
30323353
30297195
30399329
30334473
28237603
30306343
35128895
30318548
30349135
30272856
30316289
30295573
29381305
30296442
30353872
30312189
30341628
30329440
30330564
22071532
30309900
30321537
30369180
30380695
28494647
28483868
19574496
30334356
30340111
30324266
30349422
30312216
30295776
30329091
19603886
30238900
30341855
30302271
30311568
30323753
30311939
30292362
19587872
30324891
30350477
30298360
30310580
30319360
30304548
30284857
30371578
30334631
23252644
30300742
30312324
30285524
30300497
30324870
30336815
30299177
30425717
21799776
30335128
30312264
30305730
30310506
30297095
30297837
30320056
30308413
23784290
30325255
30277233
30292997
30279575
30301117
28488100
30069764
20655583
28447059
30105315
30291666
30227769
30261075
30271095
30302240
21286157
30316484
30257820
30277771
30305822
30272335
30281682
30344243
24762117
30265866
30308096
30274538
30239942
30318595
30257986
22424763
30259328
30258429
30253213
30244574
30296295
30255862
23107837
28525477
30319359
30273789
30273212
30339953
30307520
26963850
30304962
30303515
30250353
30289899
30264257
23436531
30269468
30273022
30301355
30231393
30296702
23304781
28483563
30121204
30279497
30252909
30266457
25541075
30297513
30266682
30296022
30297300
30292907
30277020
26266162
30302729
30199227
30242871
30247307
30220990
20277282
30258589
30248438
30304778
30266649
30328208
30305366
27294430
30165524
30160562
30169818
30178644
30150818
26542068
30171566
30186353
30206771
30158249
18797105
30129899
30148591
30168849
30211135
30166180
23464375
30137884
30115136
30144850
30123606
30160051
30178838
29436671
30090694
30156420
30161557
30148178
30154491
30167138
30086337
29772411
30795419
30170027
30131633
30127822
30147502
30141004
22470622
32156177
30179188
30161482
30159175
30151177
30132898
20463807
30131313
30146300
30145973
30166437
30143410
30142177
21171094
30106506
30267426
30118264
30087680
30161482
30120402
24839148
30123122
30144166
30146040
30121773
30161420
21898602
30144289
30122017
30224328
30102234
30182377
21846496
30630244
30160399
30163642
30165702
30157398
23849310
30212128
28384896
30145574
30189817
19279215
30179168
30221900
30193047
30197403
30252846
26377073
30216391
30250324
30256021
30218918
26062671
38149986
30268510
30246727
30223700
30216646
25597381
30215370
30274107
30253237
30261735
31101897
29423637
30229420
30269651
30234566
30279873
22687788
30214942
30252041
30218713
30236400
30215699
30229754
26420696
30209700
30271589
30255036
30217837
30245957
23082371
30254600
30264706
30249811
30200595
28415319
21777620
28423981
30215591
30207593
30223666
30296633
30309322
20459033
30207873
30237458
30254384
30201062
30231567
30264993
30248562
28871046
30168426
30232240
30267111
30233911
30206756
30302558
30245604
30311929
30311247
30299324
30323817
30343904
22337398
30405631
30435809
30434755
30416396
30388115
19097727
30389138
30435346
30403351
30389759
30436515
30381852
30411452
23404961
30445017
30429682
30381059
30473576
30417799
30408858
21207947
30445600
30438269
30434359
30370171
30346826
30313960
21921972
30378264
30377578
30346293
30376577
30337802
30385771
25662818
30154604
30145059
30125320
30164975
30232169
22732664
30198913
30161679
30150916
30175182
30148798
30190425
30155971
27295442
30171293
30135750
30172955
30137667
30145367
30123509
24579907
30118091
30124542
30152084
30127936
30134420
30172115
25770180
30141641
30210535
30154526
30188651
30155449
20372822
30151520
30156003
30136775
30160158
30157237
30168080
27363682
30180383
30187237
30170711
30180631
30164717
27065975
30155994
30174418
30156977
30179799
19817921
30190191
30227272
30222433
30198564
30226133
24361027
30225284
30221093
30265829
30224404
30222880
18335869
30291064
30307333
30351731
30393826
30344402
30338505
30289409
22968351
30363013
30318615
30305804
30330668
30365315
30315058
20825212
30335144
30324757
30344142
30337004
30357504
30301295
21723106
31168297
30427157
30293288
30305582
30352901
30322759
30278462
23740746
30283591
30317305
30383658
30401409
30334996
30361773
20080257
30372750
30324198
30346820
30319562
30319515
30287783
18556169
30254229
30317618
30323629
30369319
30305909
30329019
21378194
30336131
30292353
30333380
30275282
30306968
30327817
26495051
30325571
30336265
30352248
30420835
30342960
24468044
30352035
30362559
30384722
30343887
28564586
25610557
30386186
30395700
30414475
30349853
19294766
30411749
31212599
30366844
30383482
30408840
25278114
30382380
30466977
30720862
30385335
23454910
30347055
30411573
30396204
30340692
24094558
30404948
30381182
30442430
30393612
30366975
24886009
30380584
41326093
30373931
30387379
30413579
30418759
24690181
30372233
30380101
30355110
30368029
30393430
30438666
24291821
30411050
30409162
30418760
30383428
30411922
30396401
30392507
20455756
31394976
30435480
30534395
30433962
30412879
30325727
30341569
20875729
30366555
30344655
30350913
30487351
30376858
30394061
30422364
23092472
30387884
30377139
30410422
30381175
30425224
30390935
19641864
30474382
30392614
30414404
30469592
30400151
30378291
19754243
30391210
30401668
30420377
30389945
31039079
30427659
22958629
30433200
30397592
30368948
30386544
30384148
18500414
30369293
30373489
30360099
30398682
30396673
30387053
30395090
22273672
30374153
30395608
30418884
28540592
28580394
28586667
28578676
22167604
30386306
30437758
30412286
30355262
30421827
30386384
43448862
20685528
30344774
28543058
28542151
28501478
30294315
30291377
30286783
23205319
30351597
30363130
30347421
30342642
30356568
30354795
19448673
30259773
30314657
30351299
30926521
30373843
30327393
19658323
30325702
30318720
30347046
30268375
30346395
30281120
22602763
30342253
30340367
30333764
30353775
30932408
30335559
29445909
30326296
30347031
30383158
30386249
30349102
26660396
30390916
30288217
30916349
30335117
30321824
29699952
30333655
30329353
30326606
30288458
22693869
30244006
30358117
30330207
30307575
17813894
30306504
30308185
30333102
30295486
30301273
27961762
30317718
30336939
30335781
28504829
28205744
28481621
30318736
30392044
21434442
30293203
30296411
30292376
30266997
26529451
30315002
30302904
30338260
30305148
22777844
30294459
30248584
30295420
30232113
21454352
30129040
30121316
30133609
30123082
21793702
30132715
30137353
30128253
30094324
30160342
22763935
30117987
30135686
30125707
30143921
30143416
30142108
21840405
28377712
29996106
30176333
28384265
28387650
28361512
28328876
28375545
25346807
28354652
28322718
28348667
30164710
30181926
30151436
30127233
25574391
30251920
30135675
30113951
30140939
30160047
30094084
30139229
29896228
30165913
30141764
30106513
30157666
30120702
30158459
24095644
30132055
30153106
30131320
30163949
30180195
30209479
23609517
30169802
30180788
30167183
30157513
30187119
30149497
26443840
30125346
30143306
30156995
30138257
30149604
22030633
30208669
30130204
30150417
30175802
30157506
20624465
30160008
30100173
30153803
30162246
30186358
22545513
30249611
30189199
30259922
30207936
30246541
25714116
30224455
30222917
30273022
30239390
22631651
30189938
30226267
30249338
30254118
21108194
30237522
30257809
30240004
30209895
21533688
30252178
30210275
30294170
43099439
24591057
30851082
30165422
30241139
19945919
30253962
30196951
30212781
30239736
26451763
30270484
30264853
30230319
25248816
30023551
28422430
28438283
24418352
28888524
30259408
30214928
34878560
30166787
30235881
30248055
30232355
23209271
30284069
30300266
30189428
19401962
30289940
30308569
30333222
30294579
30338128
28601007
30283587
30367525
30314108
30365153
28821337
30249704
30282626
30277068
19950013
30125978
30214784
30153791
30192766
23917426
30240884
30829962
30162565
20526295
30232531
30163564
30206982
30175855
30181530
29747880
30278553
30280114
30263199
31828714
29591875
30294141
30317524
30333457
20461543
30250440
30286344
30282139
30279090
23836074
30304455
30361916
30360273
20478401
30349281
30291587
30356593
30285995
29702042
30300730
30323089
30318585
29069892
30304774
30323740
18989176
30324820
30342467
30291870
30352564
22676276
30322980
30318939
30318526
30327637
30139980
30339713
30306644
30277898
30302050
24983030
30276080
30319116
30285266
30889042
30282927
24597357
30312324
30398050
30267601
30284373
30383118
20903099
30163720
30178869
30409513
30153878
30130245
30151069
26524997
30093632
30154380
30227886
30066905
30121588
30175640
19953937
30103231
30146908
30106915
30148598
30075700
30065773
30046178
26367865
30133502
30241202
30211155
30172183
30310742
30231724
26382326
30203497
30245022
30207255
30271740
30225726
19404026
30221382
30195837
30213724
30204260
31263495
30200371
30216802
24580992
30234270
30216016
30227878
30249515
30296379
30226311
23189958
30347082
30294367
30366034
28477216
30321222
30349645
24824762
30436772
30404344
30410876
30388533
30406462
19523484
30387951
30441408
30472789
30361735
30400193
30381615
28179352
30425582
30415595
30400406
30399700
30346582
29148487
30373657
30418844
30419836
30402606
20949718
30411844
30425706
30394796
30387370
30369221
26411882
30402829
30416769
30357399
30394449
24244532
30444068
30396973
30354349
31364026
24426510
30374555
30396078
30427140
30413764
30410467
24787133
30368224
30397270
30427775
30407235
30382875
30382004
27053635
30365927
30390519
30377446
30364211
30369984
22078036
30420811
30415882
30393195
30377355
30428353
20370619
30369232
30282521
30332938
30324022
30313451
30301086
19487490
30276508
30328540
30287847
30299746
30331384
30285898
19352908
30297516
30310051
30337992
30370935
30312564
30318499
22221956
30361419
30319974
30334579
30290668
30286909
30300400
30286959
22539146
30339488
30307460
30276359
30266596
30321331
28487350
30152249
30313116
29943498
30268055
30349705
30329484
30304707
30361460
30272526
18746684
30334973
30378501
30389280
30318338
30312182
30366600
30334948
23143508
30354973
30364719
30307075
31343692
30348414
30336549
20653534
30292878
30311787
30354633
30307678
30309379
30266882
21391145
30316651
30310644
30952633
30301193
30303622
30308568
25329177
30287899
30279860
30287831
30290607
30321262
22288609
30275474
30924879
30269140
30305735
30296995
22081408
30926404
28466436
28465854
28454552
28489094
30275206
19660348
30279502
30302173
30302578
30270974
30281573
30230657
30309171
22407031
30274611
30260984
30256749
30244348
30292804
30260702
30315331
30194764
30316151
30497167
30296713
30247105
30275593
30350600
29286587
30234736
30275208
30325588
30290289
30331823
20590125
30273984
30284671
30268674
30308051
30289535
30289935
26108911
30252068
30280875
30268426
30328037
30240699
24414158
30271564
30244951
30289257
30249422
28473360
25706011
30185662
30136409
30216383
30156368
19680231
30181667
30161093
30199381
30173695
30156168
26041798
31063962
30197492
30170544
30189201
24563592
30167664
30166511
30120023
30214226
30183549
23056792
30196633
30151903
30207479
30214815
30220949
30139386
19196835
30236004
30260657
30121288
30151760
30174652
30183717
30209664
19920925
30197502
30252053
30169368
30175226
30187718
30179680
30196279
30193996
21217548
30167051
30161483
30168889
30253062
28311739
28402225
28404523
28406228
25034111
30178988
30227768
30178160
30191013
30164011
30155055
30272950
25639776
30211293
30159220
30198762
30184915
30151013
30180019
18379856
30133136
30164940
30200266
30143727
30150631
30162284
30126119
44885092
30221640
30188822
30203513
30187087
30194940
30186937
24770477
30158006
30188598
30121711
30197473
30197764
30157255
29278089
30126113
30172957
30176042
30176067
30167455
23530614
30177415
44508371
30193760
30146404
30209107
21694396
30263926
30272195
30262971
30242235
30305520
23830424
30312586
30250795
30259697
30255494
30297212
29938445
30294054
30286389
30302089
30278570
24625590
30173004
30182673
30137776
30154322
23418859
30141133
30189164
30165329
30141510
24570673
30738144
30141444
30214128
30228222
29668729
30172443
30208124
30207600
23126006
30186997
30205170
44211500
20536155
30187886
30124450
30134596
20226743
30172784
30174637
30210084
20138052
30189586
30194744
30196591
28399488
22723271
30216353
30213533
30180481
30206338
30170421
26117326
30186355
30251236
30233089
30178904
30174991
30217275
29713365
30127790
30144256
30166112
30203043
30223752
30175766
22845717
30186036
30161622
30151387
30152287
30175508
30198506
30157122
28640732
30214257
30163622
30218305
30194226
30183013
30145418
25539172
30156121
30168051
30182638
30170945
30167995
30176235
27146111
30167840
30121182
30205311
30172397
30175477
21622927
30168295
30207873
29492996
28369935
30215448
18529397
30181598
30180949
30153351
30232684
30150300
19049571
30194216
30207026
30198542
30146672
30196384
30426395
30211072
27468155
30194377
30163082
30166488
30191842
30137793
18259696
30207213
30148728
30176991
30162139
30168409
30117452
22949524
30165695
30149960
30187010
30856731
30144374
20665652
30126215
30153265
30098287
30164942
30185864
20710190
30142373
30110637
30156551
30205191
30141762
23257853
30144182
30140822
30254111
28364583
18762175
30135418
30147549
30119673
30186551
30158462
30156733
23198487
30232535
30239184
30241773
30220093
30275500
30211308
30240657
24410177
30255997
30237038
30228013
30221786
30182709
30857633
19872319
30199566
30229842
30241264
30220927
30180526
30236397
30274818
29103889
30174457
30174968
30227291
30248148
30316862
19676220
30229991
30230776
30229036
30253069
30218146
30214773
23726415
30234640
30239356
30218288
30222101
30222371
21632216
30296710
30264406
28405399
28406850
30243511
21783356
30258818
30213642
30210675
30243502
30234646
24676998
30252649
30220434
30251489
30202918
20420626
30239748
30220233
30300711
30204228
30224782
29860231
30279038
30336706
30320706
30300554
30190369
30235838
30298306
30210667
20703468
30271644
30293209
30270107
30262435
24868956
30272367
30358916
30314789
21335496
30338106
30307275
30266473
30344257
18856206
30325971
30311987
30334348
30297346
30334279
30383944
26002603
30315971
28575456
28507221
28498330
28481316
28487774
27404634
30298642
30345666
30358959
30285836
30301371
21325713
30360642
30298676
30308000
30308632
30289499
30322438
30330969
27243598
30382452
30385228
30352724
30343773
30375317
30293497
26145631
30266422
30334144
30331242
30340451
30331220
17980230
30304218
30380919
30356115
30361473
30281663
30323297
23683669
30349216
30287944
30366716
30330984
30339653
22177344
30318735
30303357
30354411
30287042
30339160
23118018
30246468
30353760
30950078
30527169
30307215
26914479
30305680
30352060
30341273
44098094
22884380
30299525
30328197
30317557
30315886
21619496
30321840
30315284
30327797
30305146
22061060
30332166
30299637
30336999
30275462
24816069
30338793
30333856
30305842
19702007
30307371
30337627
30304266
30293820
30344360
25600980
30383893
30355250
30418508
30437833
30395249
20737556
30419982
30384700
30372393
30367648
30359653
30444304
20651161
30439058
30379304
30482608
32205194
32333954
32323993
34112386
22539148
30437410
30405378
30382547
30342031
30374623
30441964
30436404
29369222
30347053
30353662
30429311
30407542
30387219
30459390
28108630
30289047
30348256
30338188
30282811
30321746
18638497
30283648
30370915
30302855
30302513
30352640
30304456
23746632
30306637
30290926
30339018
30321741
30329603
22159233
30308751
30326802
30272731
30296149
30303619
30309231
30322903
29055893
30294010
30306955
28540626
28482763
28472943
28483520
25352613
29850744
30323321
30370534
30348667
30316000
18793793
30327735
30351976
30334866
30297530
30274057
30313333
23955443
30339274
30261598
30278221
30305719
30230864
22468582
30267488
30359067
30299098
30300610
30299411
23228668
30303684
30333323
30416471
30276489
30337816
26809562
30299376
30313979
30305760
30291917
22851501
30325595
30323984
30310699
30332750
30342707
30325964
29657056
30306293
30275596
30333762
30316748
30308518
24739350
30077124
30370507
30357540
30333812
30298744
26944782
30320559
30303382
30557361
30334645
20431828
30336211
30336887
30967327
30326837
30363695
26274940
30303858
30380295
30343263
30278251
24364445
30335606
30362125
30340520
31340194
25011654
30266861
30306975
30312502
30329920
29248656
30317957
30311404
30365871
22702647
30290657
30333713
30603900
19118257
30293816
30337369
30288828
30298882
28865440
30100681
30097127
34234188
29331899
30173123
29123531
19885675
30197206
30181244
30189533
23148063
30212494
30146509
30122976
19455378
30097913
30102779
30142548
30157156
30149560
26715595
30117811
30140277
30155565
36837594
18047125
30136639
30114545
30145616
30188414
30097948
20415241
30119517
30174189
30119091
30174850
30165044
30132368
20211530
30163538
30169767
30193300
30108395
30177369
30140298
20277896
30194460
30202393
30124104
30169222
30158490
30208287
30163055
30181209
25768416
30134254
30186639
30148173
30145373
30168782
30163822
30128898
22039065
30225851
30229259
30258534
30260906
30247736
30297431
30279069
30256889
30278782
20948992
30155941
30168664
30231885
30735344
30119978
30125449
30128569
30200020
30149109
20437970
30138628
30136300
30125256
30155751
30208286
30152771
30200486
30174416
30138011
23675383
30287200
30277811
30273120
30248960
30267280
30233489
30280357
30234152
22608833
30231667
30238071
30245622
30248251
30256213
30289473
30162662
31459763
24239865
30215633
30200196
30176793
30183620
30182796
30207073
30147975
21806711
30225327
30234436
30244820
30229731
30220900
30199030
30176205
21456673
30295675
30240878
30237096
30274707
30238286
30237250
30307898
25240753
30257128
30249855
30233956
30261502
30273475
30250093
22646242
30231690
30248217
30282989
30194813
30297929
30221193
23195668
30281022
30181951
30326124
30198529
30262462
30209166
27671608
30209880
30237660
30195721
30220755
30270091
24025341
30207574
30200736
30247947
30266751
30245729
23597661
30218857
30240360
30254627
30263324
30234329
25658465
30286648
30220362
30215411
30217203
21151515
30275613
30274417
30278180
30201848
30250213
29050396
30228922
30276929
30217455
30231244
27833970
30228355
30228169
30276728
19553870
30230184
30341127
30265294
30235622
23163793
30242406
30232935
30221627
30234036
30242036
30214397
30253470
30233058
26037577
30179811
30276880
30232078
25466093
30272433
30202328
30268419
26589432
30197482
30255854
30269549
20130122
30266433
30240246
30240271
30208806
30235396
23766732
30531038
30197940
30242963
30203440
30227320
30243542
26749460
30162880
30267251
30250444
30297695
30270929
30231019
30251232
26104829
30253406
30299254
30242424
30243947
30225360
30289200
30237856
30274601
19569235
30249877
30203097
30203162
30244386
30240571
30249449
30297758
30234226
30178929
30251205
24418103
30213351
30231422
30175316
30242543
30191793
30243810
30232955
30228539
30236288
24458309
30307080
30234782
30238980
30181604
30267815
30278005
30232043
30242600
19528192
30247112
30236973
30345384
30304973
30278575
30231191
#end
