#729a2951|blade-2-m620|jdom@54ed0cc8b7e8deffd5e088305ca7723dc0bd963c:org.jdom2.Verifier#checkCharacterData(String)[generators@bcfe6d43107430b2604e2e34b9151742941652e0:cz.cuni.mff.spl.casestudy.generators.ParseFileGenerator('MQ==')]()
#date=May 7, 2015 4:55:17 PM
#warmup=1
#count=3850
#begin
24806389
44997364
24843259
30307713
42753352
31002837
40399152
40550554
30404313
39958822
40094380
30785306
40321258
39873600
30420136
39983247
39993812
39906418
39935637
39936405
30517493
40005437
40020087
39991083
39900994
39948307
40083945
39937243
39843395
39894262
39885107
39805969
28422231
36376488
36367572
39903280
39940152
39929756
39926538
39890790
39919003
39857719
39914379
23866101
36301538
36440790
39976996
39914074
39850106
39946070
39929609
39878345
39959350
40148561
25844231
39885590
39987384
39989534
39856885
39934174
39922412
39924727
39887839
39904143
39898678
37784186
39908558
39950985
40077634
39857046
39889199
39972701
39925880
39949845
18999807
30332024
30329793
30327187
30285746
30282769
30964161
30309854
30363553
30319197
24159204
30294155
30252231
30262021
30282698
30295513
30301335
30267968
30227009
27994792
37327564
36849795
40399835
40347511
40310052
40525738
40346856
40328895
39859440
58416482
40261154
40278648
40251960
40269570
40312023
41570484
34223882
40290965
40279441
40373323
40283283
71227540
40294934
40319394
40573331
40311251
40300274
40388967
40701482
40313230
40564663
23265315
30304499
30261346
30311188
30288262
30296675
30299055
26579220
30283647
30333765
30298315
30373877
30269968
30341607
23729730
30280695
30293750
30253988
30430015
30356867
19116207
30333166
30320153
30280675
30295273
30285804
30301397
27379800
30264545
30333099
30327206
30335724
30282022
29102636
30307427
30360633
30317152
30321942
21058860
30267148
30303562
31201873
30350091
30352764
26899357
30313593
31270959
30298918
30292894
24997960
30266533
30278600
30307558
30251323
25444923
30118276
30165395
30099851
30173260
29513483
30151909
30174768
30176696
22833920
30184169
30107935
30102417
19148262
52283379
30149429
30149149
30169735
29675608
30218871
30198278
30246837
28825665
30123033
30162395
19410788
30146597
30182375
30778511
22720151
30134444
30170720
30125302
28907403
28377136
30142626
23790557
30337797
30365620
30262592
21950947
30271085
30285069
30258564
30284391
19664226
30290948
30270531
30245557
30250084
30254550
30266815
23283933
30283989
30318491
30309971
30416222
30307933
30284369
30271040
21433640
30258909
30270441
30286640
30290833
30253601
30249571
30243167
22739882
30160518
30154066
30144380
30179453
30167200
30137944
30170963
29311596
30168821
44034051
30179255
30158572
30132586
30127540
26427489
30265171
30290368
30260531
30297409
30258426
30246508
29747638
30294503
30311499
30260233
30263719
30281674
22846658
30278914
30233970
30256628
30260335
30246519
20832950
30260178
30271440
30312450
30303253
30318581
21163296
30277117
30320720
30478135
30299409
30283620
23805361
30287101
30247752
30246971
30267120
19566513
30296559
30286476
30249487
30276382
30249371
28798589
30253059
30242762
30309869
30256473
29665127
30128360
30151704
30143156
20388143
30168156
30150342
30126798
30109942
30062587
22561177
30061304
30117354
30093649
30080907
30141032
28546774
30123473
30157222
30221076
30166802
30142311
20974298
30102635
30145502
30118078
30139997
30152710
30142333
27611383
30094870
30151911
30168620
30117862
30069935
26248209
30140386
30174800
30197160
30205805
30221529
29665462
30125140
30113095
30146546
30225324
22524451
30230847
30132808
30183564
30134009
19608871
30121735
30106131
30167258
30188059
30443413
30120722
25558003
28400739
30161699
30166279
30165331
30153636
30189107
19139030
30135382
30113652
30164526
30183811
30186235
30129613
30210602
25953357
30170049
30161262
30173148
47907456
30163877
30208146
26135180
30144436
30153157
30172735
30168340
30142015
19410624
30099358
30127873
30076386
30067341
30080104
30113864
25864633
30116551
30104533
30146339
30147255
30117255
24895741
30071097
30121495
31012783
30071250
30077157
27172124
30107668
30125767
30120060
30146653
20600490
28290559
29994771
32105677
30112175
30079033
30111462
24523252
30085364
30164780
30102390
30103024
30057240
30097200
30065649
26419006
30129948
30231397
30117759
30135045
30092189
30112708
30122031
26286773
30120115
30078064
30163744
30116311
30098326
30087079
20240411
30104856
30108644
28300609
28293414
28284094
29974033
30143550
21033643
30190133
30125877
30141042
30034713
30087549
30108527
30111336
22051966
30152905
30121740
30108638
30100075
30106949
30156616
28311094
30174532
30772619
27718468
30112113
30086049
30104698
30118111
30134000
30093785
30067914
40650151
34758781
40253355
40271292
40212130
40154396
40162190
40198171
40182190
20519977
30124668
30477078
30084191
30116864
30117324
30091791
30164319
30089003
29631482
30106627
30086964
30201973
30138157
30145966
30089411
19629061
30132083
30128080
30047249
30064093
30126077
30097413
30103766
24330771
35032872
30133307
30070799
30107520
30114975
30102691
21815283
28282983
30046908
30055931
30107479
30120569
30078946
24342596
30067422
30100106
30099804
30165940
30148347
19499315
30093615
30136153
31974066
30141846
30140884
30112284
26986435
30037254
30086875
30097507
30112922
30186637
28091877
30157124
30181519
30121884
30095555
20448710
30224646
30232998
30225633
30241288
30202695
25784240
30215285
30269730
30237554
30368725
23544314
30202344
30214797
30221104
30209149
23752257
30207180
30262709
30208391
30180411
24898130
28390512
28395020
28406803
20130600
28429521
33172320
30201067
30194213
27616819
30311643
30302703
30329504
25231167
30321500
30352407
30324133
30287604
25192562
30286824
30324619
30316820
30307778
27870243
30335755
30335031
30279204
21335620
30296880
30284788
30320815
30321373
28343553
30722726
30394649
30389779
25267321
30392025
30439462
28628583
28579141
24996890
30387471
30372887
30384166
30356867
30352324
24298823
30419106
30354764
30383266
30350727
30374671
30532681
22381842
30406326
30426340
30372986
30357578
30385675
30399411
22654307
30367744
30429964
30348104
30355551
30365410
30342893
25780867
30381495
30388021
30422731
30403813
30391955
23082044
30257177
30275997
30263588
30306431
30231578
22197609
30268456
30334468
30304953
30327653
30290449
24046495
30445862
30313374
30298391
30308397
30354534
30298020
30312640
30303615
30249954
30304647
25527532
30308784
30341919
30314404
30304577
24982193
30906682
30315417
30214685
30336379
26639213
30283629
30321518
30318638
21304661
30277777
30316022
30266710
30284558
25872977
30297235
30347257
30316333
23324295
30341620
30317327
30284172
22830575
30273980
30307703
30311862
23662633
30333031
30298214
30346904
26443611
30246013
30240340
21151732
30293628
30236790
30196318
26281761
30220340
30231122
23360374
30162594
30244466
30209144
23819146
30214446
30230000
30195455
30241389
25137700
28434304
28418525
28468530
28469030
19991261
30256397
30317472
30201547
30284080
30293269
25370800
30272442
30308864
32275365
30275364
30260311
20788023
30284658
30256844
30243791
30233371
30312231
30237029
28941627
30251919
30288020
30316446
30266064
30283718
29752509
30242771
30254827
30284618
30304788
21546265
30141384
30226917
30153062
30137853
30181781
26504944
30152109
30204526
30142913
30163717
24403332
30180922
30156515
30172579
30123684
24947343
30165473
30165549
30141586
30197339
27838998
30147022
30178246
31227848
21821688
30152746
30178573
30147322
30142239
29562853
30170218
30189933
30152756
26099373
30109952
30094387
30051005
26101837
30085521
30077604
30087615
29205220
30116551
30143313
21523956
30116792
30109495
30071733
25753224
30089242
30113442
22178734
30090130
30123046
30071468
22259153
30068969
30756824
30128058
30122969
23502473
30131349
32092744
30125456
30112277
26227720
30100745
30129329
30102340
21955874
30091179
30048406
30106680
20131939
30133398
28290668
29928484
30131324
30091708
29559106
30111280
30137158
30124573
20063124
30143775
30106523
30129639
30224181
22023543
30098709
30114744
30129536
30122623
28195565
30132455
30119351
30152214
24309347
30092324
30161382
30152669
23323265
30123904
30114358
30114976
23577340
30133708
30102698
30087566
26171202
30149851
30123661
20821277
30155635
28336421
30125202
25425854
30105833
30133375
22862624
30133498
30119896
30156317
22571775
30117966
30078502
30123611
30138802
24314668
28406498
28379934
29949384
19540793
30103749
30159178
30097662
30130560
30132448
23882637
30141593
30180575
30137054
30118682
21712391
30041633
30085322
30075487
30098298
20391434
30080664
30109591
30034473
30079455
21297529
30077969
30120544
30141369
30109557
24701380
30087140
30112671
30064627
21021184
30086986
30084457
30083416
30104560
29197570
30058656
30060658
30167676
27349891
30097956
30132209
30119633
29523600
30138417
30395989
20898450
30156835
30093548
30136958
24573961
30083556
30095007
20267463
30140887
30189077
30218625
27638668
30192471
30257780
25426614
30087529
30147902
30121796
28849737
30110635
30187809
21068040
30171911
30162690
30127916
26066118
30064453
30105353
30102236
24127633
30131173
30096762
30197510
20726486
30124477
30196462
30120958
30085877
26528695
30269256
30352906
30359367
24345223
30297503
30286242
30440442
23671821
30270006
30273498
30283010
25292561
30288475
30305607
30359699
28249430
30322719
30272298
22783024
30275373
30331106
30244804
20477548
30308146
30313746
30338939
30301588
21121682
30338633
30315587
30325295
30279193
22054669
30259946
30283758
30306016
30315709
30298307
22956888
30226726
30323959
30230604
30897408
30297129
23737224
30265671
30274937
30271422
30259622
30285391
29015558
30312695
30307242
30325626
30221029
30272397
20409694
31109708
30286018
30270275
30205897
30252628
30256258
20754626
30238279
30330922
30291248
30235218
30311113
30321418
21312300
30272968
30301706
30265185
30269826
30234806
30282302
30254163
30262972
29449767
30296179
30262873
37458353
30257855
30234335
30278099
30355778
30230544
30269037
30278704
30268342
30251251
30284343
30272011
22447369
30255829
30256605
30238902
30252980
30282995
30265513
20599446
30137500
30158807
30154231
30158906
30192334
30162920
20852532
30143373
30148615
30139455
30159529
30137584
30137995
24606274
30133671
30192269
30093600
30083293
30138076
21625521
30095023
30099875
30113367
30126311
30126295
21630409
30120377
30108384
30118868
30194701
30118133
23474353
30143733
30120862
30398091
30087847
30133964
30129944
24567544
30100677
30153418
30117420
30067456
30093329
30072989
30151642
29506476
30077522
30071957
30069781
30078696
30096780
30164777
21461326
30099824
30114900
30153178
30073476
30184622
30200660
30158122
30250328
19417859
30130482
30131433
30142329
30158886
30122724
30169300
30193860
30110468
30172257
28078636
30129108
30111150
30176416
30094918
30145970
30168154
30133042
19445238
30155397
30141750
30087246
30163438
30788153
30102593
30178313
30129347
25761226
30144566
30126362
30152369
30185566
30126706
30155716
30145372
25947520
30080566
30127657
30137116
30130411
30096951
30142391
19774281
30143571
30130920
30114325
30120566
30103583
30106959
30121081
30117366
30132166
29880631
30131877
30133879
30138373
30192557
30152099
30104238
30134729
21095529
30219791
30168415
30195713
30221375
30179976
30249371
30206308
30228189
29005261
30189133
30183744
30260242
30213395
30186260
30215371
30190360
29887009
30215839
30211596
30213008
30191560
30207206
30232753
22492138
30210018
30214442
30236014
30163323
30242210
30253744
20480833
30256602
30254011
30193067
30238487
30239937
30241331
21053328
30224410
30229429
30186851
30194558
30242149
30163422
24619684
30174604
30239342
30178158
30218768
30219350
21799145
30188142
30230325
30204324
30225559
30239530
21598787
30121433
30142617
30153335
30147210
30184008
23504899
30129968
30170650
30401377
30119189
30109636
28341916
23404888
28345583
28348452
28333088
29750527
30241677
18294684
30103029
30153286
30162738
30178873
30159086
30146433
25400859
30174522
30096130
30112515
30143702
30129380
25161353
30276543
30175140
30200193
30192982
30190769
30117671
22852213
30144296
30193071
30159584
30160215
30175200
30156600
22635766
30285477
30266786
30291190
30247282
30257651
30256549
29457127
30339050
30331358
30318551
30346746
30361613
24777585
30321673
30329382
30798206
30340217
30373602
24551713
30373017
30311075
30347968
30270310
30379944
27430100
30361344
30315976
30409249
30334576
21996175
30321415
30418262
30393111
30398059
19446011
30366273
30376728
30356446
30401900
20278252
30356753
30402662
30353120
30389730
30426011
18320143
30281555
30353935
30669865
30319051
30301963
30315975
29726158
26241031
30286848
30249456
30235427
30216340
30232133
30276782
27335019
30250942
30243006
30289767
30241067
30258337
21081549
30268266
30149405
30180506
30323937
30119435
30172727
30164702
21909436
30141160
30143931
30173106
30153169
31000629
30150175
30128926
25852600
30141042
30159537
30148816
30191407
30179425
30172954
23457225
30177633
30179720
30139366
30141816
30198178
30175986
30131560
30178849
29180967
30190305
30165479
30179962
30177055
30169647
28352657
30130731
25752360
30108173
30151919
30155349
30146000
30153678
30210255
30155258
28751099
30162314
30160399
30192818
30149640
30184425
30109164
22862164
30106529
30164877
30100504
30119449
30143311
30045044
21860538
30067011
30080548
30142527
30106375
30119748
30105916
23335193
30083272
30056134
30144858
30089368
30119956
18013840
30145481
30163033
28609427
29961408
57925103
30096422
26377080
30154443
30166835
30111070
30123374
30148670
27583213
30120288
30103436
30144373
30152828
20406628
30150713
30149684
30124500
30136304
30137980
26092582
30140558
30151108
30141755
30180181
24100559
30093740
30158718
30424246
30139955
24634661
30094318
30159591
30079124
30137969
28149328
30131391
30139737
30104939
21937975
30204056
30154836
30151410
17703209
30233022
30295763
30226665
30222315
26693977
30237184
30291277
30173318
30192838
26816753
30187975
30257277
30225235
30870144
30216945
26821043
30193391
30230176
30207733
30271560
30248528
30168284
24620270
30196646
30255671
30209743
30271988
30225106
30198173
21391066
30210830
30223063
30226350
30210402
30237353
30201575
21102817
30454520
30220420
30235511
30203467
30222506
30221517
23757413
30217877
30277231
30206676
30212462
30192506
19982332
30226142
30282306
30248596
30250404
30193811
19311376
41140651
40190536
40349548
40265247
40252081
24442597
40244732
40276429
40372396
40209464
40278524
40221744
24175556
37153985
36587294
40197265
40294469
40249116
40857131
40237317
40215222
35731500
40314069
40241787
40269326
40174801
40397411
40284998
40199730
30317487
40251878
40327625
40158054
40244137
40180570
40364271
40199834
40237708
40161143
31557346
40239145
40246165
40086031
40204427
40234267
40282007
40238169
40215745
23868193
40915215
36620206
40187758
40294307
40275158
40220032
40276040
40197252
23763037
40171640
67781888
40167734
40215078
40214250
40311816
40253523
40142421
28802065
40208391
40350658
40210687
40158042
40211910
40204989
40284885
25386681
40210425
40216668
40289185
40104376
40168124
40271485
40284481
40156579
40189087
30185108
40263157
40296249
40184171
40250067
40163169
40257203
40163943
40299939
26905780
40157227
40137258
40235181
40193085
40265557
40169310
40180907
40307714
30021318
40231552
40232990
40203582
40136762
40144807
40216100
40118583
24256282
40178356
40340961
40231987
40222819
40247709
40184734
40202505
24699361
40216651
40276125
40254930
40203676
40333169
40265803
40213337
29626324
40294116
40474712
40121279
40172596
40239974
40248616
25457793
40144692
40268290
40279948
40171000
40239105
40271996
25964931
40230045
40292634
40120938
40135714
40229341
40231139
30796270
40326281
40251361
40263190
40159189
40331956
25922171
40167089
40254014
40247734
40164685
40222660
20546908
30308297
30281993
30327811
30283714
30864870
22350827
28479498
30306096
30239924
30279164
30300773
26765462
30275879
30284840
30244761
30281262
23548662
30279835
30321928
30317299
30283985
30332408
20369650
30257480
30284411
30248004
31120449
30251193
30265184
30273522
23476888
30255437
30233227
30231316
30252097
30297937
30300582
30329342
30303833
23400753
30246521
30246951
30306002
30239418
30307546
30254165
30266551
30247238
21726431
30254123
30249391
30267794
30201913
30276822
30261348
30256918
30248981
24356764
30257315
30279489
30239609
30232950
30317988
30274427
30283902
20628214
30251322
30265942
30223248
30239578
30299337
30232280
30248782
21261534
30226573
30306206
30253825
30195891
30213038
30283989
32232806
24919650
30242419
30286911
30198813
30271912
30288433
30209398
22476389
30226835
30264108
30359027
30315001
30270680
30288775
23156979
30264251
30299204
30302109
30237770
30309542
30278118
27303651
30234742
30272180
30236336
30251044
30245044
23612141
30245271
30228674
28431883
30232440
30699411
30204246
30244864
29592549
30245753
30288442
30286324
30299891
30310517
30543209
24169630
28383919
28384272
30161138
30146302
30177793
30207535
26312387
30116858
30203768
30168622
30128362
30617691
20588794
30161133
30143898
30144084
30126825
30141709
30145649
28074786
30161253
30194184
30140558
30169431
30189424
27241389
30146318
30148913
30195505
30259318
19365123
53934306
30144073
30155643
30142834
30171021
23979368
30126446
30185655
30109489
30037543
21533875
30975924
30105835
30105029
30110769
21224212
30107420
30096034
30113721
30129800
23035617
30106751
30102909
30101498
30081023
26949070
30111573
30118855
30076595
22764798
30098092
30097929
30095174
20552937
30104136
30092383
30156011
30139380
20046855
30135736
30087218
30094200
30089651
30106122
18383513
30349021
30143533
30064467
30165058
30088920
30147288
30234048
25705333
30132082
30098077
30105679
30183477
30088533
30104046
30108395
28491705
30145684
30073806
30119615
30130412
30176373
30091838
22632720
30073973
30092219
30130544
30112602
30194684
30102115
21438391
30084606
30104616
30092609
35388023
30104786
30106013
30105782
24876934
30129764
30142077
30115720
30115799
30109940
30095891
22276660
30106164
30146255
30148853
30115971
30135333
30140280
22831029
30166944
30153913
30161429
30117104
30193324
30155416
26097645
30117962
30760605
30108832
30093087
30144011
22851064
30148373
30183140
30104319
30096993
30138093
22122431
30124048
30081907
30152896
30108942
30105822
23934987
30120531
30143276
30151367
30117118
18780218
30194329
30262156
30231647
30293735
30321280
30192848
22664080
30215511
30201960
30231197
30190265
30256976
30202128
30244136
22801884
30241786
30191089
30177447
30216262
30195824
30239655
30243378
22040920
30223424
30230360
30249335
30243975
30431288
30214795
30231884
24870747
30287684
30300884
30293366
30314971
30304854
30299093
30342409
30307086
22577673
30324560
30349280
30329020
30280627
30345916
30261537
30285942
30249306
34542933
29665428
30288993
30273729
30301365
30302728
30292891
30260253
30322268
30309695
29137877
30267846
30271129
30313735
30311135
30293836
30313693
30266526
21664685
30276304
30296088
30274377
30323991
30258786
30357302
30284069
19575626
30318102
30318739
30218042
30256309
30298236
30266353
30296148
21072706
30231228
30231135
30230869
30278664
30292031
30260564
30201138
24919902
30226023
30269589
30275708
30249031
30265078
30217875
24754734
30295263
30280091
30246768
30257980
30285742
30220031
26635619
30283848
30225315
30236050
30303306
30227793
21538775
30272040
30323587
30246431
30232786
30236744
19234044
30270328
30233583
30212329
30249342
30249476
30276078
30229839
24309921
30254933
30252104
31256021
30297000
30208899
30237158
30233743
30259340
26579280
30338293
30971626
30353209
30319266
30347691
30310289
30307286
30315778
25617202
28481999
30312021
30331275
30351068
30360672
41101622
40344345
26275540
40187845
40193949
40253004
40204428
40142526
40223623
40188347
23674391
40284562
40205451
40152645
40284513
40288332
40212890
40150576
26875524
40234227
40270445
40256924
40161435
40242559
40694531
40270869
37970727
40215477
40175813
40347021
40216856
40344571
40250315
31865681
36604069
36594832
37217800
43298085
40323314
21786900
40181842
40271087
40339207
40275203
40248974
40226502
29943480
40276115
40244554
40200463
40174783
40218889
27570377
40155471
40276557
41657622
40265140
40263936
29204509
40208409
40412896
40157625
40179670
40293918
34493428
40253356
40221023
40255552
40155647
28157034
40289791
40239220
40230687
40197705
25507490
40178436
40383381
40193242
40140725
26595018
40114380
40191680
40340316
40135949
30442640
40221429
40346801
40153027
22690960
40380075
40128970
40181922
40368112
40175163
31391343
40256798
40274614
40184889
40721362
40220633
23448470
40306607
40253496
40162252
40325855
40264723
40292927
40194725
26537205
40087178
40210751
40167749
40171971
40250658
40251378
40213749
35274692
40239699
40203939
40306638
40205854
40578096
40399854
33038720
40382251
40147576
40213902
40241060
40224989
40242825
38348160
40201935
40207300
40374493
40247471
40318618
28304648
40254570
40342383
40203359
40208974
40281519
40338249
40190847
39164996
40182180
40222458
40193638
40347009
40308689
40228061
34198408
40245249
40286474
40227747
40193253
40337016
40274396
39779298
40292605
40189875
40196254
40229369
40420898
28746928
40152189
40234311
40154877
40252027
40226384
25396566
40289140
40306140
40196485
40244809
40255184
26199699
40148135
40279547
40282652
40171521
40134763
30851195
40198687
40238704
40182716
40169607
24746494
40256358
40264009
40243683
40240423
40219032
39801811
40209636
40232823
40173414
21252270
40192238
94286686
40294076
40206228
25617144
40203553
40263305
40142156
40183387
32730220
40346556
40195729
40211738
26808995
40209842
40208136
84035090
40168740
23196209
40295340
40326451
40151535
40199978
40322089
40466099
35032151
40231867
40159226
40268522
40138867
40364702
21274920
40143938
40203321
40236545
40245072
40242492
40264876
29372242
40156007
40392258
40205377
40176612
40206682
25116089
40222682
40141577
40196032
40193489
40167348
25763260
40225435
40372558
40085259
40172396
40142990
30019818
40255207
40218180
40212067
40184416
23260728
40192150
40235196
40225911
40227722
40306184
37561624
40178751
40174467
40302803
40213436
38088884
40193957
40211189
40500531
24143088
40222036
40255921
40282904
40322099
40236954
28395074
40257172
40264153
40155725
40208237
40296012
39340563
40207951
40249938
40143928
40331881
32912883
40304544
40267483
40192587
40154945
32922427
40245873
40331198
40227030
40160648
38495047
40126858
40204683
40391925
27080855
40171827
40188271
40293238
40249658
39319768
40296543
40180689
40415987
33693360
40268557
40258512
40125124
33294006
41269100
40277016
40287432
37299127
40245138
40280702
24721152
36532000
36654898
36609387
36622300
60219400
40251773
40221231
40186534
40242582
28695531
40263905
40341030
40174374
40293822
28344825
40412385
40215729
40275376
40277378
29105159
40314796
40338309
40259874
40215229
25911316
40305087
40310901
40230258
40057536
21831947
40201964
40258799
40293147
40264085
40282010
40740513
31243035
40173874
40256850
40256032
40220674
40270893
34575310
40312572
40353918
40250148
40165964
23583297
40265498
40279540
40203736
40245851
40232121
22883115
40303231
40224073
40184522
40393345
40302127
40220081
25231367
40166376
40293510
40227294
40185004
40125334
40133179
27746451
40104847
40200291
40215485
40311305
40174529
40249205
35683294
40203476
40196016
40210389
40137747
40345360
31094428
40249074
40329103
40116847
40229076
40203751
31777414
40192589
40179889
40215905
40295247
40236623
39233154
40230804
40188110
40279776
40296909
29079736
40254091
40233384
40187376
40238671
40295520
40309623
39454864
40194342
40089390
40278585
40753832
40247827
32711276
40298334
40185243
40178427
40153981
40263464
33228203
40276656
40281069
40237882
40183485
22325315
40217431
40247646
40329278
41529160
40280607
30577824
40276667
40387760
40170245
40212729
22172043
30217579
30229721
30236453
31290990
22487282
30190344
30815386
30254273
30817335
24475243
30227916
30203426
30192635
18758166
28432957
28433148
28446185
28422762
23893640
28425860
30217868
30193895
23333297
30483684
30199624
30248767
30162682
23192539
30195613
30216333
30197025
30835024
30219971
23111804
30300107
30352637
30297780
30325765
30330298
30348587
22397687
30341679
30311907
30356460
30330060
30315032
30347507
21855520
30345455
30340017
30362720
30321702
30347764
30330846
30316148
30249769
27225570
52773689
30343542
30283287
30325286
30343159
31324605
30324556
26123917
30340334
30389104
30370866
30354895
30366435
30377933
18988102
30374435
30397799
30356433
30371215
30432440
30379908
30426082
25190912
30337383
28622412
30149444
30351321
30386215
30414504
24915090
30423724
30418793
30391607
30428535
30366198
30366936
29068770
30364739
30430853
30371726
30363482
30403549
23367822
30374671
30394349
30345355
30405593
30455109
22254613
30328745
30365148
30353369
30409612
30414557
23319194
30393017
30409266
30391887
30412406
30416478
28894832
30343629
30401402
30410411
30383676
23885328
30419136
30357822
30385178
30364808
22986267
30399900
30358666
30405715
30401177
30376531
21497383
30381160
30420813
30376937
30420706
30665939
30316915
30337339
28774022
45307751
30130493
30141019
30108927
30150593
30096791
20594248
30101838
30156109
30108569
30069671
30129042
30042951
30103831
22927115
30115504
30197715
30069923
30124698
30165064
30159807
30197533
32121150
20495676
30133477
30161989
30099909
30149560
30131140
30131009
30127891
30133686
30186613
28795844
30096185
30136175
30160222
30140380
30116857
30158069
30116502
19421364
31175528
30263861
30173918
30214467
30203649
30166626
30215342
30177573
24647066
30192372
30190048
30171089
30217031
30244181
30209324
30201860
24080796
30115244
30116736
30146991
30157691
30138431
30138120
30186067
28493674
30134417
30108128
30133479
30182138
30119804
30156906
23773519
30130751
30139178
30093176
30152207
30126022
30148172
30091873
30079864
26062362
30135683
30164345
30154374
30146742
30163451
30186466
30139157
22126981
30214138
30164710
30234714
30197360
30190178
30212179
30252133
21941604
48832353
30219289
30255567
30196149
30218288
30248990
30233671
25461176
30218941
30269233
30221691
30227185
30215853
30239409
22568617
30249351
30266593
30242411
30217089
30184542
30218273
22883733
30205764
30242702
28394954
29931340
30201768
30207620
26258900
30189937
30208511
30201475
30208947
30204180
22737878
30191747
30239964
30232584
39867607
30234872
21987451
30190622
30201377
30225173
30190062
30187007
23693624
30239520
30239508
30280555
35847252
40509927
40137949
40629247
40079989
40169578
40165274
40174758
26978792
40084620
40112349
40070583
40049803
40185882
40252693
39540590
40051722
40156801
40099098
40193752
40256597
37427933
40084851
40104920
40170792
40155005
40417015
40122883
24378234
30262522
30284020
30304014
30293354
30329148
30291948
24743137
30299584
30271536
30240104
30320751
30307235
30301217
30332078
21291054
30283640
30327591
30308067
30347760
30309706
30330589
30307816
30292304
30265455
23377421
28498960
28476548
28530685
28535754
30343505
30273193
30311353
30330525
21201463
30347935
30301564
30281565
30316264
30271259
30262492
30283122
30296795
21046863
30297540
30344928
30269550
30279288
30349879
30307991
30285279
30316613
25914115
30319329
30340333
30312740
30285784
30297555
30282046
30284622
24727043
30302722
30274318
30226326
30249407
30297864
30280644
30299213
28536305
30294067
28438034
30166894
30293186
30256693
30331038
23518470
30310135
30313473
30319146
30282193
30276812
30277900
23075611
30351724
30305034
30280390
30338306
30259040
31343534
25664069
30278472
30338251
30268995
30348460
30336263
21427307
30309109
30276481
30231662
30288553
30290713
19967135
30337937
30353397
30369299
30304159
30281433
21991843
30300327
30281307
30286242
30318329
30295826
25016585
30354833
30363389
30383339
30396413
21411247
30409539
30377244
30390000
30418631
30387350
30400448
27314846
30346524
30386286
30340376
30359137
30407333
25432841
30411219
30405957
30383539
30366762
30346820
30326689
21663655
30410175
30376040
30390635
30333093
30440744
30425014
21441556
30331434
30334276
30277595
30308533
30277551
30332140
23559864
30318473
30327680
30549382
30110067
30249878
19544391
30347194
30257200
30395459
30341451
30284993
30324847
29741633
30270213
30312024
30294326
30297140
19431782
30352618
30311782
30274524
28519114
32426145
23306720
30300758
30366695
30283446
30272884
19460521
30339638
30355337
30330351
30299789
30376393
30130153
30278828
30290455
30308264
19232404
30319942
30264509
30304497
30324087
30291261
20495219
30322984
30312866
30312949
30332980
30270015
30282461
19638457
30300728
30262197
30273652
30291623
30296573
30267322
30325973
18079029
30366420
30340253
30387060
30318608
30357428
30320583
30348019
30407340
27858963
30339311
30327149
30362679
30430480
30471048
30383009
19811035
30392558
30356186
30387384
30390486
30393559
30401313
30389895
25605116
30380304
30427522
30384208
30395037
30377049
30354733
24916161
30375290
30372569
30387164
30363826
30343517
30362001
28617041
30389373
30416906
30475722
30339361
30403230
22983684
30334173
30301229
30283266
30251627
30287471
21690724
30328802
30292721
30951183
30316031
30293997
30313360
30305891
28539181
30284073
30290079
30341462
30273797
30312943
30335896
26985272
30291015
28457619
30290319
30298555
30334682
19762305
30296108
30288336
30301157
30286941
30293344
30249176
25160723
30343984
30275758
30260106
30201307
30253439
23478582
30260444
30283141
30285677
30237548
30257542
24830815
30304279
30292405
30322302
30335248
18382949
30247418
30291873
30340139
30264711
30280002
25004827
30292828
30279966
30318478
30306087
23823446
30244746
30316480
30265909
30311380
24694396
30294097
30282495
30313691
30267634
28760357
30263629
30229324
30325093
22669931
30283324
30250051
30293565
19634449
30250704
30229508
30276510
30265987
30306324
29217287
32837887
30234740
30268620
30226989
30216037
30181229
30146084
30139426
21163710
30149066
30160195
30184422
30194170
30163518
24038511
30167398
30146386
30143600
30122084
20299283
30116815
54386779
30159798
30149677
30142173
30085711
24758976
30195343
30126075
30143733
30186337
30163360
22673113
30150556
30185422
30139775
30159840
30195868
30177698
30198629
29635598
28336752
30120891
32606846
30170890
30163917
30193374
26649949
30176809
30155158
30164459
30176279
30260973
18320111
30112889
30164286
30177329
30195698
30124473
30127244
23510324
30118275
30112544
30111585
30099284
30123837
30101249
30114942
28638103
30107138
30081405
30129836
30123079
30126404
30115103
24582805
30082173
30137294
30108364
30097776
30086651
30103707
25279587
30060066
30116734
30121602
33173462
28375950
18595462
28313426
28309092
30102865
30149287
30129694
30097073
30077978
25530574
30134695
30118175
30092624
30126880
30170227
30118062
25353465
30093691
30098264
30135115
30067779
39193152
30064220
22935764
30089413
30080691
30145360
30141473
30124607
30097730
23478286
30096251
30085524
30074295
30104749
30069412
30116457
28831347
30108362
30096756
30098221
30100139
30110016
24128901
30140742
30048942
30123342
30061647
30141820
23842012
30112127
30111099
30072430
30062073
30130818
26279601
30124999
30127871
28313196
28306959
20476330
28301344
28310977
30062491
30062682
18562340
30066308
30041100
30058980
30070884
30042007
29700373
30109326
30210015
30174269
20094779
30197524
30162789
30096729
30197582
23541824
30165575
30211713
30200111
19708973
30115569
30142460
30142084
30088708
28154212
30132105
30145088
30108005
26711579
30092842
30087988
30108600
29534069
30032431
30101655
20899199
30085617
30140978
30143324
30140663
26036118
30118286
30133795
30111286
30186694
22777276
30088150
30141813
30129659
30160856
30108734
21821289
30082855
30056866
30120838
30140624
30135714
20716888
30104735
30148526
30124166
30096064
30140900
30123208
30093689
28623223
30114288
30136128
30100562
30088573
30097166
30140369
28862479
30049586
30126951
30081336
30190486
30079334
21071545
30128486
30160830
30090694
30142864
30106455
30166162
27955296
30127279
28335804
28372409
28336083
28351818
24904233
28277151
28271173
28317294
28292837
28313775
29873600
30140886
30085593
30109263
30096509
22669305
30098659
30106936
30070955
30111054
20433783
30191171
30199246
30378013
30183299
18231482
30116464
30114191
30119830
30116731
22122601
30222871
30855221
30165536
30176902
23685039
30183253
30238664
30200833
19710991
30248730
30234020
30218801
30245406
26632989
30236113
30218098
30216565
25546874
30181100
30226667
30208702
26426977
28425379
30200775
19137301
30217416
30187830
30225189
30223555
24335894
30256524
30237711
30225258
21174474
30184493
30196453
30188598
30197821
20258088
30220604
30202180
30171008
30225873
30211466
20652937
30217595
30222856
30174882
55436721
30448211
30249845
29328518
30229842
30232065
30204640
30208839
18417029
30172279
30213349
30259198
30233732
30235276
22013660
30242225
30273813
30533831
30224285
30245711
28999398
30190445
30181947
30261626
30182088
25826931
30158235
30211918
30172760
30159092
24997375
28386437
28406114
28415031
19797441
30169596
30220180
28338152
28436316
23966572
30821121
30199969
30196555
21159530
30255495
30270385
30230557
18799429
30241307
30204438
30170267
30224491
19402754
30198327
30159527
30239937
30187851
30229191
25404699
30199371
30211129
30191064
30254599
30175305
25485105
30194418
30265904
30205940
30170783
30228540
29963604
30195111
30218851
30242695
30271537
23203071
30182451
30196841
30213482
30206111
21128707
30213635
30192531
30229944
30213709
30180002
23997493
30201678
30266859
28418608
28381660
30089939
28114029
30235251
30164515
30245971
30224435
22903613
30635782
30198877
30196986
30171724
30235899
30197875
28828046
30241253
30223799
30195557
30219598
30166224
25290494
30207554
30271473
30212044
30231222
30186177
25571396
30218849
30233524
30185145
30219922
17980387
30213183
30255068
30217762
30184390
30164939
30237360
30201946
40217816
40257845
40139278
40183276
40248123
40348536
32947795
40254269
40744703
40163033
40181968
40251752
40363115
36239838
40251211
40182287
40232409
40216007
40401894
26986406
40154396
40189021
40244238
40197154
40281685
23427746
40173465
40161949
40167328
40208076
40231213
22901806
40232607
40249472
40147665
40245615
40229661
22371360
30140348
30131835
30118634
30092177
30134767
29550967
30118275
30174024
30150460
30165860
25764894
38675976
30150218
30129707
30076813
25880998
30091168
30105056
30080920
30127440
29899922
30138951
30202115
30119830
22667420
30123148
30037260
30134229
18821083
30108922
30061349
30088273
30122320
27400530
30145757
30140200
30116519
27213981
30124187
36026356
18359242
30136644
30142066
30154109
30128960
22624682
30182191
30140866
30110870
30177082
30184322
27908584
30078271
30135944
30101632
30812221
30153777
20860750
28317225
28330152
28314881
28329827
28342361
28377369
20542783
30069376
30109319
42025589
30109149
30085424
30064030
23147417
30137086
30094216
30082796
30100031
30135942
30199996
22288112
28382501
30169392
30151156
30200849
30179381
30118189
23624228
30187419
30168949
30809592
30146231
30165838
30181644
28050328
30116411
30064660
36555685
30110803
30097722
23453393
30118284
30118484
30106057
#end
