#729a2951|blade-2-m620|jdom@54ed0cc8b7e8deffd5e088305ca7723dc0bd963c:org.jdom2.Verifier#checkCharacterData(String)[generators@bcfe6d43107430b2604e2e34b9151742941652e0:cz.cuni.mff.spl.casestudy.generators.ParseFileGenerator('MQ==')]()
#date=May 13, 2015 5:06:22 PM
#warmup=1
#count=3875
#begin
23013742
51674365
25316562
30156664
33710658
30935446
30623260
36911414
30982389
40514724
33371151
30675240
30223606
30234571
23786390
28442947
36986645
39969734
40426283
40435785
27746283
36998860
30773537
28816400
28508756
28458212
28854749
30282978
30242082
31669183
30234753
30245248
30690304
40617987
31073726
30211703
30265018
35868834
30444806
30221007
30381769
30203775
30248847
25289572
40578660
35465616
30280957
30229576
30238982
30225556
30214020
30244890
30266902
30250025
25143101
40611617
34551017
30217896
30252179
30346162
30253579
30323938
30250950
30196195
30242060
38197537
37640309
30273300
30252224
30330055
30224137
30238966
30181126
30198709
19170233
30155915
30207694
30166624
30183413
30151768
30174247
30231332
30230355
30139935
24304219
30248022
30153122
30211931
30153864
30168529
30147159
30141617
30154747
23921104
30834675
30177816
30139987
30212554
30163725
30144917
45142919
30155857
29935949
30236115
30179894
30150449
30197237
30208273
30174329
30218616
26272239
30261322
30209462
30224960
30177619
30183513
30153371
30183069
29650814
30209555
30199161
30137936
30391750
30204143
30216035
24241395
30246971
30167603
30196368
30196693
30178004
30186969
22832833
30223884
30168527
30172035
30236442
30540488
30167831
24297214
30214975
30229548
30190076
30195122
30186958
19448981
30268762
30276565
30158459
30199653
30161878
30167805
27430357
30211472
30135807
30216529
30178436
30135966
28933954
30188527
30155429
30208864
30206200
22600226
30183635
30222693
30151202
30220899
30173440
27088706
30249947
30148544
30201769
30350149
25565629
30230110
30149283
30140363
30164498
26030057
30204071
30188866
30161244
30196128
29507725
30127402
30073833
30101362
22814211
30114520
30118053
30035005
20675174
30104824
30122562
30075993
30093685
30093311
24285944
30117378
30087255
30063591
30053085
30104853
30070531
20518388
30109893
30129499
30016487
30067866
30046922
30088996
30037491
30109727
30103629
28172205
30209651
30076567
30121022
30060362
30072431
30084664
30058691
30057002
28307183
23141092
30129509
30123726
30096944
30031480
30067904
30213166
30059251
30055314
30056561
24427443
30091473
30095862
30090346
30141984
30021358
30033989
30054611
30103582
19326853
30095416
30114858
30051955
30097674
30090640
30066539
30086809
30104775
20128599
30092508
30122081
30060262
30048668
30068504
30062082
30051823
30029766
23349353
30101426
30088357
30105870
30038520
30027996
30097502
32053788
21095879
30088607
30134004
30046778
30082771
30087371
30084744
30108074
23324702
30139273
30100395
30102234
30068844
30021314
30104239
30037320
29636837
30135884
30096809
30053555
30080712
31516358
30086667
34648406
40071707
40258259
40203851
40245983
40288061
22441288
40203314
40094289
40229878
40244031
40153111
40308951
29694816
40156789
40106645
40294905
40311689
40222807
26469186
40085934
40237927
40190836
40219205
40217920
26808066
40170087
40285213
40405086
40267022
40405805
31741833
40231729
40360720
40342970
40440707
24942667
40357664
40356834
40372120
40319612
21945761
40239070
40285012
40265122
40294556
22511219
40306976
36609523
36748334
36868069
27285955
40283541
40292270
40395887
40382023
33817616
40266107
40529200
40402058
28049108
40262509
40382150
40358710
25213007
40240965
40362433
40395490
20865992
30252924
30264222
30214345
30222628
22488256
30277565
30242856
30241127
30233915
30207970
24166134
30210422
30198873
30205259
30142310
22238316
40440718
40475563
40475542
40654420
40593007
40558735
22371280
28447996
28403879
28414163
28401799
28375552
18369849
30152604
30179092
30140702
30152750
30165605
30170236
29527853
30176373
30153667
30135357
30139891
20422088
30162217
30225004
30180979
30117700
30176185
24089234
30230828
30191786
30173068
30173348
21247357
30208748
30162402
30139697
30151453
21343996
30209244
30792619
30143640
30142531
22347674
30181546
30207564
30143026
30158602
25735513
30261037
30232968
30201688
21561832
30201433
30185951
30217562
30141345
30089959
30198022
30125178
30167502
28704441
30187996
30068228
18548018
30045663
30103822
30047253
21653669
30074622
30063044
29951913
52102376
25890445
30107577
30003977
30006373
23261251
30103840
30035865
30044099
30034789
21432585
30018888
30053095
30022335
30009591
30047244
19648935
30059733
30061780
29995300
29978149
30010485
20416173
30021395
30087969
29986188
29995264
29991909
30017216
20089317
30029731
30099655
30042324
29992866
30039468
30003777
21743787
30039073
30005995
30048731
30009084
30016108
30030729
26475139
30139907
29973558
29982953
30019727
30018949
24169914
30086055
30000948
30035454
30001042
30000684
25049507
30062373
30041294
30006217
30024968
18660389
30045183
30082564
30653446
30034817
29967343
24209772
30017589
30014040
29988959
30039924
22681711
30131927
30055897
30869926
29995555
23137818
30045500
30007167
29992758
30030633
29976897
23599904
30114338
30015911
30001446
30005307
29965033
30054122
24477182
30045379
30014648
30036032
30305235
30003673
19086790
30040035
30051004
29996196
30007013
30030831
30515674
20443637
30011145
30062410
29969125
30032848
30055660
30024976
25029776
30086962
30045505
30041884
30038057
30020299
22900173
30740339
30036840
30362822
30031664
29998309
23100995
30128079
30079019
30060735
30071751
30034241
30078289
27557517
30129338
30050908
30090990
30044312
30092475
23400748
30151716
30090759
30098006
30069671
30057309
17971674
30148189
30217009
30166226
30162162
30143468
30174753
23223124
30250110
30244609
30228422
30129790
30117364
30138325
30127400
24852503
30221043
30199028
30159853
30149007
30130975
30183462
20532459
30167642
30227853
30122598
30164596
30144235
30174454
18803991
30202600
30194336
30113833
30113925
30166533
30149028
21439765
30292742
30285911
30246482
30212362
30266267
30263360
25741669
30285347
30303283
30445198
30263242
30269951
30251664
20457566
30270154
30293137
30273209
30237123
30264277
30277787
30235762
22083695
30455161
30349735
30271637
30552853
30179269
30234262
30266919
28791829
30281205
30253020
30246081
30226862
30255988
30235379
26544464
30294608
30292103
32340756
30223206
30249263
18364304
30254429
30240782
30212155
30266764
30214335
30207265
23457493
30305851
30262117
30294635
30221166
30198211
21814699
30243593
30279365
30287866
30240637
30277020
21919485
30355384
30295840
30945411
30284275
30223846
30258904
21591438
30305922
30262755
30215431
30254809
30221186
30266527
30200717
30233736
30264636
30222004
30242688
30234033
30209836
18066914
30227429
30297713
30233566
30257822
30204515
34614649
21787340
30251521
30268059
30240934
30239889
30242306
30234794
29711245
30258617
30191011
30231413
30238976
30236666
30216043
28991367
30291584
30240242
30303604
30417133
30213145
20630701
30246964
30282371
30240987
30245038
30269442
30227919
26076698
30295556
30226540
30221653
30230545
30228395
24784579
30277495
30255162
30255254
30248489
30245659
26229191
30298512
30288582
30275352
30225117
20531346
30279258
30329122
30212786
30236181
30243607
26545853
30245218
30158639
30183036
30178718
30184484
22195987
30167286
30204412
30138825
30117991
30131649
30145318
29205776
30253728
30137486
30151358
30149771
30165683
26099118
30214678
30159528
30189984
30167598
30098840
28094596
30300840
30540720
30241631
30231442
21028967
30277275
30259938
30258229
30224695
30237609
27834010
30327504
30272560
30205898
30842726
25730689
30268504
30259495
30214817
30224160
26488014
30488142
30243674
30274291
19651010
30282133
30266536
30237567
30224636
24041822
30266582
30259662
30220760
21172359
30252500
30242049
30221253
30225705
19394773
30254027
30253862
30196006
30280624
30226096
21951842
30263466
30283739
30276926
30228409
30261078
19554315
30310107
30251955
30254519
30272464
30231901
30208482
28579592
30205513
30145442
30144255
30115413
30183380
30168640
22882300
30241251
30185115
30131163
30156817
30132851
30143846
21748552
30207258
30207900
30145558
30127958
30143769
30173139
30144586
29374473
30257859
30244457
30198630
30262273
30223195
30208626
28298452
30277356
30250167
30255642
30210993
30339417
20369974
30304740
30319500
30279999
30286116
30275104
30257693
25761705
30357774
30308982
30243873
30294921
30370515
24166976
30356035
30323189
30299577
30327320
30215986
25654478
30303262
30276978
30260486
30317369
19511959
30314744
30313820
30319593
30252907
30209085
25926205
30371900
30263295
30514764
30926533
24546352
30366153
30297802
30283464
30260733
25595283
30335164
30216044
30237491
30200335
30243084
26713446
30263867
30221482
30237542
30221140
30191384
20617628
30378053
30279506
30841883
30205704
30223409
30212717
27494119
30202735
30132542
30145299
30139508
30161128
26483533
30265794
30173412
30435308
30136566
18317940
30129222
30153306
30044149
30060638
30047960
23161780
30141873
30068382
30118726
30101528
20671766
30128156
30098802
30314964
30076793
20311092
30125085
30122201
30057809
30051844
30042131
19441264
30087219
30113856
30104557
30050106
30045797
30098907
22881758
30111322
30054927
30010202
30011429
30015017
19539927
30051931
30077389
30020891
30025335
30005440
30060867
30000237
28443415
30048387
30025967
30004713
29983804
30032128
18293522
30069778
30137273
30075098
30038478
30044393
30047724
22895075
30378452
30101219
30031118
30057905
30058446
20385851
30137097
30142880
30073671
30084175
30063849
20386181
30084862
30106239
30058093
30080091
30058151
22663500
30109357
30075846
30066742
30092555
30026782
30090593
23574939
30102326
30140343
30095706
30087616
30065344
30085972
29614902
30129334
30041065
30078893
30071925
30044813
25161976
30083183
30061529
30048789
30136044
30089982
25172112
30140792
30038482
30047047
30092734
30051691
29446280
30073086
30018625
29997297
30072371
22926520
30068015
30022004
30019068
30001037
20778685
30068597
30056291
29994228
29988336
20514916
30059168
30074384
29984745
30053980
30038702
20833794
30061231
30049157
30034420
30025343
29997075
30036080
24024533
30084866
30055002
30000108
30029218
30008367
20579389
28273947
28289501
28264679
29992327
29980400
21179867
30037500
30063900
29989350
30003074
30000015
30055864
26574149
28312881
28287818
28226846
29985584
29985820
24971010
30132384
30087485
30070264
30074818
30073140
26165686
30183155
30191335
30056229
30087669
20328015
30105764
30086713
30113460
30112222
30125907
30057235
22456198
30143237
30128156
30088929
30053297
30066622
30063311
22918908
30951804
30099338
30058018
30097653
30035946
30084993
23199622
32138896
30105760
30067131
30085897
30109876
30074155
27126567
30192431
30058225
30046447
30044839
30919539
23298948
30170704
30103657
30042507
30045444
30036967
22844279
30294715
30257475
30241551
30228154
30207784
24840766
30301822
30284121
30283717
30222643
19471509
30281264
46345383
30224890
30246831
30296571
26522978
30294393
30228777
30261709
30221713
26135529
30294193
30250520
30250049
30281982
28685105
30347216
30266402
30340453
21209085
30356753
30375526
30348975
30405322
26705477
30392925
30295035
30300602
30291034
23314510
31801454
30345829
30599941
30322335
30277566
19587640
30372497
30340095
30295478
30363163
30245018
30299088
30270770
23139508
30369706
30321781
30293295
30328605
30356142
30363102
21209650
30314516
30370479
30286855
30321002
30330119
30361607
20440965
30345585
30344803
30311651
30291998
30307411
30304114
23536627
30359831
30308492
30361224
30315688
30294844
20324983
30416973
30430875
30316617
30308133
30317479
19570022
30257794
30230144
30266547
30285860
32221728
21407171
30278155
30266826
30213633
30186397
30275199
30226800
21617283
30311877
30266762
30232299
30233314
32246481
30399824
24841203
30303887
30250739
30326195
28510775
30263062
21444425
30310478
30317745
30263911
30244506
30224913
20697971
30276534
30261474
30247353
30225104
30240341
22620833
30400727
30336333
30267840
30337046
30339853
30275757
22754402
30293511
30263893
30211275
30256889
30281481
30257415
22852720
30312136
30236820
30179592
30243989
30175104
30223724
30249508
19446929
30195715
30269184
30244762
30238541
30263671
30276646
30204761
30421241
25493797
30304577
30241706
30248565
30289593
30258542
30206387
30245540
30230087
30213254
25186714
30346713
30249837
30267613
30238651
30209102
30244284
30195507
30192313
20323861
30318622
30279698
30221738
31397973
30214198
30249099
30241957
30410284
30206926
29784796
30295068
30236066
30271593
30256529
30226237
30211242
30230824
21141810
30278208
30268390
30213999
30234634
30219753
30213371
30175469
30247567
29688896
30336235
30223557
30217224
30210591
30248871
30206499
18254360
30237097
30306689
30298040
30216353
30219497
30290564
30331955
30254160
30230437
23198135
30240491
30195215
30138716
30193213
30166787
30181753
30198089
30144811
30170016
28864194
30212269
30155849
30155793
30189449
30145753
30178558
30173459
30178511
30166804
30132580
23278402
30141865
30097529
30053035
30086508
30052262
30059202
30034332
30079064
30039728
30045457
24268090
30163264
30149493
30067844
30080486
30054391
30067180
30029333
30103638
30088059
20963027
30113298
30127475
30079531
30098940
30149587
30056913
30054529
30131664
30058886
21780129
30084720
30767567
30048142
30038696
30057211
30336809
30060339
30038806
30093082
28383426
30135146
30150698
30112826
30065189
30058187
30077353
30026415
30042929
28341082
30185055
30053704
30098387
30070798
30087417
30066038
30003100
21434580
30099564
30087816
30074920
30057084
30050878
30078371
30082673
19684271
30315318
30283825
30254693
30262919
30253886
30272004
30254251
21627085
30329017
30269445
30291493
30266938
30257939
30255053
30261984
26888875
30327588
36686826
30246842
30239633
30512495
30255214
25583441
30330974
30280882
30282474
30270812
30308578
30274910
28895740
30326087
30264224
30287472
30284191
30300721
22559159
30337714
30249095
30310549
30370322
30235041
20572496
30312662
30343588
30296100
30279866
30260709
20777328
28458573
28455416
28442290
30297386
30280471
24466341
30326795
30279790
30306508
30248642
30260553
30371942
26589898
30355339
30306815
30323490
30252588
30251878
21694426
30310328
30304559
30257157
30272296
30276132
30283173
30272635
23494403
30294896
30296124
30308020
30387584
30234272
30304217
30297167
30253709
20481170
30284382
30314125
30282722
30239579
30262328
30312844
30285989
30370924
30242831
18428445
30280190
30300571
30242518
30282015
30383347
30314049
30232142
30245393
30263631
30293486
28520935
30324471
30251827
30282524
30241351
30239575
30250998
30362291
30256406
20985157
30321411
30306002
30293702
30301260
30273740
30252584
30260305
30259735
18290600
30289153
30386870
30265002
30263592
30321277
30279804
30317838
30281448
20979675
30285989
30338509
30266428
30270476
30247333
30382622
30371602
30229706
26681371
30366434
30293186
30234105
30297511
30300492
30288342
30258984
26443958
30139018
30071269
30060276
30036827
30070871
29967924
20358295
30083983
30060357
30036699
30042235
30025867
30017452
30040096
27764179
30090319
30065215
30107302
30028672
30006678
29992773
28751090
30092346
29972199
29994209
30034423
29990838
21171556
30116595
30102143
30077605
30061849
30086832
30106450
28635056
30129364
30045836
30050491
30069078
30061895
26778888
30132544
30070471
30078883
30134615
18780800
30146275
30171966
30111764
30097007
30126533
30149042
19247646
30131284
30151968
30093662
30167659
30089814
30062343
22879380
30180191
30132693
30086397
30085987
30061273
30107742
30066267
22771856
30115998
30694895
30092428
30097993
30055636
30096886
30055691
26644849
30209404
30161631
30135767
30156228
30245049
30185806
23815026
30212873
30156311
30164300
30119906
30188582
30189302
24487709
30200473
30164407
30145411
30147171
30106622
30190765
30061105
30097282
30084631
30058954
30091548
30097035
24870927
30115471
30087726
30055004
30080097
30107489
24194110
30121822
30087176
30114664
30104806
30080500
26648377
41948403
30059338
30097242
30065578
21627905
30059376
30120557
30059482
30076723
18096958
30125530
30115665
30077787
30683731
30067111
30084439
25021500
30111862
37008485
30084420
30092296
30075544
30124366
19311015
30080153
30084782
30039971
30050724
30073851
30051724
30062229
30078694
30079767
29008062
30130591
30152422
34232219
30056791
30109258
30060471
30051599
30080327
30081878
25215023
30182838
30078327
30026012
30069110
30099537
30672315
30069896
30073741
30114376
29315454
30119506
30074606
30080665
30081402
30055511
30065471
30111975
30091504
24587077
30083099
30109179
30113710
30077753
30081529
30086138
30097750
30106075
26143586
30112657
30113569
30113671
30056615
30069322
30111402
30112780
21688309
30112504
30117671
30080798
30070855
30082845
30079505
30069114
20711923
30083087
30093726
30061125
30075513
30031458
30120617
30085580
23344268
30094849
30089687
30087404
29959408
30066042
30106864
20211366
30120188
30138862
30077704
31221353
30033396
30050100
19404249
30137617
30118398
30108158
30130489
30099222
30136075
22403183
30136060
30080396
30048817
30080942
30031668
30076779
30105098
21987441
30203885
30146929
30136057
30022489
30078571
30079696
30070219
30119646
30125633
25145761
30141455
30101277
30042835
30078613
30051882
30045502
30094753
30065191
22970652
30154077
30075257
30073766
30096104
30089664
30053478
30055342
30075175
25084751
30364889
30074157
30068535
30040142
30082608
30061806
30071905
21182907
30075251
30064747
30066442
30038593
30756681
30097898
30084218
21418822
30288913
30356797
30240946
30250271
30257709
30242966
30193293
24633794
30259618
30230437
30243620
30238402
30206100
30246960
21776636
30221716
30297493
30224318
30194772
30219520
30241611
22136337
30309928
30302624
30194104
30247604
30192221
30235195
25498042
30219347
30152946
30158256
30149898
30191835
22051287
30300286
30560177
30173962
30173272
30191176
21491025
30188673
30195793
30148568
30197680
30229173
23251392
30253073
30240666
30231166
30175648
30130124
29474642
30229057
30169350
30176808
30180775
24726552
30153117
30080051
30059755
30068689
23901876
40039829
30085160
30065327
30079681
25472669
30156869
30109485
30063491
19224762
30088840
30143497
30076189
30147168
24627203
30075513
30133813
30078777
22235943
30063771
30059564
30034920
30022264
21273433
30031029
30091031
30037445
29998689
29975335
20066688
30017084
30052964
29996556
30012744
30041415
30033883
30048729
26281487
30117790
30075895
30106859
30135305
30702961
30065293
26023538
30116063
30082838
30085153
30039423
30077879
19099316
30075793
30129804
30035410
44746429
30096093
30081658
24959695
30115440
30125704
30027473
30063713
30040573
30075317
30098764
29887888
30069264
30054693
30034184
30031880
30030665
30070479
24718198
30132307
30142551
30092052
30042849
30106994
30089453
24825583
30238491
30246068
30222295
30254573
30290395
30232522
29678533
30269176
30198735
30312604
28481311
30324096
23918528
30350005
30287506
30296165
30230215
30267662
30249103
30236693
28584114
30307322
30223284
30269378
30261355
30213885
31040972
23985424
30343383
30312492
30328207
30261454
30370973
30302906
24185131
30366220
30380641
30324947
30248566
30330507
30303738
30316151
20825179
30346792
30359172
30350666
30325610
30300389
30290560
30309462
20609935
30246166
30247133
30243624
30235242
30202300
30223944
30286466
23831106
30295980
30273887
30233833
30748042
30290309
30214282
21352920
30275849
30253155
30272395
30238451
30251197
30228211
21562158
30236573
30283579
30233743
30250494
30201893
30209246
24876254
30388740
30263336
30205812
30241038
30292671
21650405
30301040
30311607
30171406
30321746
30224405
21152594
30251469
30300064
30209519
30237042
30257505
22839928
30684092
30144853
30200829
30441275
30187120
28426870
30256064
30166485
30170476
30131322
24115125
30211740
30180025
30194938
30148348
23464802
30219724
30236144
30619209
30115746
25168050
30254308
30206894
30159871
18801207
30202697
30235362
30146626
30174479
30179676
23057406
30277347
30184039
30146940
30162755
30169873
32166296
26091227
30141780
30094847
31038837
30096541
30068693
30066167
19901919
30125187
30135231
30093335
30077843
30063962
30093236
30119465
19641055
30126600
30079382
30081771
30091344
30032931
30070822
30363308
23997748
30080644
45850739
30006682
30009620
29992896
30002383
20305105
30072770
30090438
30023686
29978389
30037347
30014854
30002380
21403079
30052203
30032022
29991584
30000283
30022541
30037086
30041033
30002253
23432123
30017255
30038181
29998521
30271826
29951885
30004424
30042604
21116089
30054829
30053860
30036161
30045315
30003086
29987748
30028764
20388120
30035842
30069734
29997848
30038291
30490378
30018668
30119671
23873404
30156552
30139169
30093804
30103004
30099646
30095582
21448908
30136682
30158292
30094966
30111273
30112042
30113682
22097009
30156987
28344172
28324990
28347747
43557440
28293128
24345877
28403307
28323001
29928330
30064640
30094993
22399648
30104206
30046345
29959613
30016343
30034886
30066085
30006042
26388827
30061644
30013450
30036749
29966589
30030161
38654806
23568326
30036520
30610182
30059255
30008231
30030079
30027717
24458837
30171686
30051960
30049227
30092462
30929955
18612561
30073511
30106142
30073669
30084533
30069651
30082007
54814828
19299409
30039431
30120033
30089418
30077234
30041930
30056735
30059451
23913710
30094113
30068468
30088022
30095672
30044214
30020577
21174258
30082974
30067317
30092689
30071658
30080642
30079850
30066447
21846809
30099747
30071397
30041810
30035184
30095724
30108957
30153339
30048269
24702406
30104914
30066952
30038064
30050997
30032537
30067124
30063483
22088227
30131404
30089483
30053320
30035525
30065411
30058471
30082278
23012778
30200333
30166582
30141366
30160358
30127829
30196806
30156495
30166624
28786261
30203856
30146775
30162411
30816380
30191176
30186170
30155345
25889789
30199140
30183001
30155753
30154144
30204906
30171320
30141218
29642491
30220499
30169191
30175729
30237087
30224693
30135800
23647847
30402582
30343813
30278671
30316724
30326446
30299124
22982659
30359451
30316249
30328527
30322552
30284510
30368231
24949506
30367483
30303568
30306329
30285591
30279438
20417546
30341584
30338024
30315388
30323773
30334555
30297073
30374458
22664166
30348705
30321551
30286845
30303131
30295355
30313761
30280583
30305045
21952907
30353619
30358476
30316415
30313609
30309973
30302086
30302617
30305451
18485789
30321848
30407082
30276880
30320711
30324966
30370400
30377072
30357544
21300701
30394424
30344016
30336484
30399309
30301336
30362433
30344411
30376632
24798694
30383494
30380841
30331597
30361064
30373106
30379009
30399331
23827537
30412517
30362692
30323335
30323884
30354150
30367748
30391931
26795477
30425202
30353682
30346260
30301473
30339406
30344083
23021064
30432921
30368179
30366664
30324821
30321681
30316475
22780442
30381074
30397737
30909778
30336106
30293917
30349098
25430732
30397334
30354895
30326897
30294142
30303522
21501292
30319271
30347891
30300442
30269766
30284568
20253048
30352185
30334142
30318769
30279862
30272682
21347860
30312822
30399748
30305893
30282733
30253617
25257652
30338357
30327937
30297542
30309933
21908020
30369600
30339795
30325011
30306436
20745932
30354389
30319044
30301918
30296131
21623303
30344405
30328001
30310205
30352306
24533548
30333765
30335442
30317908
19777391
30332122
30350342
30292632
30284852
27023177
30392717
30307349
30333216
25748756
30366472
30312751
30314812
26317147
30398368
30304643
30255006
18926407
30326309
30360267
30315422
30335624
30965061
22399733
30338000
30337140
30324463
30329757
30345133
30343824
23878671
30347379
30363153
30313745
30364169
30301375
30293489
30350202
23360357
30403531
30336562
30302271
30348179
30275340
30332562
30291178
21917701
30398259
30334819
30325797
30313167
30320653
30356698
30266551
23821377
30365202
30284046
30315431
30368684
30308488
30364416
18944886
30344764
30335015
30347128
30285026
30265659
30325106
30246755
29651866
30313407
30322839
30320833
30330461
30442753
20291881
30319782
30345278
30320456
30305136
30295362
30322749
25033334
30375962
30311653
30281393
30351194
30390322
23099959
30384230
30317146
30317997
30301909
30342942
23537632
30334602
30344426
30306125
30368151
30352098
27933659
30391818
30294131
30376275
30393939
23230757
30384933
30353415
30357351
30393397
21261941
30389246
30415184
30336421
30410820
30354460
19347611
30305835
30369615
30307473
30326219
30282815
30302877
30281297
24435163
30314953
30336584
30293731
30311273
30286608
30273697
23299437
30360375
30376549
30337097
30348924
30309842
30328557
25422062
30377141
30316863
30311296
30297497
30338419
20495041
30332168
30362936
30277298
30283787
30325386
30310427
30302455
29372584
30392318
30293512
30307837
30301000
30334156
30293283
30248966
30353083
30253058
30265659
30288361
30358967
22061016
30373104
30384833
30325438
30348090
30279069
18482989
30306373
30371388
30352093
30303480
30311916
30325495
30020029
47426463
28527828
28507188
30266542
21111272
30334820
30335888
30344653
30284480
30251886
25188021
30300226
30260601
28463376
28452864
22187320
30301418
30281417
30227646
30277210
21716272
30279441
32637818
30223597
30242047
23432192
28591397
28457746
28502394
30221109
27530447
30278733
30285758
30239925
22715482
30296446
30329142
30228987
20638205
30275333
30247766
30232550
19753446
30280636
30262670
30221434
20898114
30101409
30084577
30029916
23341426
30121191
30162116
30083840
19439450
30090786
30118055
30074695
30098132
30079873
25048241
30117348
30076977
30036593
30069114
23773948
30109180
30049455
30106867
30071631
24605114
30085533
30104476
30080231
30050784
28818289
30156802
30122485
30059057
22763482
30125111
30134902
30040511
19885973
30106096
30125347
30113375
30104571
30656786
29152415
30131255
30046730
30102908
30088905
30007853
30135389
30067176
30054836
21881447
30101197
30083347
30067197
30092168
26084400
30198683
30094397
30076233
22668180
30125944
30084142
30105442
21534592
30114602
30150329
30107522
21579838
28292434
30103113
30034964
30075455
23608075
30111397
30098442
30030957
30025796
29010749
30119444
30083503
30054444
23932655
30094831
30083473
30054086
30065290
23964990
30331880
30280699
30251787
30296068
26327756
30372353
30266427
30273480
21081981
30283211
30298540
30251164
30383893
20548263
28503191
28522306
28494868
28510692
29163482
29871938
30333884
30275446
30271856
21684463
28465029
28488678
28433194
30251475
23899941
30299762
30316575
30230081
30284962
30422288
26700785
30319590
30256858
30123189
30206037
24034792
30237751
30170794
30155290
30125676
22764637
30184475
30213988
30170462
30126751
23716834
30186402
30158933
30151637
30204093
30224818
25265748
30233350
30190543
30169673
30112990
22421011
30252871
30229560
30193249
30175131
30168639
28530438
30223915
30207267
30171168
30151598
28635298
30226340
30175634
30194090
19487467
30179804
30238311
30194739
30133884
23659964
30107818
30111180
30055722
20568456
30085058
30128036
30131215
30052024
29683378
30142817
30079127
30081397
29528898
30101324
30054358
20275928
30148646
30072024
30067900
22659493
30119264
30066767
30076369
27675151
30094602
30032618
29991882
24374885
30037437
30048397
30080082
30039202
28746434
30084120
30061289
29996071
22185022
30028544
30102282
29993576
18479966
30011667
30049691
30027306
29998158
19693022
30027205
30062210
30034975
29990240
22804509
29983893
30065046
29998098
30010771
30067057
22906126
28311112
30101504
30068943
30011969
30009296
26706764
40469336
40474037
40629286
40501635
40664047
36442178
25607618
40506427
40589478
40595200
40530074
40673798
34154016
23948039
41034837
40422762
40550252
40664431
40809483
38218591
30543697
31891521
31074981
40447887
40653586
40581404
40581369
40580140
34216641
31599386
23491355
40458121
40473240
40464329
40779354
40594819
38493128
30314782
32244017
31537552
30150381
35985107
40606436
40573809
38006598
40533716
40564669
31397417
31694250
31793796
23601661
40623074
40455181
40541779
40544434
40774204
38304402
30446017
31924259
31516205
19392777
40457480
40487141
40463573
40527200
40522699
43372263
30388127
32448768
31468308
30294381
40479301
40500578
41217859
40754419
40502214
36144190
31896829
30171224
24016343
40509987
40569052
40557736
40666080
40505146
37215127
31288310
31274341
28336989
40514041
41033215
40578906
40653038
40530064
35160197
31619927
22760838
42958398
40527643
40717455
40579273
39027810
30316826
30937141
22944936
40529649
40449458
40714651
40571616
38299577
30415358
31274156
31615330
31553348
30962035
40399209
40550391
40561174
40576262
34801106
30380120
31572739
30821800
31880708
39692298
40468730
41117911
40550173
40553395
31284308
30172748
31969343
31421061
33571388
40445515
40537772
40641940
40625650
33990846
30199493
31678839
31128960
35246586
36853424
36957492
36946795
40508272
32011477
30170604
31837151
29655755
40929704
40551829
40597414
40684458
35794529
30262159
31516468
29487158
40623911
40572507
40549683
40594018
35929847
30242275
30180773
35604402
40417374
40631231
40571798
40630091
32958332
30170033
30027537
40446296
40533647
40647802
40634604
35613001
30257276
28414649
36785931
36881618
40564578
40633031
35393741
30240265
28747090
30230786
30173566
30151445
30135208
37738782
23791986
30196533
30176646
30243044
30124020
34521868
23204520
30205964
30200805
30200570
30993444
33969691
25061807
30281788
30174067
30153615
30182464
19317386
30197800
30240464
30175635
30164818
30858341
26391054
30234178
30191663
30197686
30155940
36629986
22793997
30267762
30239987
30192428
30196930
33637180
40725531
40727070
26208738
30212964
30211508
30189562
30157231
36496352
40676774
23322917
30213542
30159857
30177245
30123340
34061107
40666823
23430066
30210980
30188475
30134078
30223120
34339240
40627247
27546164
30120982
30113851
30052537
30037342
37188373
23393181
30177606
30099913
30058209
30079466
34226011
22899986
30160535
30092409
30088704
30063826
33710858
24755439
30117093
30093555
30008747
30130866
19903115
30076767
30130029
30092684
30047458
30558364
40562060
22680206
30072000
30061793
30028666
30016955
33803365
19979355
30101935
30028620
30034140
30027115
30318076
40788341
41118480
22827184
30072989
30053638
30015212
29993035
33653903
40975500
20095931
30071688
30064535
30004480
30008066
31147408
40760333
41053204
35580957
22597598
30074961
30067866
29985345
29981879
33937219
40915304
40968675
33261384
30055646
23236225
30072262
30239633
30067844
29997433
34111538
40983671
40898765
32327222
30062051
18083929
30027433
30086760
30032747
30023302
30273629
40102549
41119442
36712693
30105640
30094333
23286679
30096079
30027562
29983852
29973720
34200873
40932594
41000036
32403052
30161682
23247183
30053415
30131917
29998303
30002418
34017893
40912313
40910371
32580531
30718640
29124667
30076695
30042282
29991300
29997095
38598921
41685357
37199020
30034069
26537047
30058929
30013008
29984302
29952171
36921409
40992864
38119244
20041704
30069173
30060542
29998525
30032629
31153509
40710356
41139038
35562700
27020898
35682362
30036639
30029704
30043659
37093463
41009071
37927637
29240838
30058400
29990026
30001920
30003312
38814683
41228484
22445096
30081700
30102782
30005502
29982651
33269626
40871395
20407587
30048040
30039253
30033548
30038626
31653952
40782276
21697338
30083741
30093605
30084482
30050631
32613539
40881444
25590801
30097811
30073305
30023675
30078382
36156845
22991402
30058878
30059327
29947613
29978178
33853384
22979707
30135651
30032329
30004775
30077044
33976580
25498692
30110022
30029765
30011386
29990342
20905250
30053942
30046831
30077431
30037395
18047949
30076600
30134113
29998609
29997793
30052316
29905887
30070617
29969739
30034122
20436954
30046627
30076940
30022118
29974624
31634423
22783359
30056406
30038007
30023775
30041756
33580402
28894647
30072089
30038600
29996534
30006760
24928712
30097260
30007404
30055703
29997609
35481808
22067665
30058808
30033206
29963756
30051543
32983566
21832249
28299803
30059070
30018507
29996502
32659394
23598464
30106146
30043889
30005336
30034240
34503715
40884485
24559063
30193158
30186447
30187395
30173662
35089924
18127692
30182458
30218291
30175416
30125927
30134402
40025523
41032693
20007553
30225148
30790987
30165975
30159904
30490596
40620780
40982487
36104830
30186601
23706023
30180459
30426642
30166719
30146188
34513411
40862176
40667606
31469984
23140977
30221084
30153699
30145473
30118560
33938538
40817031
40780313
32834828
26413929
30219791
30158496
30184317
30135531
36737595
40811989
38211951
23744246
30204786
30243757
30132960
30130167
34588937
40881952
40659418
24927768
30322371
30272517
30293531
30200527
35384346
40575840
40407929
30304798
20604918
30270529
30269286
30234335
30225473
31723175
40551074
40762831
35185017
20436832
30286340
30297835
30303996
30205051
31462432
40507470
40850806
35335655
23654904
30300426
30264686
30230497
30242493
34580637
40887179
40559965
21851421
30271613
30246437
30259125
30239264
33536704
40605469
40816723
23268521
30350344
30267004
29860289
28549930
34192573
40730568
18269071
30282144
30386515
30261135
30306309
30260357
40658122
40880640
27584668
30296122
30273678
30310999
30217144
37135925
18837138
30233646
30263644
30211089
30240235
30247559
40485367
23580915
30315472
30304273
30277242
30232144
34445493
40688847
40520731
25534338
30279450
30444338
30238533
30206845
35968687
40626051
21073207
30299700
30267385
30224266
30191262
32235001
40781091
19839402
30421495
30359755
30313481
30319691
31209124
40447880
21877294
30242818
30860395
30221829
30249485
32824680
40491525
26774155
30346912
30204989
30152035
30133504
36824629
24472061
30177249
30153246
30166095
30140319
35045024
25371734
30260025
45827893
30231762
30126480
18289165
30137340
30101029
30073300
30088362
30066640
40153305
20821677
30140615
30127451
30098618
30102858
31994225
42048906
40960782
19476921
30088220
30139235
30066484
30043567
30296620
40635138
40909740
36057792
30124778
25062214
30171557
30097545
30093420
30080480
39124227
40622923
40067676
30109162
25597142
30169342
30093160
30070842
30091160
35845058
40700546
39152988
20458714
30088879
30146036
30068363
30073277
30029126
31410966
40873262
18817240
30116596
30121282
30096451
30056758
30081493
30085033
40246020
21119854
30118556
30090629
30061410
30040835
30079402
30059640
32064412
26696311
30171233
30091549
30069455
30067144
30075331
30155741
25727716
30086082
30006117
32639189
30023684
30033222
30117533
29745116
30087586
30000186
29999735
30017056
30045331
23219768
30093947
30034153
30010902
30029588
29969501
21802004
30108567
30143231
30073865
30062212
30071149
22822376
30169483
30141249
30069993
30065102
30068849
30133433
22060765
30179822
30206048
30188224
30150223
30139104
30252227
30161349
30845857
27710367
30348803
30563775
30302566
30287736
30293435
30364284
30289342
26017068
30366377
30257625
28462212
28474696
28481099
30347985
18452456
30297975
30281838
30262204
30266245
30298462
28498440
28515420
24382837
30349600
30296366
30243878
30955633
30230825
30291582
23929548
30247669
30242271
30216673
30230651
30235753
30260407
26908673
30271289
30235728
30226898
30305778
30175369
22553211
30319267
30205135
30258086
30406412
30218826
21106798
30293050
30288208
30270369
30233673
30242669
22539651
30284824
30232964
30218953
30209868
30273358
30302569
21912175
30292546
30237031
30236339
30223745
30203748
30337868
24512677
#end
