#729a2951|blade-2-m620|jdom@54ed0cc8b7e8deffd5e088305ca7723dc0bd963c:org.jdom2.Verifier#checkCharacterData(String)[generators@bcfe6d43107430b2604e2e34b9151742941652e0:cz.cuni.mff.spl.casestudy.generators.ParseFileGenerator('MQ==')]()
#date=May 14, 2015 8:13:12 PM
#warmup=1
#count=3867
#begin
23169273
48680661
25405480
30031749
32659063
24096635
28440997
30089900
27515588
30335557
32264289
35739494
30305055
30246780
23661216
28394210
30083733
34368121
40161518
40150552
29957108
40110443
36309315
105719982
30339491
30308322
30333140
30370647
30297807
30305755
30258075
30259275
30879966
40148010
31159739
30755802
30307893
30304033
30314615
30283354
30290629
30295892
30255504
30289476
31283366
40154068
31961474
30720538
30313750
30280673
30272093
30301733
30296619
30291702
30339151
22459637
40166070
35251593
32911964
30308868
30323489
30296582
30270846
30291769
30352569
30313663
25143318
48992842
34318293
30819093
30260751
30229422
30191747
30258966
30285440
30233376
30269892
37889788
31377352
30316615
30726884
30876053
30249614
30276297
30287915
30287224
20501707
36408416
30366441
30365568
30287913
30320362
42115375
30402413
30414081
30297280
30599995
34951664
30438784
30428824
30395655
30444322
30436313
30404417
30360397
29329978
35031006
30440750
30452187
30373459
30406631
30343635
30425478
30384786
40062031
30738475
30469139
30396124
30395741
30449774
30405824
30385286
33569351
33194505
30474664
30400912
30365651
30369873
30413896
30515128
39558758
30838312
30483981
30376798
30415886
30379198
30400846
28804734
35520521
30469536
30493040
30391155
30389712
30368534
25768555
36405832
30445710
30419459
30386319
30426489
30350973
29001823
35057601
30485553
28575019
30349961
30377495
21714581
30446267
30469147
30474020
30446199
30350836
30379420
27769174
30756888
30464086
30402430
30379312
30361757
29599315
30408517
30427852
30385422
30373853
21941571
30445642
31778368
30481409
30359737
30438010
27451129
30451223
30475465
30326946
31843009
25793538
31049257
30435244
30512651
30358116
26254066
30460821
30441200
30344426
30394719
29941734
30421751
28616682
28552941
24427921
30403970
30441943
30422116
21715283
30403216
30420792
30453764
30360062
29145572
30427728
30495658
30418202
29628229
30445710
30451335
21731005
30413662
30415217
30471675
24345768
30405333
30445160
30379113
29642062
30481791
30498930
25106543
30416286
30385562
23516635
30476995
30438754
30474589
23663406
30491982
30419082
30501525
30347851
23055295
30329681
30391906
30408526
30387764
30332024
22376760
30411857
30478708
30445013
30375828
30395028
30392256
30326498
25181909
30359993
30410937
30386599
30356342
30388021
30317175
23871123
40983624
30430340
30430060
30346287
30326447
30355678
25087568
30435802
30403686
28590205
28566288
28558814
21079411
30386799
30687469
30416568
30366120
30341151
30391290
26747035
30386582
30449159
30400849
30365508
30327406
26222762
30418715
30421424
30455503
30401224
21350805
30458271
30412156
30480030
30361041
30418979
25585603
30450716
30451461
30457816
30411422
24486461
30448386
30440173
30454017
30410448
24302250
30433492
30401971
30477403
30357827
25648864
30393149
30436486
30379024
21677276
28595154
28623230
28627388
30410015
30373529
24634183
30321613
30351464
30345825
30323359
21459546
30334947
30318113
30334290
30307708
22373791
30323431
30362967
30404908
30300629
22375466
30357982
30320524
30348079
30256375
30334389
25095980
30348675
30326842
30348075
30302447
19388542
30323424
30355813
30374540
30307536
30284527
30292132
21891648
30302356
30330977
30388056
30275211
30308539
30347915
30276947
23336941
30327644
30343567
30359033
30304553
30287676
30275163
30309224
30284469
30289446
26681838
30366575
30361413
30323880
30306747
30324484
30356933
30262213
30269049
25355716
30321580
32964654
30488053
30232610
30306195
30314706
30290580
30307453
28592186
30350089
30340167
30305593
30363004
30308580
30253596
30258811
24979765
30331300
30285015
30269670
30254145
30244637
30253182
30272311
25121561
30271616
30260844
28468827
30244411
28454673
28431908
20944067
32221594
30293193
30250051
30234298
30177786
30214308
30197760
26687886
30325331
30253333
30296790
30167787
30207024
30216764
27825045
30274184
30268722
30233516
30204153
30278424
22506764
30257037
30244182
30877419
30198024
30257286
30223266
29727060
30266100
30307880
30288657
32189043
30210024
29379871
30288743
30293789
30191775
30262912
21956242
30129619
30135542
30185875
30150362
30166398
25110630
30129296
30162986
30114729
30101995
22705430
28390342
30168304
30139113
30119191
22494480
30141082
30159689
30148994
30093995
24164903
30119949
30199379
30114387
30119379
29304664
30158195
30172482
30090333
23420566
30193375
30200206
30170099
21530702
30207442
30209158
30238533
30162474
20901135
30179084
30212911
30204151
30205724
30148144
19981911
30204048
30194094
30234245
30159476
30123605
30138566
30116915
26821486
30168885
30254836
30121456
30138767
30186764
30217937
30159780
19370584
30431064
30174775
30939019
30166905
30159524
30174427
30160060
30100713
30132360
30153052
23844394
30202291
30191613
30191575
30146028
30160693
30173182
30164102
30177144
30151315
30391960
29635109
30196737
30295235
30142707
30144213
30155186
30171284
30187731
30153096
30145064
26921897
30258633
30200205
30176145
30151475
30148202
30131113
30125697
30147860
20713226
30214221
30191702
30235025
30157207
30141976
30148644
30140164
30152719
17966087
50118539
30222019
30224123
30198722
30164745
30186671
30204678
30169700
21167247
30235875
30163924
30205737
30180772
30139956
30206100
30144973
30163440
27681826
34747566
30205546
30191026
30116720
30145299
30160849
30122433
28186992
30189105
30251071
30179000
30148838
30119229
30182500
21331347
30150493
30211893
36987716
30149808
30162940
30169080
30179060
30133900
30162389
30225444
30115097
30120115
30079225
19157940
30295029
30240566
30246525
30173882
30248287
30170940
22516058
30361985
30311109
30349280
30299896
30287457
19115793
30327273
30318089
30367668
30326146
30272960
30336157
30300630
23255164
30420527
30434802
32441886
30386118
30382391
30430942
20704761
30392660
30425987
30418639
30383911
30390211
30371308
21483436
30459404
30478227
30402275
30346463
30400799
30363646
25124290
30384595
30392746
30369268
30311722
30282053
21955027
30295673
30357182
30347385
30344537
30304562
21499361
30299933
30353998
28505545
30115389
30264517
22468755
28550218
30310111
30356264
30297989
30292513
30271740
24278372
30331041
30397798
30385473
30291713
30288261
30293955
30156535
30334386
30303500
30308421
30312171
30247635
25066143
30378887
30325562
30338382
30271667
30363144
30311024
19552362
30254664
30320166
30315964
30267274
30252907
30256046
30304111
26939295
30344284
30357458
30292005
30313064
30317508
30273442
29116027
30289741
30361146
30245848
30267035
30295614
21746303
28377410
28379696
30202570
30119389
30207056
30209609
30108649
22442888
30185222
30212237
30237445
30803355
30155751
30105184
30161843
26730589
30169115
30212631
30160551
30163793
30145100
30201091
24407943
30237317
30224226
30183280
30105239
30178207
30165493
30127848
20697337
30178344
30183590
30238760
30181911
30151273
30185472
30159437
20544916
30167313
30219511
30243349
30182268
30191935
30185097
30169546
23228743
30196447
30229839
30222344
30183153
30163082
28429275
20228297
30184137
30222139
30191121
30143466
30179113
30158290
20472016
30185408
30174009
30233997
30185349
30178693
30097203
23211288
30133749
30199518
30121838
30120828
30168233
30118715
30089512
23266846
30215675
30211646
30152879
30153755
30148403
30114259
30157000
26765553
30205217
30209740
30126522
30210474
30130553
30123795
23471617
30180013
30122064
30207796
30147122
30107151
30155891
23779717
30186852
30153095
35512351
30111524
30120048
30102295
28743045
30214706
30188220
30160926
30118251
30076900
23632486
30198248
30204594
30125899
30146308
30093081
23257464
30201151
30188106
30224606
30159455
30090788
25075316
30265905
30849015
30178051
30144765
19517112
30171468
30208983
30180389
30139527
30111689
26661808
30225142
30176531
30143160
30182738
25915382
30222001
30231375
30187808
30158099
28412672
30194239
30189311
30084697
20971275
30130953
30175893
30227186
30127491
26459198
30150773
30182844
30217422
22585405
30212604
30179038
30199888
23146331
30184936
30182815
30122317
23877277
30189389
30145266
30222505
30161334
28336980
30292190
30338666
30219337
30237980
21170563
30303840
30309371
30275488
30250639
30275200
30230387
23458813
30276852
30232031
30281688
30209747
30198291
30208626
21476444
30305718
30356075
30283220
30251698
30245049
30250844
30217119
20607549
30274299
28482610
30076762
30188449
30221684
30202315
30260388
24232682
30318661
30262433
30287189
28497476
30038008
30214604
28459643
21499011
28470983
28445965
28526523
29315476
30308920
30217289
30310189
21927034
30300032
30268569
30286987
30248770
30255824
30239479
30265198
30190964
30211902
25183634
30241400
30320866
30265194
30251416
30257909
30239797
30267799
30224506
22844178
30298068
30265649
30231351
30255031
30234957
30251207
30250318
30251269
24797430
30258104
30297846
30260484
30208873
30210211
30231855
30211943
20828111
30261166
30369767
30382638
30213504
30164297
30188480
30210953
20777842
30269082
30259602
30293024
30215367
30226020
30228387
30241671
24045301
30297218
30278153
30304547
30220600
30246417
30214198
21178127
30301811
30874735
30316129
30193613
30238084
30210995
30240257
30221837
23367068
30245545
30262757
30278001
30259041
30271951
30233102
30219145
20299321
30316475
30299344
30302986
30245222
30239842
30260309
30188315
20882092
30257402
30311431
30264749
30207093
30271349
30249667
30209469
23753899
31151141
30290051
30287987
30239455
30241020
30211914
21435540
30333551
30288326
30309938
30270447
38582601
30236688
30235046
30192904
24000424
30261491
30309762
30280806
30214438
30199450
30289357
30234905
30277409
23156098
30289744
30302045
30294697
30306489
30232351
30294667
30219995
30298013
26118624
30277125
30281798
30289568
30205186
30220348
30224388
30236468
23332177
30287359
30266035
30268742
30199520
30187066
30198785
30213891
24121034
30264765
30264740
30284747
30241978
30193480
30208835
18863896
30219340
30269513
30315984
30271653
30270153
30233683
30258230
26749177
30375435
30361722
30360798
30877226
30271858
30253677
29474989
30376546
30390088
30291438
30446606
30302167
22157869
30337464
30315164
30309931
30315073
30254064
19231038
30332743
30362229
30351600
30296429
30358753
30892354
30357077
23799393
30442453
30430073
30429881
30459033
30428206
32356740
30392511
30356277
23241955
30421787
29976220
30474515
30354917
30374093
30428952
30374558
30370666
30361080
24991713
30435988
30440422
30417278
30418841
30368431
30399217
30392710
30400919
21396601
30391982
30447835
30413715
30397209
30398719
30372857
30358211
30382546
21627762
30417651
30432117
30438824
30416095
30364244
30336604
30332666
30349439
25989454
30471455
30460466
30423721
30437573
30392450
30388159
30423018
24139974
30400041
30356315
30378318
30337845
30343187
30358462
30329735
26616124
28649010
28641940
28598398
30357840
30401265
30394800
22331820
30423360
30404715
30466926
30384632
30410413
30379599
21484845
30400630
30319477
30379482
30312162
30306362
30321608
23367327
30371171
30363365
30386509
30348976
30349513
19062875
41925991
30395701
30484935
30351762
30418293
30390829
27413626
30447773
30441895
30370763
30371360
30394059
29756996
30420099
30449780
30425008
30352987
21589158
30425118
30424306
30433604
30402566
30323805
28874090
30434824
30438143
30386893
30360579
25968410
30340890
30395628
30357628
30326421
26613284
30380340
39110829
30350344
19456934
30976629
30392982
30374284
30306355
24026670
30354946
30385315
30342973
30483611
20092181
30402544
30408135
30719899
30363137
30361720
29801466
30475422
30446164
30414393
30326864
31024382
25680843
30334533
30401819
30312515
30304453
30283742
30305779
21092966
30267881
30281507
30325997
31105455
30342598
30287817
30275530
30237348
26067913
29866329
28584851
28547928
28448508
30253962
30284564
30290073
24929010
30287323
30316670
30323408
30261346
32885018
30291062
30250255
29058821
30352264
30361800
30289776
30289700
30338875
30255933
23648677
30324149
30302173
30321369
30295517
30302277
30316758
23351127
30470951
30462718
30441127
30357593
30381915
30374693
26137753
30474553
30430710
30437547
30414615
30380307
21878860
30461486
30414183
30474633
30401535
30463884
20584334
30443473
30407633
30431880
30418569
30352137
30334558
30414700
26823802
30427624
30423095
30407868
30428093
30378944
30400880
30365755
27117646
30517912
30430082
30415917
30393820
30333526
30375141
20970539
30394468
30377602
30422247
30413584
30408533
30333366
30372812
29779498
30316743
30349949
30278940
30327126
30303689
18415804
30339059
30348289
30361565
30296538
30275929
30304877
22475427
30359756
30356764
30357742
30272630
30318896
18809659
30402478
30761791
30367556
30238639
30301432
30220628
30317629
23169508
30352400
30331128
30362613
30366402
30289071
30295437
30289762
18582568
30379521
30354780
30354753
30333202
30304981
30636294
30286986
28519161
22971962
28546701
28538254
28525885
28483412
30268253
30243246
30318036
30325422
30339566
23158089
30374309
30319577
30301768
30348686
30303831
30252226
30241789
30323604
30309468
26499284
30366269
30320060
30297172
30302209
30278687
30302255
30297480
30274987
30282994
24960977
28538409
30375973
28519594
28470121
29846930
30311046
30342120
30294338
20448085
30329679
30355927
40367614
30351589
30283532
30280459
30269341
30280693
18489889
30317540
30352713
30316349
30315004
30280722
30264544
30272255
30245815
30281146
20572277
30169576
30219802
30267722
30155140
31516406
30154946
30160812
30147273
30169157
30157843
20631237
30252548
30235526
30252554
30139077
30165390
30120520
30162564
30255580
30179895
30177035
25879989
30247782
30257080
30155584
30121244
39886667
30140268
30136499
30116445
30807588
26154120
30225030
30241495
30154355
30143809
30143622
30181376
30214371
30147099
21230444
30213464
32208384
30227187
30169989
30211684
30170646
30199211
30194248
20736176
30183456
30211660
30204202
30150377
30160468
30157962
30158831
30182527
23745546
30210111
30185726
30229359
30143793
30123053
30180680
30194759
21821402
30176918
30184373
30173367
30177582
30164211
30089572
30749549
22946874
30202473
30236560
30204042
30125729
30192007
30146049
30789726
28911960
30210666
30179489
30159830
30209833
30169936
30187474
25858456
30202520
30206304
30215223
30123032
30159488
30114724
28365258
30163024
30268539
30146216
30153724
30172591
21913311
30264775
30256524
30260555
30242115
30125102
19729793
30175847
30203191
30234803
30172727
30133118
19935655
30102655
30186976
30276575
28451378
28274877
22596687
30145645
30153982
30124281
30121169
30115491
29674161
30162173
30212573
30178794
30083453
25884207
30245973
30229987
30122273
30135767
30089271
23240226
30186816
30155275
30227160
30177778
30115159
30128974
30126667
29885251
30171271
30194780
30173102
30169350
30134952
30142348
30125122
30777485
29629395
30190744
30198834
30172864
30095886
30146471
30158465
30099001
22193689
30223054
30183279
30204420
28341179
28341966
30156484
30119093
20214110
30141987
30132493
30201911
30173999
30123635
30157122
30104522
21932453
30176351
30118278
30200415
30142958
30116965
28343241
28359785
27136826
30199991
30192951
30210644
30191886
30072253
30206114
25448151
30222246
30233608
30152694
30149151
30194175
30136564
28567048
30157929
30198377
30110573
30744281
30112324
22341854
30191117
30163508
30198335
30134829
30101729
20368723
31828788
30192192
30220955
30160995
30128099
20949176
30291078
30245836
30328915
30227509
30254112
30241950
19481390
30254090
30300104
30917728
30242240
30188047
30186441
30224715
30247657
22709529
28477894
30127366
30349661
30269515
30321340
30229093
30334079
30173429
24457281
30278590
30245955
30323106
30236422
30227804
30223128
30252029
19562397
30270531
30276982
30303594
30221523
30197122
30196525
30249129
30227464
29793142
30607986
30425926
30295154
30294735
30263198
30329651
20582890
30380562
30348720
30389387
30277400
30257267
30289669
30476915
26154337
30326339
30400047
30366794
30309142
30298831
30313585
25499249
31744983
30456784
30450871
30369020
30356170
30413748
29564589
30468887
30497418
30423108
30454251
30367751
23407579
30428429
30457648
30428361
30379449
30410272
22067393
30473922
30408657
30449415
30358715
30372736
22801672
30417351
30458139
30429578
30375426
30408358
26485460
30474211
30479570
30416233
30391894
22646307
30437064
30429035
30480896
30407582
21349871
30474709
30435257
30416057
30401348
30405906
19537550
30393849
30421431
30474993
30357072
30425902
30393100
31661124
23992017
28610135
30299904
30400955
30351353
30970943
30389546
30395988
30361980
26211201
30449488
30506159
30444451
30431591
30391071
30429555
30370882
30364235
23377673
30483826
30467342
30463451
30389569
30403367
30410770
30356782
30386875
30402063
30339448
26764011
30342106
30328066
30303498
30348204
30275093
30289543
30328285
30329751
30310477
24741921
30373791
30383933
30364322
30313135
30288314
30327848
30348864
30305182
30294775
29115958
30382082
30427435
30287353
30259223
30306557
30253602
30341920
30332814
25120782
30341651
30345488
30312397
30283709
30304635
30293433
30297097
30288371
26739920
30385299
30371246
30392894
30317533
30296471
30287104
30255590
22533402
30400925
30362506
30397500
30332150
30318887
30287666
30279742
22093436
30376929
30367982
30326032
30298715
30305610
30285494
30305013
30275079
30300174
25420506
30263944
30321726
30289738
30258239
30271704
30225493
30270632
30269005
23319041
30358140
30313193
30309757
30318613
30297767
30265069
30232269
30271532
25500564
30314198
30310762
30300889
30296177
30257497
30262920
30310709
21818161
30347191
30300827
30281216
30370808
30296196
30285801
30292358
21806552
30324617
30308082
30338546
30285081
30279429
30256500
30333053
25439902
30369133
30340864
30302108
30268046
32271652
30254404
22799998
30248327
30305966
30353420
30276948
30303179
30288232
22953815
30385370
30359142
30340541
30313097
30325569
28513987
26680375
30350289
30330815
30350144
30264352
30264300
23130098
30349793
30339220
30346174
30296667
30204904
22520533
30340504
30313976
30275755
30246017
30280302
24462768
30360462
30291931
30311724
30270832
30228322
30318754
24985361
30336644
30326000
30324082
30277218
30247735
30268576
30268469
21691140
30308238
30340495
30273902
30304539
30261003
30280551
30335953
30869763
30325222
25490622
30314780
30352973
30310162
30291284
30305704
30279586
30275304
30295586
23671248
30317151
30360306
30298753
30284247
30287404
30280858
30259628
30288397
26682886
30305630
30330040
30317805
30281430
30285694
30285096
30255253
23348597
30295597
30326928
30354319
30259904
30251922
30323264
30289515
23584177
30340189
30286215
30309568
30307528
30224860
30251146
30266280
29494331
30340631
30375864
30278822
30292708
30276758
30317400
25346456
30317186
30318731
30324041
30264644
30246095
30251568
26203391
30334004
30329813
30311889
28446963
30026254
20397532
30304721
30332374
30319674
30258173
30290128
30260106
27454348
30360082
30335667
30388861
30252608
30314804
26729791
30266928
30341847
30235898
30237466
19196828
30273883
30339807
30362721
30319887
30291184
23800022
30302891
30345197
30313604
31133584
30367786
30305676
29503877
30254440
30351408
30255311
30297290
30264118
24664674
30315556
28505272
28512843
28450167
28453094
23037271
28507011
29905731
30353944
30294935
30271391
26699015
30340224
30321333
30246267
30280946
21783498
30166080
30183168
30227346
30170739
30178297
30136802
25208585
30282531
30242104
30204486
30302276
30162058
30180418
30167295
25890100
30174073
30189831
30133799
30345929
30121953
30149584
30159422
30138873
25590399
30192358
30212726
30148012
30088980
30138873
30115306
30112561
19944679
30173098
30242422
30241930
30163844
30157909
30147713
30147467
30161844
28254121
30172858
30166864
30159340
30125139
30127573
30122789
18906742
30161235
30129467
30205399
30137280
30099358
30169880
30160895
23749639
30172808
30142058
30190827
30149516
30089629
30118859
22695118
30190823
30213473
30173075
30238484
30118904
30133644
24286890
30442127
30495235
32468536
30369564
30384419
19347944
30424184
30464983
30431358
30322797
30353069
30397838
27319426
30441315
30421897
30407702
30404662
30363845
28733768
30445040
30451957
30391520
30376619
20882843
30404253
30456019
30669546
30321997
30368846
24876192
28593093
30344480
30429233
30331236
24060503
30289613
30279549
30312878
30320610
24323202
30347057
30325818
30326614
30260983
27204890
30335455
30351451
30278597
21447916
30215093
30219360
30231551
30168504
29225576
30231066
30251514
30160413
26100909
30288118
30202673
30157710
26037233
30203975
30287168
30223671
30161869
29742329
30245844
30231835
30196760
30161624
20682197
30193817
30185018
30198537
30109732
30145530
30150373
21532903
30222882
30259280
28444547
29974642
30142740
30399621
30184689
17803914
30275131
30337050
30319669
30310186
30387273
30266135
30338917
19249040
30357833
30428097
30436946
30332800
30306606
30262635
30290907
30285788
26774646
30378276
30361397
30341439
30288928
30355442
30305966
30295642
30287978
24023685
30283384
30303973
30293871
30248168
30276694
30271840
30299460
30257782
21293456
30291344
30321504
30323513
30258444
30265662
30279634
30265602
30217555
24470430
30274813
30325568
30366463
30258547
30288648
30268176
30305364
22123445
30204958
30241358
30200135
30109550
30181841
30215064
30234929
23196711
30193465
30212915
30141127
30462228
30139569
30139900
30186006
29767575
30176289
30240600
30155278
30156341
30130075
30236022
26371809
30179682
30186591
30165182
30189683
30185873
30206482
29530391
30180886
30263708
30158878
30177938
30134302
22631144
30242141
30216466
30252073
30224673
30174949
20357908
30148431
31044997
30232644
28391672
28386023
19999248
28372321
30218659
30255942
30134073
30153299
23180055
30176964
30126898
30152458
30118950
18538787
30129169
30171193
30236701
30132034
30123459
30132068
23341650
30149415
30173593
30208840
30167876
30126567
20867636
30817204
30185279
30212271
30171153
30150833
21707398
30139204
30200179
30248868
30084367
30143348
24111579
30960621
30417416
30438104
30331949
20461690
30340889
30380729
30357816
30303544
30299524
27822193
30358675
30423243
28530073
30313193
27925150
30336993
30403041
30315341
19813926
30317233
30393971
30405922
30316306
23619216
30339722
30367567
30381062
20662168
30331997
30367383
30369024
30394055
29766003
30339545
30403591
30333520
29498945
30407033
30427873
19548269
30337942
30369864
30351426
30328630
23246607
30333149
30335483
30360012
30296607
30291641
29551645
30363389
30361836
30335382
30279818
30274373
21477316
30290304
30311873
30322938
30305542
30249620
30259713
30277080
27934052
30354851
30324918
30300956
30275517
30248024
30285724
30238535
28472027
30293863
30424362
30304222
30313247
30282190
30251990
21310339
30311931
30321530
30337122
30277159
30291180
30273520
18164529
30244496
30312807
30429059
30276011
31072688
30261209
19650857
30197035
30193498
30219962
30130126
30175720
30216850
22843085
30284764
30292789
32224037
30143477
30133680
19772995
30167040
30194252
30236973
30787441
30144235
18872002
30206231
30213267
30875012
28393705
28307111
20368179
28387741
28412552
30058265
30188399
30130915
25839702
30221271
39003757
30176256
30215697
23079275
30216480
30207966
30210942
30166345
22604233
30166049
30235781
30249634
30152600
30124260
22204240
30254405
30232977
30247691
30157153
30101789
23709712
30204593
30183222
30196644
30142708
30081451
30088979
24231929
30152494
30142787
30178373
30167422
30087822
30112491
24290252
30183734
30161391
30149229
30082295
30117847
30161617
29200280
28494563
28510269
30228858
30235268
30234563
23688928
30339130
30309231
30281577
30242065
30305730
22808200
30248213
30192555
30199636
30173733
30172738
24443095
30141464
30189169
30177839
30133220
30123140
30169302
28381912
30222147
30205035
30157783
30274003
30144698
23157006
30370041
30368009
30352068
30333010
30259933
30315384
24187463
30372617
30356513
30350218
30320676
30260944
30373296
30350884
27989597
30334373
30386112
30332092
30364780
30308908
28498806
22448643
28553623
28507535
28498796
30345893
30278531
30358993
23195309
30289183
30300257
30294993
30223788
30238811
30226238
26082362
30288578
30315835
30260886
30224053
30203762
21921824
30235909
30270589
30272227
30241324
30212384
20711048
30238155
30245743
30301730
30244811
30219025
22152883
30285515
30280600
30287511
30234487
30232624
30280729
22036953
30367304
30380844
30355164
30346311
30283002
30252847
24669847
30330950
30364093
30357824
30277427
30373916
20061835
28516641
28556312
28570396
28488481
28475081
19544617
30341936
30370376
30379023
30343032
30306488
30319320
30281918
28839941
30368173
30379995
30293511
30287791
30287949
18925462
30349026
30355073
30347639
30325804
30315359
30257031
23392779
30381310
30321596
30383211
30289595
30263005
20895536
30309258
30350462
30329004
30287924
30338902
21052032
30329373
30361653
30383160
30338033
30324935
30289030
20442952
30319651
30307078
30376032
30342519
30373950
28477106
18933353
28485334
30172114
30335563
30319518
30308934
30300735
30336248
30307424
24676398
30325759
30304031
30334375
30330447
30316102
30334905
30305716
20327415
30349269
30381968
30432952
30380955
30326720
30341680
30422165
30348209
30345257
30327766
29841682
30399044
30371012
30312436
30311912
30305362
30257527
30302024
30324311
21201299
30368024
30369369
30335744
30283718
30340006
30297880
30337650
30368613
18348989
30251035
30369493
30393225
30278426
30303535
30280035
30306728
30305177
30309387
18978014
30332631
30290818
30387133
30343530
30302173
30306392
30344864
30359115
30367153
30374989
30280826
29547496
30325306
30371438
30294886
30316193
30283848
30357250
30291987
30329945
30307191
22057060
30373533
30351008
30347475
30266233
30310828
30245264
30282120
30312775
30358042
21472028
30329644
30316715
30338304
30331364
30290126
30334831
30285348
30246560
30333033
24872805
30334950
30388604
30374831
30293226
30333084
30299597
30258998
30289649
23371746
30475476
30436506
30433748
30394433
30385338
30392526
30367496
30386031
25762878
30427761
30487170
30449207
30418886
30409202
30391522
30475034
22225931
30342010
30336611
30362009
30308003
30307133
30303715
30324324
22509933
30350273
30348990
30363928
30316209
30322549
30282691
30302518
26383051
30307278
30330790
30373123
30298166
30255855
30317700
23543820
30326841
30311171
30329667
30285339
30256463
30266160
24307770
30176925
30206206
30207038
30126016
30101747
30191002
29958011
30216556
30228179
30205186
30144795
30175820
24918516
30275737
30241713
30219127
30203324
30221951
24394027
30166391
30217242
30162308
30159078
30152349
26880833
30198404
30271821
30143116
30141671
21724097
30250873
30218415
30200108
30179460
18767618
30161217
30211555
30278712
31158152
30166909
30118616
24213746
28430366
28419923
28407224
28433622
28378703
24853005
30258244
30212229
30195882
30117142
30127724
27787757
30227672
30255393
30155820
30122686
21884058
30243605
30142762
30194347
30134104
30139386
30093581
25310864
30216543
30153370
30162244
30081082
30102236
30136225
30112024
25814687
30801566
30180339
30125211
30101308
30112420
30154175
30109589
30109331
20408282
30140750
30186715
30151717
30108228
30151009
30138109
30150719
30100279
19088611
30170694
30158936
30202439
30124942
30103893
30118780
30128653
30108259
22923804
30148140
30153656
30206020
30122771
30173144
30081577
30148169
19196386
30171935
30164934
30168613
30174507
30155688
30078282
30106245
20390672
28366200
28377508
28338963
28335686
28317179
28305203
30128494
24265868
30126573
30171107
30137389
30140135
30117697
30131677
30160640
30076773
23584778
30197492
30156836
30183535
30164822
30142126
30126004
30117649
30108469
21600951
30170917
30143742
30127149
30148126
30091086
30119846
30167200
30060089
19342597
30179095
30180435
30211250
30145959
30116719
30126586
30146053
30140537
21525547
30305779
30287637
30337421
30278820
30286837
30267277
30263976
30267901
28589939
30246819
30222358
30177790
30148210
30144295
30152970
30131429
28384341
30210857
30206991
30140245
30154620
30113464
30122281
21142383
30185975
30191495
30230659
30179412
30155818
30091751
30763140
29605816
30225966
30222182
30188550
30159319
30141973
30122922
30000603
30266339
30379595
30173768
30148793
30150935
21874718
30265156
30262448
30258664
30163557
30183049
30181158
29981389
30168479
30235133
30201122
30192382
30211322
28705169
30213244
30198715
30131400
30125149
19540062
30167093
30164478
30232396
30106747
30089230
23852825
30182606
30220635
30194230
30159987
21310456
30237734
30194880
30182837
30135046
20556417
30186864
30181691
30196915
30128507
21860874
30194184
30170619
30200700
30095036
25366063
30214745
30193731
30181207
22492602
30164246
30164697
30225575
18138756
30168531
30184199
30205069
30130251
30107195
26901453
28406583
28390754
30130632
30173186
30146665
25983100
30159351
30164497
30199093
30164233
30163281
27381068
28421843
28432543
28383796
28403173
20954147
28368931
28401118
28407213
28398281
30117767
29696511
30195120
30233064
30202795
30138855
27198415
30201195
30184007
30135601
30101833
29634334
30157302
30447309
30265251
21234331
30187257
30218033
30188910
30175473
26210550
30260449
30200388
30136182
23137956
30248620
30185186
28370632
28394610
21194626
30196900
30210668
30186982
30103249
30121816
20577812
30211746
30173238
30198082
30151765
30190626
30088558
30122631
26053997
30895274
30301379
30255527
30239591
30234555
30260920
30227497
30210347
27443107
30293308
30283271
30234651
30230053
30209477
30145487
30225209
22172851
30289750
30255368
30309304
30253936
30260927
30243964
30250944
30186986
23905860
30245133
30263493
30260007
30220746
30238631
30244993
30240908
20564613
34633486
30306127
30257882
30177469
30229782
30222164
30232493
19941582
30229627
30316633
30328607
30201326
30217122
30182164
30278339
23339050
30263931
30276157
30295339
30252222
30225851
30215535
20436466
30288268
30300245
30308642
30222865
30206642
30212297
20668181
30338157
30364181
30337058
30254644
30307309
30327224
23859197
30393402
30326582
42404136
30287638
30277592
20433312
30373232
30363986
30308668
30341937
30307516
30307944
30304869
23802879
30383237
30317773
30379679
30329973
30323091
30366564
21402910
30364223
30357778
30315462
30304691
30323145
30305546
30366726
18754538
30336329
30348882
30365986
30347704
30367204
30268459
30300869
21843520
30129852
30190962
30175608
30172667
30122773
30125840
30094916
24996358
30172343
30184401
30125773
30157013
30104715
30135811
23338819
30169498
30135479
30147631
30129955
30108409
30141484
24992965
31016192
30174021
30129993
30112053
30154911
19934511
30200811
30177100
30227362
30137586
30144709
30095509
28725559
30471647
30436264
30394735
30361327
30367094
29449398
30442955
30534174
30352504
30380674
20864712
30457036
30414772
30434049
30353556
30362513
26321711
30474010
30459161
30415920
30366687
24173789
30449020
30469458
28633974
28565234
24250310
30424284
30485713
30778929
30369901
30406075
24445683
30514322
30489806
30449064
30360375
30402004
30406210
22972138
30461588
30378919
30426623
30393119
30372349
30403033
19422229
30550284
30425309
30444642
30396826
30360822
30372765
30390899
25660677
30459540
30513225
30395551
30383408
30385568
30402084
25322807
30456288
30419291
30437420
30345315
31233536
30406591
29884539
30438533
30439553
30408697
30530064
30369051
23872830
30381336
30438959
30439371
30432238
30383548
22904446
30451467
30758118
30415062
30418973
30442450
23967280
30437895
30459153
30441144
30440440
30422744
30393755
23928118
30458707
30406935
30428857
30418497
30394726
30359500
26893381
30480757
30477573
30426878
30359724
30344815
22826089
30414553
30442369
30431877
30400546
30412791
21684669
30397078
30421333
30484008
30428993
30405971
23141071
30471665
30422075
30424394
30381511
30363284
27416289
30477260
30492648
30380966
30384484
23369768
30386375
30394422
30460542
30399582
22585520
30449149
30489691
30422948
30311777
23348644
30401997
30447651
30408471
30343884
26714977
30412579
30416161
30388267
30389612
20714836
30507427
30412084
30404888
30380600
30323315
30368089
23176537
30425947
30481413
30415493
30451201
30447406
30408144
30432079
23489597
30451580
30458351
30412510
30381449
30411209
30356353
30365138
29419922
30461720
30478895
30383393
30434868
34673134
30342693
25436146
30452113
30413600
30397312
30320288
30363153
30389461
26447037
30433157
30443737
30453706
31023506
30412004
20567390
30416451
30455533
30459243
30373893
30425237
30331029
28458617
30461064
30441353
30376059
28595749
30376650
27836211
30446844
30486829
30399013
30347539
19682360
30403910
30409134
30477781
30344741
30367655
24430786
30454673
30452097
30403366
31801125
22023307
30472446
30420082
30419494
30356808
21878474
30490511
30474317
30523051
30398111
30401692
21337114
30477033
30417917
30453982
30426235
30382706
30417550
18463607
30422900
30435315
30454120
30362218
30429688
30386020
30345820
24656912
30400607
30416601
30386640
30381390
30383233
30386353
20975256
30380675
30431299
30429888
30386242
30397929
30346011
31019781
30385215
25772395
30391757
30437597
30449706
30370981
30390040
28572511
28614056
28558593
26960851
28622111
28574759
28584007
28613010
28594696
28552048
30443135
26713757
30470335
30411598
30397995
30393107
30319686
30320614
19433411
30359437
30490497
30434673
30378219
30403146
30365613
30419780
25874533
30489164
30410073
30446326
30407235
30341056
30401438
25620207
30479544
30476820
30455286
30390821
30452455
18163189
30376911
30397717
30475268
30401894
30375801
30413753
24236155
30435183
30432864
30385359
30449915
30399322
23078442
30432970
30412248
30461525
30408101
30383635
24439608
30417161
30488547
30481362
30404402
18501640
30376677
30452969
30462195
30356500
30393857
25212712
32442639
30469527
30419181
30389649
23652657
30234866
30195609
30151208
30156433
30203018
22523751
30232082
30200646
30213342
30153229
30231951
30148657
18938615
30191288
30179347
30225796
30126731
28343026
28402632
28401518
18859136
30184780
40477332
30208505
30127135
30168192
30153594
30182747
30119572
21151274
30193775
30176944
30253289
30181073
30156438
30113411
30166816
30126507
22602877
30278319
30223068
41132176
30401971
30170669
30166438
30128922
30124105
30200678
30172213
26417793
30177428
30187058
30101375
30058053
30130267
30117060
30099944
30096731
30084240
25380765
30179993
30180382
30176796
30117934
30141473
30121242
30144047
30193306
18908393
30142313
30979215
30207731
30134777
30172552
30161262
30143149
30171298
30168844
27681861
30186326
30259124
30179548
30227790
30119802
30128305
30159133
19643880
30117022
30164744
30159161
30130967
30128661
30110219
30132948
30109913
26067566
30187768
30224502
30209415
30186493
30133689
30123731
30164738
26214242
30254564
30225533
30168729
30120506
30151579
30177775
20364179
30190708
30312943
30298180
30191386
30242698
30217231
29814578
27800592
30318274
30259238
30238901
30228250
30222403
30263450
29077862
30281175
30365289
30262738
30231382
30263797
22110818
30255093
30293513
30319098
30215025
30213908
30206766
29699096
30249009
30264793
30317639
30211433
30239793
28677319
30284737
30316006
30230178
30232850
19673752
31048511
30270299
#end
