#729a2951|blade-2-m620|jdom@54ed0cc8b7e8deffd5e088305ca7723dc0bd963c:org.jdom2.Verifier#checkCharacterData(String)[generators@bcfe6d43107430b2604e2e34b9151742941652e0:cz.cuni.mff.spl.casestudy.generators.ParseFileGenerator('MQ==')]()
#date=May 15, 2015 11:20:20 PM
#warmup=1
#count=3878
#begin
22854837
51780334
23983985
28339581
30182740
25418713
30207436
30208641
25632215
30246531
30221488
30691368
30145091
30131515
23833892
28438965
28406612
28796056
28392770
28364159
25293380
28396375
28404995
28811969
30201157
30148044
30913750
30133039
30165184
30154780
30151004
30195435
25247190
30187344
30189706
29794300
30146584
30169084
48505634
30189896
30176128
30142320
30140879
30172753
25645421
30182349
30438457
30170244
30193631
30201524
30166017
30132735
30156502
30136544
30235133
35088164
30939597
30143002
30153978
30165482
29961217
30206016
30181391
30202558
30183490
30168320
30121500
30206064
30209275
28335948
28324812
28434639
28367312
28333693
21539745
30145640
30123468
30123251
30156789
30150453
30158309
30160962
30820968
30124694
30176876
30971722
30142431
30115024
30146355
28388668
30648193
30100800
30132687
30107079
30109751
30086111
30062966
30126051
30164016
30124444
30137831
30190659
23581571
30217606
30186907
30160166
30085476
30128095
30113817
31348591
30115688
30111129
30139175
30095958
30101820
24112568
30188954
30219882
30174651
30207602
30130717
30209905
30169735
30211188
30157899
30124975
30142890
22339874
30258430
30156435
30183125
30093346
30157523
30159047
30137240
30174547
30185871
50264490
30177167
24514556
30233995
30149637
30178607
30137203
30173482
30173598
30176755
30182173
28360736
28360845
23720606
30187905
30186922
30260129
30184303
30175627
30167844
30180619
30198911
30156773
30138356
26320395
30295126
30123128
30160858
30133838
30127065
30103790
30173642
30203194
30167516
26880941
32180821
30148638
30175024
30194731
30147193
30251288
30145557
30153242
30145586
29263056
30204239
30225562
30189507
30166264
30148737
30163458
30163373
30146471
26243051
30220889
30154505
30147607
30178644
30164797
30149752
30150466
30148411
29154004
30151295
33451682
30221168
30185820
30133173
30138313
30147556
24650938
30197991
30161107
44984180
30190526
30202847
30163523
30173782
23978109
30190806
30184300
30164029
31464193
30176626
30137146
30118964
28750016
30141075
30162433
30187295
30192455
31383736
30182324
31433183
40169845
40255791
39937396
39996305
40030729
39920114
31411868
40348258
39996099
39922953
39950766
40106009
22143282
40339127
40322342
40008345
40396041
39939245
39931621
32024308
40426653
39962158
39993729
40043557
39945827
31125477
40329605
40280407
40223051
40127309
40105504
34144051
40701111
40162503
40080643
40178216
25462352
40047192
40052376
39918165
39987829
39908867
39370421
40306609
40123191
39927362
39916843
37022376
40428720
40146478
40036763
21669225
40376521
40226538
39937818
40061165
27454704
40082765
39983529
39946841
39934676
39375517
40328426
40126300
39966987
32404852
40435618
39964808
39969071
40008258
28046116
40117199
40029305
39981763
40077560
40007225
39926867
33022634
40423761
39967807
39973376
39962876
39964636
28186021
40139994
40076392
42411519
39923968
39932567
26940170
40091845
39985783
39932425
40024790
40085625
30128235
40113109
40000422
40339689
40026063
21220385
40304828
40345492
40006789
39962931
39972227
25497398
41393129
30287762
30293387
30244944
24863223
30324769
30308547
30324970
30283675
26450148
30262125
30297315
30264344
30245894
30288855
28168609
30312881
30213800
30359209
30230840
20793733
30336539
30286313
30312437
30281464
30245705
26723173
30277786
30288755
30338151
32248465
25000014
30286577
30248837
30255511
30248793
25725818
30316597
30362937
30248779
30268935
30207141
30288948
30295991
30292590
23047639
30302491
31493108
30308973
20371875
30367224
30271829
30245898
30264308
30152414
30271951
30303551
19451247
30326486
31405211
30249433
20686073
30279853
30231666
30280345
30235690
25264616
30284674
30233775
30250017
30261412
20319379
30365350
30335304
30249125
30268400
30272147
30282653
24297550
30269839
30290256
30345442
30296708
30270714
22317182
30358387
28450009
29866084
30320444
30243649
22110040
30260073
30257784
30205101
30344142
30224633
23774790
30300466
30325665
30303594
30279964
19910976
30323206
30260484
30305610
30249678
30238966
26942804
30275635
30277477
30244454
30279433
26863126
30322231
30234396
30229382
18228041
30371256
30291970
30271959
30290471
23219293
49154219
30257300
30303088
19360404
30337504
30235060
30238291
30320959
30275859
25968284
30885738
30305773
30282266
30255386
25743522
41729206
28461610
28439052
28447343
28183317
30321220
30236633
30282826
21730176
30341453
30235073
30224305
30268860
27185487
30308635
44760054
30263759
23576190
28501621
28523319
28460150
24164279
30296813
30269909
30226528
25366368
30343041
30255704
30301886
29538489
30267716
30282791
22753364
30307280
30301824
30360286
29753637
30241742
30263052
25345227
30293216
30263516
23412486
30292700
30252705
23712730
30319897
30285971
24665261
30312053
30294793
20336132
30295121
30283110
30276924
30206597
29168385
28478968
28478161
28473394
29137302
30298715
30240631
20398965
30320873
30281728
30280026
30307242
23718708
30263959
30316052
30272846
30283838
30267608
29812478
30256644
30273255
30278186
30352142
24863349
30315276
30248677
30249151
30266896
24612898
30329044
30320684
30532773
30229807
25028036
28478988
28481686
30318133
21026151
30323111
30283760
30262542
30270998
30250763
24726900
30288328
30249128
30291448
30258831
22304705
30887860
30241379
30316055
30290024
20941755
30189647
30148624
30114189
30132415
22747373
30140587
30159846
30093496
30151844
25561274
30119131
30124944
30143709
22083937
30165125
30113972
30103491
18575729
30202002
30121970
30058342
30124347
30147949
28232987
30175415
30096744
30127975
19105791
30202100
30688403
30173081
30164917
30127142
20801398
30188762
30165837
30168615
30138397
30104926
30086439
20343581
30136051
30165731
30081379
30140493
30125216
30094479
22405843
28415496
28377095
28362269
28350579
30117133
30146662
29340680
30179151
30135614
30157269
30150196
30135163
26464391
30132093
30104173
28347449
28388046
29988271
29295656
30136121
30170422
30146386
30164753
21896091
30787951
30190242
30119089
30187336
30149539
29821241
30116834
30108602
30149384
30106104
30161230
23627623
30226091
30182550
30177844
30148537
30175376
22579680
30180159
30185342
30109021
30183593
30177422
23482415
30181994
30131753
30117200
42445219
30126317
28986226
30134387
30120035
30138830
30139940
24200932
30197450
30137495
30152248
30155280
23005289
30305944
30234093
30251678
30459813
24163338
30240607
30188995
30213377
30393458
26941745
30837184
30264897
30247242
22565395
30283351
30243594
30271071
18457218
30268617
30258294
30220711
30238630
28941065
30242224
30202771
30269207
29821203
30194099
30258440
21388292
30275379
30230220
30215707
24337276
30305169
30324069
19612464
30324239
30277833
30279190
30267489
30121925
30349673
30301002
30366198
30322218
28893062
30334366
30302639
30307740
30310649
30291176
28846587
30314977
30321471
30413646
30315037
20401814
30385882
30335306
30291840
30265575
30255083
25453773
30364196
30324826
30336220
30340293
23187182
30285495
30331886
30352415
30283242
22534669
30347391
30375258
30326086
30340993
24766501
30331413
30305420
30292473
19374933
30357504
30293604
30258980
30282863
25132838
30696458
30266902
30335634
22632728
30363819
28555098
30347217
22689830
30356893
30278971
30313082
23919313
30451875
30293104
30237553
26711073
30321745
30302995
21632585
30329671
30313048
30302618
18049846
30647659
30285948
30334306
30292477
30295006
28189636
30308244
30320059
30302338
30331346
30313043
25878375
30331426
30297394
30318837
30293457
30307810
27938441
30329406
30293830
30313695
30343076
21277790
30358133
30322539
30298581
30305430
30328274
28697508
30307627
30291124
35336452
30302538
26150996
28544495
28510590
28488143
28529774
27644408
30255542
30287011
30275258
20913698
30344798
30301244
30347165
30354931
25448868
30349167
30292628
30342232
22965875
30292867
30374172
30322751
21784010
30328196
30285797
30289242
22476944
30328517
30321830
30322641
24168223
30362535
30360651
30300942
29020574
30293428
30316831
23608179
30345957
30303238
20532583
30340502
30290937
30326311
20406914
30928592
30241100
30331333
30272668
21824177
30346112
30330429
30362411
28472723
28454014
23652497
30303042
30234466
30286295
30314215
19231189
30323464
30244102
30226077
30287788
30505575
22225084
30307771
30241990
30281987
30335053
30227810
26796637
30360293
30259917
30309826
30285337
24639871
30290833
30250151
30262882
30360843
24144708
30319868
30304533
30245807
30268690
26554489
30528340
30247802
30261951
20777996
30330822
30312422
30259866
30280080
30288576
27378971
30326408
30261844
30413533
30334806
25664502
30279729
30286977
28834583
28450931
25213740
28526972
28422987
28474716
19631288
30207462
30177549
30144216
30161320
17982229
30298310
30206800
30150682
30212131
30204264
28465004
30128393
30135314
30176102
30157227
30159340
26111956
30201566
30203769
30208364
30159308
30167484
23501106
28427208
30139777
30195708
30221157
30144967
30177890
21287237
30223564
30223266
30163292
30222562
30156071
30132644
30147265
28928478
30174622
30196384
30108378
30138477
30175276
30155477
28271001
28414079
28396839
30183193
30099717
30190699
20411143
30207784
30169702
30179018
30160118
30201319
30137458
30157496
19777519
30170458
30199862
30198838
30192545
30191482
30774297
30195604
22956286
30199018
30199896
30214424
30156614
30186444
30166636
19817166
30161227
30205417
30169933
30163029
30165932
30144416
19657844
30189870
30160499
30169098
30139407
30150206
30174028
30192405
30117116
25309804
30188605
30186198
30342862
30192454
30162771
30162544
30178129
23923992
28398866
30112838
30102328
30123442
30100480
30153272
21382905
40719516
40626240
40846891
40245854
40341680
40331459
40337696
40206774
35339888
40793618
40249493
40326040
40314542
40382402
40279067
40212480
36598098
31805435
40728522
40870069
40343669
40307554
40337149
40352420
40238941
37997800
37299233
40823220
40307049
40249551
40287969
40325921
40324806
40266556
28181258
40461377
40385307
42291183
40344007
40906571
40348540
40326507
28644685
40433318
40373947
40304360
40334926
40331931
40222720
40281762
38458064
40814513
40358891
40347338
40303382
40324721
40355312
30864377
40761013
40329803
40243440
40280914
40297296
40490552
32051227
40675107
40349887
40389354
40364412
40313030
20757594
40558133
40474278
40362977
40498909
40387006
40272545
32815668
40801058
40361162
40220840
40315225
40379249
31783745
40737260
40274665
40342154
40259282
40281625
39186604
40796462
40320096
40378864
40291385
26156733
40427973
40367780
40306529
40307305
40320655
40510398
33798653
40822756
40287107
40298365
40368689
36567910
36180861
40292164
34409317
40820513
40414764
40357330
40363787
36147437
36514741
24955345
40425192
41076964
40378825
40309332
40328431
34688615
40254771
39799149
40645598
41185319
40260843
40358465
32244249
22150549
42644619
40642933
40285314
40301952
40314863
34375841
28196514
40415818
40389269
40359776
40317214
40007302
23440750
40589069
40495350
40273552
40300589
40315733
22738099
40475049
40537216
40305767
40298657
40434364
26180718
40365257
40355356
40281440
40389055
40406219
31356939
27735591
40445838
40316789
40265241
40240087
40346519
30431687
33899648
40854423
40337787
40262574
40377023
36446235
30237541
23369306
40538373
40475901
40235045
40313703
40267621
33589549
30246340
34678994
40831366
40293363
40357474
40316000
36060949
30267675
32188411
40855306
40308885
40246712
40407107
35873345
24814533
40479734
40415263
40333778
40264729
40272603
33097763
34641344
40845789
40334658
40305163
40315716
36082590
32257432
40709818
40362667
40338779
40352436
36672938
29299749
30313951
30227365
30289242
30258793
23748979
30326195
30298953
30302962
30225613
21256029
30335622
30308553
30322969
30261348
30311237
30093031
30321922
30302738
30331367
21721932
30325266
30339964
30913026
30306968
24278476
30348859
30317855
30316380
28450932
30759606
28431872
30258506
30272933
30242780
30243057
24547345
30265721
30238900
30272391
30231521
24223615
30281677
30285700
30278971
30265942
24851692
30308828
30271915
30269657
30271193
32140503
26184999
30270450
30265819
30261975
30272669
21805352
30326713
30298789
30229943
30278648
30345528
36290525
24098801
30278675
30277035
30292580
30255736
30977502
21648753
30339944
30296217
30305504
30247907
30288244
21362578
30281386
30296870
30263942
30280306
28518850
22098106
28475245
30283068
30316293
30232160
30303771
26225051
30314335
30259220
30283198
30302308
33228771
23222810
30233629
30112169
30133042
30110913
30095733
37435211
25953135
30146902
30101281
30118923
30171618
33442285
23751730
30201029
30133615
30106152
30167255
31938298
24627539
30151735
30139733
30132511
30123811
32541647
41138549
23536292
30817553
30178506
30157818
30169811
31657737
40412780
33092565
29768741
30239969
30873879
30256594
30260848
35127483
37703622
30237311
22941135
30236882
30264090
30263860
30254044
30784169
58373070
33847262
22242573
30270229
30204398
30190836
30247001
30233699
39100704
34977812
23912737
30133965
30211886
30208377
30262651
32193266
40236325
20215968
30288872
30225639
30247858
30198684
30196482
36849040
19387237
30299735
30245182
30235535
30249664
30222228
36293205
36711252
30191175
26428555
30215051
30242473
30216584
30235270
33857687
39702758
30253094
28150863
30253264
30258600
30508948
30421235
34514785
38447988
21826752
30241295
30225279
30244411
30203776
30219155
39293868
19496972
30279499
30258304
30212667
30234895
30216275
36575789
20930040
30362595
30278882
30269295
30348579
30294905
37374947
25070507
30381155
30324545
30323979
30290944
32830589
22321218
30326269
30304628
30299353
30311330
30268306
22571757
30337882
30314467
30289505
30409531
30343822
39963599
20655071
30415806
30348691
30323588
30314130
30338667
36979361
21719219
30420878
30394009
30360028
30374348
30343444
38568717
25850747
30431738
30393838
30434677
30389863
33431270
23102125
30368960
30332893
30287835
30259586
30942979
23178344
30263540
30270969
30269800
30289806
30990970
25821380
32306445
30263867
30299339
30212535
21300003
30324774
30298896
30277053
30291558
18312647
44828367
30298709
30304071
30267717
30323782
35509436
25919882
30286831
30922325
30286244
30262433
33293166
40017536
20528261
30330682
30314427
30271030
30274602
30339009
36923380
35811764
24944920
30272749
30298337
30298050
30338705
32746327
40777966
23098897
30311940
30303547
30254871
30262469
28825796
36482840
23937952
30299151
30282663
30255900
30263771
32142925
18201953
30304257
30286255
30217017
30327782
30241442
35383796
37264371
20403779
30321053
30295773
30291711
30267517
30880666
36447649
36408248
24278859
30332632
30295068
30286315
30274753
32276078
40107705
22709082
30341475
30249605
30330002
30307636
30787148
40067047
22698902
28547781
28474979
28469064
28482829
29808773
17772628
28548897
28465016
30283675
30242384
30286471
35422395
26115167
30276210
30230755
30291983
30230258
33437325
26230180
30329895
30240062
30369065
30287741
19189931
30329717
30282568
30269940
30266862
30310459
35935257
21085726
30361949
30328767
30308311
30270904
30266129
130393399
35659872
30283820
30159757
30282637
30254431
30242476
30274624
30285702
36359478
20086137
30334858
30294868
30303131
30304553
30241066
30885026
36237835
24759565
30316877
30266894
30336018
30272402
30247679
30208800
23407459
30294246
30267825
30272081
30209070
30214680
30345597
25010358
30322295
30252897
30283161
30221653
30246073
19779359
30328943
30253838
30321160
31408888
30288076
30286261
28710814
30321033
30254373
30288510
30298193
30259808
29563760
30280313
30249181
30299531
30395480
21288167
30285189
30279409
30264697
30274144
30261249
26608004
30242744
30252342
30254066
30258370
24358927
30271262
30297449
30291405
30298088
24714052
30303710
30307858
30306978
30315028
30256399
24958689
30362557
30313922
30254713
30241063
30247226
29718886
30257736
30315171
30244116
30292180
23456455
30306065
30278458
30232686
30260913
21430941
30301578
30308589
30321866
30257384
21404948
30274627
30273829
30274597
30293815
30289400
21714926
31148615
30286662
30266364
30269271
30292355
24585632
30333153
30346587
30359558
30308148
30312144
30299472
25555676
30387576
30308475
30344030
30328139
30248396
20104814
30352644
30323331
30300613
30273082
30321204
30338804
28051305
30613640
30280001
30358324
31943081
30303564
28419683
30928795
30296555
30352553
30345746
24251119
40248258
40130583
40066529
40124007
40078647
40169229
27508185
36580472
36649404
36554448
40121400
40058819
40114800
29581127
30308922
30343855
33402049
30262290
30291957
30270673
18307547
30420155
30282915
29797218
30340948
30310002
30295564
30313144
19318337
30350388
30336422
30295577
30320874
30302080
30323543
30277373
23347722
30336784
30308611
30246693
46179383
30297987
30299084
21352489
30336514
30337201
30311098
30272882
30323819
30330744
22402513
30315480
30266893
30311252
30262962
30269602
30276586
25093067
28463152
28429744
28430331
28482827
28780874
23347243
30339059
30292811
30291124
30262975
30298195
23336724
30313651
30238951
30262580
30252778
30247985
26126063
30506266
30269678
30240307
30339068
21903329
30298024
30277713
30319855
30281533
19591764
30295253
30278200
30289648
30282648
30316888
30218155
30282296
30269069
30296224
21780312
30324657
30218246
30274884
30282595
25154334
30340845
30316460
30285664
22451193
30384162
30348975
30329699
30543770
29967247
30285413
30322173
30326737
29653369
30282369
30309353
21292081
30398099
30336255
30312701
22305703
30361162
30303355
30316541
27188071
30414860
30296795
23913613
30362891
30308549
30325106
23218989
30335473
30303838
30340229
30342762
24019670
30364612
30349179
30326738
30322310
30342774
24104050
30322573
30314857
30296877
30362197
30300611
27090749
28526663
28487721
28479725
28510592
24679404
30338960
30328869
30296482
30313265
30260017
20580039
30320233
28580952
30306902
30333980
30321637
30309048
30289360
23164940
30357485
30345626
30294410
30303602
30328258
30262238
30263873
24746775
30318450
30297022
30319210
30308848
30347940
30321948
30311271
26105536
30396655
30295951
30314829
30832966
30351820
30338786
23332442
30303013
30301285
30317279
30231424
30294440
30312542
21926372
30286437
30913788
30288746
30271496
30304602
30238513
24247246
30284653
30296360
30261796
30255996
30262090
20944987
30350828
30334588
30273382
30332947
30274149
30290653
28039199
30166442
30157188
30184077
30131979
30182640
29838213
30184604
30181941
30166738
30210054
23654379
30229090
30151428
30200146
30192711
28384470
50337999
30173218
30147669
30229821
30182597
26338964
30199229
30130091
30174116
30155782
27933906
30159519
30183342
30223770
20752061
30203496
30152257
30159434
30201931
24606981
30190949
30202998
30161718
21682360
30213850
30179526
30198398
30140908
19758198
30236065
30153378
30167124
30218091
30158433
30149900
28538174
30161257
30153996
30174941
30180087
30147797
29578642
30134802
30181118
33135219
30460633
21897407
30165682
30156753
30226278
30190811
28354032
30112651
23168144
30201659
30170347
30209453
30181133
30213971
30189999
30159771
23552683
30216516
30127382
30189046
48145804
30127915
30115931
30159533
23064244
30200284
30164369
30191692
30170663
30991616
30165482
30189217
26266269
30209611
30177462
30176196
30206039
30154633
30161450
23363901
30823062
30195220
30162267
30169529
30172794
30208551
23506400
30163204
30148260
30211387
30173329
30198176
30144108
27855339
30285531
30238737
30271178
30249131
30247511
22389660
30287893
30298151
30235897
30278517
30258611
23072133
30360731
30298791
30269433
30263416
30278150
25018870
30335275
30318891
30287479
30249424
19753117
30323386
30262429
30248655
30287408
30309967
26456220
30287729
30321280
30273411
30311180
25790808
30284371
30251515
30293847
30291048
27986872
30301642
30291473
30279776
20947439
30284113
30264413
30307180
30293150
26408020
30341889
32245297
30247729
30288776
23087690
31875757
30251403
30291220
30182948
30282297
19117558
30333887
30289233
30300510
30291449
30264849
30224362
30278435
22661689
30243295
30263291
30298650
30283098
30251498
30225164
30258200
31459268
25541145
30274996
30291275
30328991
30257952
30254817
30253337
30245279
18575370
30363147
30255153
30251402
30293031
30286353
30295491
30277979
31483557
30616554
30340995
24672927
28507629
28484550
28447598
28461145
29879300
31092901
30291286
31660106
30354790
25655798
30308293
30305115
30325621
30240032
30277009
30257095
30279479
31927932
21458622
30353197
30334006
30271358
30649831
30268846
30314373
30293395
31452392
21161028
30306495
30274883
30323571
30277948
30247595
30260369
30235051
31495395
24997812
30311239
30264251
30284617
30264988
30249507
28456601
28471552
23629579
30312860
30261424
30262087
30211528
30260780
30230004
30313749
24651910
30300884
30262633
30286184
30255831
30274942
30312928
20415121
30315793
30269961
30284515
30281528
30296013
30259397
18675993
30365640
30234315
30251355
30281391
30292989
30260040
21971759
31170146
30271151
30257602
30262977
30275121
30259217
25507214
30340250
30224278
30312278
30239549
30281393
23279773
30316560
30262202
30304011
30217667
30308340
23848366
30339907
30261564
30277390
30302456
30302011
28080290
30271686
30299487
30245344
30254528
22923091
30363969
30266400
30315660
30260940
21334558
30326163
30300953
30294160
30317791
21635376
30294367
30364346
30250639
30246059
23840794
30304054
30312449
30246344
30256815
30264254
27647766
30400950
30387251
30418844
30370435
30439113
18329309
30438808
30390727
30351902
30404842
30361064
30353622
30364688
31609735
26849502
30397906
30415451
30431031
30387351
30392869
30355235
30628072
31852178
24995431
30437244
30349213
30400960
30412427
30417073
30409341
30377648
31962299
30319413
26514348
30370037
30351037
30368577
30400436
30377809
30345229
30462339
32009054
30399852
29697053
30385807
28584356
30381496
30370551
33704835
30382353
31260670
31347320
23808068
30417137
30377689
30414329
30441157
30609997
30378230
30416655
31582296
24187992
30429684
30382306
30414991
30364449
30403149
30348209
30408728
18946800
30421504
30466238
30351844
30367932
30408670
31232915
30417759
31635205
28034006
30401296
30356297
30348225
30367251
30367557
31007529
19148688
30401313
30391124
30349753
30373653
30387966
30386942
30418227
25139328
30403171
30378599
29248780
28539240
30370313
30375791
23969988
30427980
30407674
30390146
30398593
30427647
30407440
26370842
30332959
30413513
30405982
30402267
30389406
21702087
30454570
30388217
30377464
30380921
30403887
19913926
30410344
30393202
30411625
30416057
30395297
20957163
30415317
30394846
30367384
30393976
30405638
24143505
30398326
30382226
30420487
30434304
20405035
30219644
30157028
30116342
30162551
18076433
30209304
30212173
30176133
30180190
30167924
30175719
26649122
28382145
30003606
30180077
30229202
30180733
30113898
22274771
30143372
30189490
30147386
30272864
30157158
30203084
30206273
30153098
23120120
30186435
30168722
30175546
30179121
30197162
30185385
30183651
30185282
30153931
30205065
26006542
30174436
28350719
28300512
30123798
30171495
30128015
30189449
30171773
30184890
23615317
30160815
30204277
30113250
30140533
30218828
30124542
30150573
30169529
30143950
26530079
30167510
30086553
30116715
30130611
30106433
28338323
29949733
30136353
23550846
30157873
30128979
30101300
30124291
30164697
30120734
30110726
30138535
25174480
30120247
30122742
30126725
30139391
30114109
30113907
30165318
21069340
30171320
30136288
30106356
30123801
30167625
30147182
30112047
20298270
30129246
30176173
30132220
30126142
30142554
30105275
30145829
23186560
30122439
30076367
30122294
30115869
30108329
30094460
20060128
30199866
30161860
30111679
30159735
30096486
30095927
30118228
30127482
22032540
30143481
30095791
30094940
30095360
30115353
30132828
30152979
30112894
29294249
30127742
30113853
30166575
30106966
30128528
30101102
30094694
28905989
30169011
30102582
30157735
30070599
30166849
30082391
21293736
30227599
30693878
30148031
30096845
30135938
30119522
30096542
29692602
30089789
30096732
30039307
30098718
30122693
17729959
30165183
30122383
30116450
30139831
30070293
30101411
21755696
30171353
30115721
30124638
30196668
30135466
30107482
28126546
29963829
30137529
30147389
30098913
30101489
28434801
30151569
30157382
30143233
30132024
19492288
30171682
30117562
30153649
30127246
30105117
23602562
30151944
30126773
30129704
30144282
32132365
30086994
27789948
30126430
30151673
30125548
30152942
30162282
23393729
30113616
30094731
30093424
30120797
30156923
22767897
30097219
30108735
30108336
30106944
30113093
24367059
30128451
30133896
30177355
30098660
19111520
30168580
30158991
30127073
30121762
29408190
25756313
30077611
30072299
30126002
30166837
24962036
30132524
30113364
30111097
30125891
26423344
30178346
30137426
30122005
20256313
30205438
30119041
30136666
30136858
25349852
30190044
30150541
30145229
30182291
21921589
30193942
30181688
30142613
30145205
30165826
30181699
29358961
30135971
30197636
30169197
30132518
30136823
30144775
21271496
30166602
30128233
30140811
30068604
30102562
30199538
30145867
28389898
30178445
30176906
30186535
30144120
30203517
30168804
28045300
30133971
30137151
30121953
30124644
30135746
20411585
30167842
30112442
30092765
30130278
30176073
30134918
26248789
30173468
30143613
30149957
30148753
30151276
25174725
30154462
30124675
30151042
30177418
30127632
26687680
30185035
30128516
30139102
30155549
21068974
32605776
30278242
30254518
30238638
30214935
30223666
23574974
30265217
30265934
30241858
30233819
30209475
19818488
30256384
30219229
30208671
30244109
30266296
19050120
30286602
30252486
30240976
30268662
30254037
20448493
30252509
30240240
30244477
30275976
30271137
24169319
30193440
30130258
30152235
30133978
20945161
30806717
30150846
30129049
31314892
30209122
30176353
26709304
30149794
30194382
30135180
30123482
30122997
30171638
20853203
30315638
30251536
30211956
30181439
30193998
30253885
30247650
24532489
30353216
30230589
30210037
30229165
30182048
30233965
30237122
30217163
23441518
30271732
30232662
30247063
30277353
30291640
30184724
30207514
30210651
26479935
30264011
30218102
30210007
30237788
30194042
30188244
30265855
23263303
30238015
30232492
30233863
30222886
30228535
30206869
30209634
24115850
30290268
30279264
30261993
30254475
30248398
39687949
18431565
30358342
30321222
30305329
30300131
30281720
30334449
30308270
26471948
30412917
30369269
30410317
30364347
30376711
30335073
28787625
30416303
30366178
30381810
30419687
30390157
21730003
30407396
30456005
30385096
30428937
30423202
18547500
31035482
30455098
30382602
30377784
30439335
19550250
30480547
30404798
30411768
30381853
30372520
21777751
30457720
30360445
30380642
30382409
30378877
26568761
30399119
30351142
30407613
30421193
23903419
30422169
30429987
30450024
30379344
30407925
21226332
30302864
30826520
30300125
32311450
30293521
21298410
30349993
30394236
30271786
30349104
30324602
23451592
30319421
30283138
30300675
30315942
18092733
30369705
30313433
30327238
30366224
30321393
30280790
22637195
28540103
30106782
30309733
30313351
30286388
30294120
30356446
23291678
30301274
30341722
30277416
30311695
30272593
30316525
30295475
23549459
30292347
30330344
30334684
30334428
30297584
30267784
30283846
28658522
30392366
30702437
30366006
30362453
30345586
30365381
24661641
30421535
30405355
30346589
30432344
30394184
30368759
25361109
30400515
30371482
30407904
30349275
30415993
18694764
30432077
30389984
30367125
30406332
30377972
30374484
25657994
30372842
30364018
30338820
30352204
30381665
25070506
30397553
30278611
30325810
30306700
30342180
28012950
30375495
30285684
30293795
30317195
22161029
30377736
30344744
30348881
30306141
19110631
30308429
30343042
30287010
30305344
30294567
30284824
25639391
30295423
30260289
30304435
30302894
30295964
30278641
19533677
30360277
30282983
30258941
30313590
30285945
30242444
30250805
30250728
22541191
30400668
30246167
30264839
30257692
30284321
30280684
30252590
30298854
21180501
30924679
30294619
30267600
30291491
30302176
30302833
30397230
30283646
23606808
30263065
30337504
30301050
30266943
30255219
30271528
30269075
20604485
30245922
30266231
30230970
30250662
30271493
48822119
30281924
30264998
20671182
30330731
30238436
30278660
30258584
30241851
30277102
30251133
30222591
24502516
30310287
30296337
30305277
30302088
30216109
30265720
30254240
22716913
30323829
30333009
30316744
30252997
30294218
30273198
30268807
24338066
30280267
30265473
30223173
30321113
30295979
30252628
19690044
30329764
30260168
30249667
30373729
30278344
30285889
30263447
30283021
30294423
30243331
30255802
30264573
30287671
20391587
30429627
30345560
30298740
30281740
30322209
30245822
25282724
30298784
30279320
30265016
30362408
30219773
23360486
30294662
30239844
30271882
30237215
30298422
23778439
30307393
30325851
30285591
30232408
30304751
27819992
30302946
30320119
30275441
30305489
22899265
30305257
30295409
30339202
30250742
21321216
30358519
30281559
30312400
30220256
21662589
30281951
30328363
30252555
30296620
30273919
22138737
30299908
30313886
30266086
30301320
30271599
25139412
30276350
30252400
30278264
30270748
20921154
30278768
30303308
30280031
30287296
18435963
30334498
30269433
30279739
30255235
20530548
30237829
30226042
30167608
30170276
30175551
19480088
30233827
30185744
30202434
30174038
30090649
30142640
30193882
28956431
30183580
30184127
30185419
30117260
30210111
19387188
30190204
30757932
30289417
30204851
30183026
30167294
30208950
30182349
27778681
30210844
30170182
30224691
30170751
30225084
30159419
18626540
30172564
30156551
30179235
30187735
30166328
30129171
30108934
23847356
30150045
30159232
30168682
30204353
30162433
30145996
22588746
30185838
30143887
30138528
30114633
30229066
30148403
24253654
30022606
30138302
30175973
30158576
30177947
19595388
30235248
30191382
30162975
30154973
30120408
30170726
27712061
30230725
30150464
30186855
30177038
30153429
30133615
22457511
30175628
30197182
30178837
30159519
30129973
30176137
30185569
23255912
30169847
30173278
30123904
30141097
30160346
30120476
30178076
30123362
23631348
30227639
30208463
30182120
30150780
30221492
30165931
30164978
30209391
30262830
30364706
30437262
30663755
30381164
30359249
30395036
30384036
26737146
30399044
30364320
30373175
30379320
30432344
30447421
18721197
30415359
30395213
30365134
30347153
30309156
30424895
30364304
24375809
30453505
30365747
30427424
30381931
30330584
30380595
23469314
30394687
30410195
30473959
30407875
30362157
30332973
25794956
30382108
30346047
30372749
30395897
30417736
21134000
30435966
30383564
30401428
30404888
35110094
19235567
30435946
30371071
30390785
30395249
30397299
21085590
30406218
30435366
30652620
30398920
30393136
23455401
30431193
31010137
30404875
30356012
19662506
30457264
30375961
30364299
30367704
30379410
29615180
30396590
30387840
30379008
18119130
30507995
30425863
30392448
30485766
30379328
19176204
30334555
30337006
30310986
30268337
30288192
30307031
30342169
29804791
30267229
33197312
30291160
30313573
30335525
30298322
18636933
30385775
30337939
30298529
30315593
30302944
30303142
30307346
23633163
30318309
30298722
30329988
30272193
30327264
30294962
21151514
30309242
30303164
30303213
30267975
30311175
30301646
22291929
30357549
30363258
30253126
30298933
30287722
30279333
26415073
30318283
30358900
30365359
30311470
30596004
23271201
30389357
30293560
30311887
30273557
30359275
30335995
30300553
29798471
30329960
30358436
30299958
30321880
30301692
30413357
26039238
30319251
30283355
30309884
30277515
30325443
30259148
27911501
30296826
30293264
30326656
30609051
30310500
21727520
30371237
30300157
30283319
30331940
30602562
18657843
30357893
30384049
30319849
30329829
30328867
19336313
30317146
30318724
31103672
30334764
30311156
30299842
30256208
28829544
30294706
30286400
30325426
30309322
30329515
19577342
30365416
30320478
30272973
30301918
30348351
30343946
24567688
30390811
30299720
30612082
30274613
30353566
22595275
30313631
30267199
30883006
30261460
30291930
30288927
24683179
30315948
30334164
30281049
30281029
30318986
19732012
30353031
30313953
30309084
30377966
30256199
30277213
29245665
30335153
30358140
30319484
30416761
18194720
30315966
30291166
30280330
30254582
30298882
30224753
23424704
30345893
30286727
40094049
30243442
30340957
21448474
30288468
30263729
30279844
30270113
30286570
30258591
28565729
30296986
30254455
30295117
30199151
30319731
26406909
30247499
30285875
30288398
30247250
31486688
29592921
30259350
30268218
30252121
30289628
22104189
30141611
30208652
30230907
30239153
18358865
30188895
30155137
30144341
30086890
30121268
28746605
30195962
30207178
30165866
18226914
28426930
30162856
30123727
30121522
30188657
20623967
30192631
30203184
30133960
30152006
30165700
22064462
30211266
30179319
30155579
30137644
30170722
23385973
30209870
30141925
30195593
30115633
30147380
30187235
22929068
30191856
30132039
30158555
30102277
30124633
30171360
22562693
30202628
30155051
30194220
30153211
30153522
30145893
30117110
30159141
29408168
30170999
30173522
30180034
30196329
30151605
30148339
30147171
27934052
30173289
30164415
28419192
30161278
30171184
30140329
20546935
30156180
30182551
30208940
30184233
30161582
30138933
30207828
26742004
30118205
30172736
30194768
30155582
30194661
30161680
26569624
30153082
30191025
30204343
30453477
30164659
19567934
30183718
30194157
30165613
30121220
30190022
30201199
25690358
30133590
30140931
30193776
30111216
30170886
24265143
30224709
30154833
30169411
30159509
30181284
26126831
30178726
30124078
30168864
30182133
20410039
30331262
30317184
30273111
30252651
30324833
30288148
23314615
30193023
30155331
30144635
30162597
30198034
19337449
30223878
30136733
30202498
30166673
30174455
30127340
29612051
30098200
30114091
30146757
30100862
19675066
30177944
30149106
30079164
30170878
30179831
30138702
19748464
30166956
30150309
30115364
30097180
30084182
30113326
30092091
25719327
30141069
30175991
30098775
30101158
30199742
30131179
25464376
30115085
30435011
30114129
30139576
30117302
30108145
30134415
30194915
30155175
30131793
30100478
30109920
24179879
30170664
30169915
30158962
30110046
30154938
23127420
30139927
30143966
30166080
30184562
30124908
24239946
30277999
30259151
30216187
30228509
18042307
30243670
30240127
30197431
30238370
30250384
24939749
30162240
30104700
30144155
30098693
23726879
30173924
30158637
30811277
30144725
24941545
30323576
42049681
30205946
30225528
29790795
30219615
30237935
30230844
23288191
30286726
30188491
30201012
20483139
30305065
28433565
28419057
28418757
18534474
30083304
30205937
30230404
30217330
30282801
30252866
27958167
30200051
30226915
30191373
30232275
30432917
30012655
30432408
30389710
30428882
30388971
21847036
30416235
30428166
30329848
30379500
30381597
30371735
23953655
30368553
30434186
30413062
30338440
30342927
19517664
30476930
30389875
30408125
30428037
30325882
30386348
29221122
30323667
30375886
30390926
30333953
18514680
30444724
30436454
30400961
30368351
30374511
22515835
30411608
30398346
30459415
30331946
30396439
30375980
24598672
30396595
30410308
30424397
30410731
30368617
30361396
25655170
30447367
30395948
30384496
30402949
30444025
20097866
30425886
#end
