#729a2951|blade-2-m620|jdom@54ed0cc8b7e8deffd5e088305ca7723dc0bd963c:org.jdom2.Verifier#checkCharacterData(String)[generators@bcfe6d43107430b2604e2e34b9151742941652e0:cz.cuni.mff.spl.casestudy.generators.ParseFileGenerator('MQ==')]()
#date=May 17, 2015 2:26:57 AM
#warmup=1
#count=3793
#begin
23077356
47340962
25514541
30038917
31788273
25362974
30201502
31277702
25407978
30116542
31315543
30552678
30067006
30064070
24959802
39745283
30075887
30536163
30073996
30113355
25101695
30121914
30106412
30105258
30056253
43562592
30883733
30090355
30063737
30065273
30059092
30052998
29729725
40064656
40025576
40017577
35144584
34005539
30317420
30350782
30407884
30323096
30349153
23094884
40090922
40113740
40091865
38251217
33144300
30366573
30344556
30394842
30362328
30359775
24487364
54539236
40603342
40073868
37326036
33147240
30347457
30363644
30353968
30352079
30352236
37709482
40376090
40284228
36454034
49050105
31862910
30349391
30308062
30367477
18685239
40186264
40212365
40174694
40131423
33641600
30758934
30337460
30340568
39314818
30382137
33879211
24520684
40114325
40203056
40077076
37274060
33165303
30372477
30317462
30396725
30366804
30360542
21670038
40189821
40144243
40114636
38743737
33179392
30354487
30410911
30386878
30404053
30339260
27782801
40198187
40041376
40075574
35755097
33641804
30346596
30412658
30331953
30371308
22219498
30317599
30320115
79455030
30363925
33209005
30361221
30363697
30377633
30329504
25343830
30322404
30341367
30367277
30299735
31011026
30374571
30342257
30315393
23367282
30372532
30317584
30368713
30337193
30319138
30351306
30370742
30389401
25222349
30318635
30373395
30358519
30399284
30425253
30384705
31231763
21253108
30328504
30308896
30373534
30394163
30391842
30359465
30373827
21373312
30279197
30338607
30357548
30359356
30355800
30330835
30378754
25151451
30321273
30306880
30318542
30387395
30452890
30390237
21988752
30282917
30405888
30368293
30361144
30318907
30296569
22163441
34903395
30328573
30312487
30344460
30284569
30279171
25502489
30289242
30270324
30314047
40235571
30325493
22156485
30321153
30281476
30351757
30354955
30312745
21361627
30284751
30341364
30318695
30324426
30308317
23375177
30316533
30294503
30321463
30279774
30302197
29549575
30288733
30339351
30269611
30327076
24828879
30275479
30326984
30330257
30304955
26484929
30241395
30245644
30209644
30169740
25514062
30182504
30226801
30231742
30259668
30263624
24915981
30269353
30314405
30287617
30250659
30273621
30262583
21194167
30242322
30199168
30251938
30219455
30248030
30268102
30210523
27691337
30310764
30219329
30233200
30249734
30225593
30285133
29099770
31211273
30314337
30330113
30373386
30392578
21824345
30162113
30200544
41581602
30219662
30257768
18400780
30126762
30201442
30266735
30194677
38565742
30234376
30046078
30202815
30275508
30176746
30195734
21112332
31330232
30229104
30213506
30219409
30223700
25550205
30297692
30206727
30219079
30193958
30205056
18192500
30197521
28425883
28467238
28458000
28450925
28415606
30267207
30298389
26464417
30239838
30257146
30290944
31062971
30295793
30274858
30250597
30238673
30262410
26408913
30210048
30187479
30176426
30181438
30265705
30279038
30217699
30234462
21364077
30184446
30167450
30223393
30172940
30216011
28385850
28374160
28410189
19818539
28384025
28370734
30214752
30221928
30144531
30246810
30214462
30289264
23360324
30170134
30161237
30181057
30184597
30211785
30242057
30212778
20721689
30203242
30191734
30197835
30248124
30215364
30260275
30185718
21764951
30141122
30156678
30199998
30177011
30214439
30208056
30189037
26155044
28406818
37848253
30251413
30237739
30226147
30237703
24002059
30191502
30241118
30215785
30193245
30232686
30279265
30216002
30252291
27722301
30251419
30234653
30255742
30219760
30284165
30186473
30260460
23782318
30184973
30185400
30256064
44393134
30233277
30253829
30225584
30240771
30261816
23325526
30212580
30230822
30239771
30222398
30243264
30256184
30237069
30226959
30295684
28842445
30211824
30200184
30274499
30231389
30258713
30220867
30308402
30267367
26086496
30198675
30246928
30248120
30212745
30185414
30204090
30191949
18728174
30185350
30215093
30251462
30205919
30164760
30262773
30228926
30197560
25482087
30210728
30166651
30349646
30198858
30213859
30226682
30285217
26028222
30219679
30252186
30223667
30264846
30231544
30220636
20546492
30252581
30926670
30328577
30333493
30269867
30135400
30297342
29626961
30362095
30398341
30378537
30379782
30415731
18467933
30356516
30377315
30418155
30357040
30421448
30395517
22914853
30351094
30374828
30357533
30379835
30439462
30421751
30414254
23418019
30484258
30450920
30455122
30464701
30455924
30474566
30483912
29648420
30362240
30422462
30416747
30445233
30453897
30397571
25737476
30365053
30302633
30354593
30345532
30400555
30609818
30376815
19297812
30251079
30387754
30365033
30333176
30350080
30315016
30358091
30375710
26970469
30357442
30355077
30373069
30970760
30355807
30373214
30349010
28811772
30420144
30337813
30365169
30359788
30401024
30372135
23508479
30328018
30320999
30375354
30408657
30416691
30343038
22449599
30337649
30347798
30386608
30380335
30372940
30576220
23952141
30330134
30284291
30384880
30353600
30285182
30301360
26309545
30315178
30274032
30323212
30309953
30295700
23742046
30281738
36328631
30318427
30386259
30331177
23884026
30321877
30311786
30371113
30363071
30361065
26539187
30324701
30346122
30383301
30377868
22009315
30316980
30312552
30377384
30375430
20351214
30350823
30342313
30324770
30613712
21217996
30292327
30351933
30388478
30371173
23868279
30217189
30234617
30262287
30285004
26211871
30232825
30277366
30283971
23538371
30201864
30192950
30283986
23671340
30212376
30234929
30238291
30265720
20920243
30187594
30195975
30316707
30287822
30261939
21823851
30230799
32183930
30256704
30273812
30279678
30302079
30252975
26738207
30170538
30234689
30228369
30226876
30228882
30209729
30206482
20026117
30157355
30175262
30273800
30217314
30396884
30168913
30212081
30273573
30232693
30252110
25154587
30184726
30201360
30249430
30224571
30207122
30240474
30213216
30249622
30287934
30156676
26701851
30265203
30207611
30231482
30252378
30274299
30237915
30255349
30270946
30234242
23411224
30220850
30197620
30207058
30212075
30225804
30204715
30201029
30237346
30226480
24771926
30278253
30301611
30302486
30363218
32337279
30244097
30313997
30348140
20836489
30262224
30218182
30333650
30303455
30351426
30356292
30295702
30341133
21513794
30286408
30273122
30301893
30295946
30302871
30366872
30331781
30323742
25608521
30304506
30320198
30330956
30275477
30289615
30325174
30321482
23763881
30253198
30251684
30310884
30333511
30290104
30339715
30341151
26119587
30295989
30325880
30299262
30345603
30281546
30288231
21895881
30308668
30300581
30327076
30325893
30288542
30302784
21102810
30256453
30264824
30264113
30310131
30360561
30278835
23187709
30271731
30251855
30334315
30311578
30277789
30313377
30106258
30256724
30371034
30288597
30319744
30323655
26482700
30332714
30337771
30326804
30335133
30285771
28397805
30316926
30318513
30333880
30300109
21049173
30262626
30249928
30301497
30302004
30299245
27023732
30304879
30282655
30288444
30349327
25160488
30281729
30247878
30303466
30282964
25865756
30287057
30317764
30329286
18566349
30245944
30322560
30360253
31179301
30319060
22113909
30383377
30270460
30278295
30301621
30298064
30272687
23674610
30259538
30344447
30353500
30283620
30359298
18691286
30247922
30296748
30777707
30264831
30334628
30291812
26723333
30294563
30901749
30303987
30308566
30348462
28545389
30323393
30304601
30361627
49443250
20972045
30258773
30273446
30264472
30371214
30302527
26585142
30278053
30338666
30286827
30306269
24727309
30253261
30327007
30261491
30324341
25310467
30512886
30284328
30371064
30347779
29085785
30289319
30325237
30293815
22311478
30255224
30301809
30300408
30268286
30314897
29339852
30254784
30308504
30302587
30343866
25707836
30328917
30274922
30896484
30302873
25888142
30272075
30338142
30334846
30324595
29926942
31255305
30342114
30358756
22600715
30297524
30281929
30297955
18879953
30210495
30582412
30288909
30275501
30288490
26586749
30383533
30639057
31304461
30435282
30398944
23529175
30379533
30354311
30416123
30422581
30388858
30416708
30398920
30064367
30358502
30445576
30389266
30460862
30364324
30357493
26344289
30504149
30453229
30481137
30487277
30450673
30504103
28754917
30502632
30466200
30491909
30456401
30464248
22059296
30429866
30479167
30553499
30454935
30420455
19012185
30385878
30473682
30465659
30462045
30497455
19152200
30463899
30435402
30445166
30419125
30738502
30471767
30470185
27604798
30549656
28694665
28603645
30482393
30504595
30527886
30284369
30428731
30487576
30486966
30463630
31329855
22779966
30396917
30383756
30410950
30414859
30386286
20483120
30378982
30367199
30402433
30409729
30393702
20522436
30337292
30336408
30383344
30365304
30418444
31335997
30390928
30384473
30446677
30396036
30402464
29743807
30414173
30491760
30471211
30369036
25670587
30340775
30413933
30423066
30447591
25560509
30363568
38236929
30415955
30433348
29043447
30165497
30178066
30408595
21989155
30364952
30400493
30383584
30403320
29633785
30346015
30376766
30345608
30992563
25213277
30313710
30666044
30350079
30361322
24822867
30357453
30381006
30366424
30365821
26703557
30390566
30367996
30362115
31178057
18684847
30283114
31218215
30352615
30347281
30394233
30375824
19748168
30336971
30373382
30362048
30372447
30348531
30321522
30335202
30398369
33370970
39827878
39924453
39801914
39811087
39842174
39987881
39820591
23342797
39869621
39783014
39850183
39958172
39919112
39894976
39901440
39815788
36405531
39851596
39936105
39851965
39954849
39902979
39807231
21742278
39917153
39855234
39774599
40058979
39980925
40019969
39908756
29047399
39829765
39792220
39941520
39840465
39882675
39877283
26646451
39929652
39952919
39895706
39820963
39875727
39959889
29205743
39828027
39829837
39887819
39793069
39939479
39934128
39188725
39814987
39785394
39932029
39817019
40069337
33088095
39809514
39839737
39849919
39817243
39944760
33154236
39947203
39846393
39933375
39816465
22253186
40055235
39841159
39779640
40079809
40023687
30503587
39889310
39808458
39867491
39883101
27760009
39899499
39962827
39964545
39916554
27909768
39926121
39868758
39897690
39855472
31273589
39821638
39862789
39819483
22572391
39948253
39956796
39802317
40029086
32387078
39867989
40033676
39859290
29114034
39838590
39825923
39889140
29215294
39878543
39859445
39856942
39793120
32290545
39888854
39914423
39819474
39948233
40007292
38207955
39943880
39821887
40426207
39931429
40007367
21382490
39991527
40330632
39886686
40089745
39976441
40095074
39859118
39807750
32207806
39834072
39925496
39927360
39884223
40025854
39852374
39872565
33496610
39865777
39833797
39831112
39828165
39841994
39869121
24709923
39830765
39990085
39926323
39983497
39989058
39882772
39808139
39153623
39862272
41829299
39974604
39882903
39976454
22526942
40024874
39843614
39852463
40176376
39907770
40029414
29062121
39772734
39811445
39921347
39873094
39973989
25345956
39892927
39828112
39858533
39958040
39943289
25035543
39937056
39837121
39958836
39959896
39868825
28132705
39816725
39854809
39840383
39931936
39923556
38006206
39901160
39752148
39967545
39913008
32052360
39919955
39782225
39807669
39905992
31394183
39897320
39826859
39987266
39821390
34678282
39828961
39886834
39835414
21086899
30192049
30186489
30203578
30246544
26743154
30487322
30267479
30196440
24508250
30174514
30861917
30205818
30231868
23979113
30233153
30190488
30236478
30227172
30216211
23238604
30435564
30210911
30208686
30209693
30262776
30196772
20698626
30224608
30250819
30244651
30209284
30860128
30199172
30244733
29029711
30171840
30216404
30198649
30219846
30207840
30246389
29865242
28393150
30268135
30226968
30246868
30222965
22051671
30212098
30332622
30367953
30317144
30391628
30307775
30184369
30282585
30328999
30319415
30353229
30299008
29027632
30309277
30336208
30285784
30336197
19872791
30285537
30299913
30268273
30304824
30302314
24297472
30315310
30323940
30349043
30288774
21504743
30279602
30312731
30328108
30256221
21148145
30297047
30268184
30250824
30296306
30287338
20353327
30236215
30178526
30181123
30204222
30231235
29871549
30037433
27509198
30247804
30247455
30210159
30265580
30223111
30262591
30201099
26431760
30870318
30290728
30195305
30187779
30228480
30214242
19917236
30159955
30200816
30206786
30248211
30200224
30279580
30228222
26138653
30219686
30205729
30195251
30891271
30241857
30210264
26068473
30202115
30232493
30242075
30247537
30246591
19496711
30153722
30213275
30228713
30214316
30214533
30213760
25354723
30272213
30284281
31117439
30362644
30315344
24249039
28555043
30247439
30403673
30368681
30426561
26072264
30399534
30454250
30472599
30483286
20502296
30482835
30437340
30473842
30460760
30468515
30485831
23230339
30461369
30489138
30486061
30483618
30442449
30456351
19614042
30394231
30394391
30427551
30503324
30490285
30512230
30500330
25571365
30434448
38547404
30439498
30427368
30533039
30448590
30408182
30447884
27259893
30434447
30478146
30452049
30452010
30459808
30519416
30468397
22590167
28670050
28587263
30526441
30499526
30492402
30443779
30458275
30420935
24858790
30441906
30462857
30491673
30503632
30458013
30447611
30435762
21528380
30439251
30451182
30472036
30422848
30453253
30438113
30490764
21773600
30492649
30493477
30467806
30512234
30520429
31097845
30433704
25805838
30498293
30425984
30478210
30767571
30465420
30485426
23341617
30423571
30441911
30489806
30482455
30476471
30418373
23744939
30476025
30440664
31311964
30441709
28655165
28658831
27617287
30437609
30490625
30487224
30470049
30500653
24517143
30422095
30474826
30462838
30508224
30472269
24046273
30431139
30502648
30436464
30464506
30512098
26508626
30512177
30473187
30467958
30458580
30471308
30504403
28018319
30481911
30501618
30467435
30472871
30469645
21272773
30414059
30441060
30466784
30428668
30506839
30480702
29570122
30307902
30366431
30347653
30373320
30399831
28837711
30356758
30365924
30405467
30391509
20015023
30346813
30353557
30365176
30351255
30427233
24675419
30381942
30424352
30356399
30388970
22136178
30378053
30343273
30463259
30405333
21721051
30334313
30389169
30420686
30379207
30412582
21317394
30352960
30398555
30387250
30385579
30442398
23779053
30336875
30334864
30414626
30397798
30369842
29415120
30329093
30414693
30353544
30460382
24144982
28548074
28545054
28544925
28548954
24788402
30415886
28589203
28602629
30224233
26389417
30382194
31077079
28588586
20637225
30312153
30293102
30352309
30391042
25855422
30358996
30306246
30344124
23537637
30338197
30445680
30378042
22423103
30313951
30342608
30346659
30349842
23456358
30318206
30336622
30374290
30359335
30372622
25101195
30400562
30358447
30384586
30375560
30373152
30362555
24782329
30340391
30352538
30380373
30323276
30374242
30361666
24630852
30345486
30305980
30315895
30329218
30355825
30348333
28759838
30196582
30263250
30250260
30287595
30256022
23342284
30196936
30245557
30229124
30268076
30240791
22326262
30262811
30188278
30240583
30298390
30247892
23593550
30291788
30215342
30305219
30264095
30274829
30230913
23361801
30257058
30241588
30274515
30247973
30247700
30203057
26568991
30277533
30236840
30262208
30270104
30250644
22574153
30200371
30227106
30290915
30217708
30256302
21445916
30185560
30228598
30251456
30272894
30247600
30197566
30237815
29689922
30253893
30334396
30327060
30322362
28473551
30120607
29578502
30242938
30290692
30337745
30324174
30300799
21156248
30274855
30296431
30270457
30315572
30327936
30326546
27478311
30224372
30232814
30198791
30242491
30221113
25903631
30268101
30217415
30223593
30216149
30245769
28889927
31019968
30216444
30238711
30273786
22005340
30179571
30213650
30293022
30231057
17907668
30154545
30199640
30205986
30233534
30239484
30222332
24240775
30222363
30207464
30233477
30270889
30265019
30218482
18988576
28321652
29782300
30230047
30276541
30202789
30208815
30531617
22506068
30209484
30813853
30219029
30271502
30237483
30484976
33956477
25817404
30192090
30240205
30254835
30238420
30227610
30259969
30179149
30213933
23463766
30178408
30183695
30237753
30225640
30203982
30195211
30193527
30061411
21758502
30171986
30129392
30192469
30185826
30190704
30185893
30468495
30102551
23632270
30158922
30121037
30147178
30214837
30226599
30235572
30127248
20299136
30158678
30148885
30192251
30196688
30179264
30232509
30216874
20475621
30135949
30171757
30247927
30196964
30112274
30183755
30153929
23612846
30128805
30173062
30244323
30248673
30232488
30299320
21185050
30218684
30184515
30266057
30243475
30190307
30219240
21585931
30211026
30212244
30223494
30222000
30200139
30223123
24975927
30153251
30242094
30209906
30217354
30267391
21600882
30182368
30235170
30230037
30228684
30243709
21256972
30206815
30179009
30226237
30235409
28399025
28433589
28401616
28293498
28480793
29958336
30306742
30355267
30293464
18693091
30221098
30275507
30333415
30350300
30324888
30306862
22487400
30324777
30258607
30300013
30341355
30340486
19298060
30308758
30423828
30369151
30432584
30026925
30412393
30370257
22970527
30398373
30377164
30344635
30424473
30358009
30409682
30395611
30919935
22030669
30400984
30388089
30398566
30392115
31285948
30350080
30395493
30347324
24996456
30328628
30372294
30403166
30436471
30428260
30407437
31209252
23297502
30384769
30385066
30399774
30464098
30422506
30387428
30408935
23552837
30347306
30379850
30443675
30398749
30381899
30619008
30452979
27130826
30430479
30396284
35287803
30390231
30350407
30376400
24130988
30357546
30370629
30414249
30376602
30425596
30384626
25290332
30357606
30394086
30376078
30397726
30145580
20375250
30330840
30370941
30389006
30410669
30394640
30402559
26458624
30370776
30368200
30386677
31016106
30404161
26292817
30416102
30406411
30389642
30401094
18863391
32331347
30357408
30393642
30363124
30458279
23688433
30341751
30389155
30388447
30391155
30390889
30406173
29788460
30327435
30428273
30388852
30433924
30402693
24998237
30384731
30403459
30368048
30372306
30414762
24864374
30351824
30366435
30388773
30386504
30406342
28398440
30401884
30403324
30414011
30382377
30371168
30422097
30235927
30383711
30424828
30368279
30361777
30431582
22533547
30359006
30407102
30418713
30402767
30400553
30425073
30371691
23396604
30341006
30356766
30368468
30394868
30390989
30391309
30397622
48181220
23388999
30384075
30390615
30394513
30415924
30392593
30361638
30373148
30366862
18500894
30330884
30363480
30430750
30429948
30425873
30377185
30377611
30307005
48104205
23602437
30392200
30369782
30362880
30402340
30407645
30380247
30419483
30297094
23238982
30357773
28552287
30992524
28614697
28550468
28623828
30453744
30332559
27485449
30392355
30377593
30387368
30388551
30442761
30404273
30366777
24175027
29153865
28580446
28567766
30408202
30405138
30431529
30389288
25593851
30373044
30462946
30404630
30349183
30414655
30399344
20733293
30378189
30357055
30421448
30396864
30376155
30381833
19016606
30319246
30348202
30363760
30389484
30409448
30423378
20757910
30331094
30379226
30365026
30385215
30380446
30420780
25023485
28506015
28590194
30193084
30388144
30347731
21824712
28397583
30020924
30221824
30266306
30235691
23016519
30344138
30300184
30302039
30336943
30297253
25933972
30291856
30334397
30295000
30280535
21461605
30260181
30271357
30330904
30301717
19403253
30271204
30292301
30292127
30362273
20657934
30229840
30279404
30324615
30292975
30341146
19662248
30282859
30300179
30306155
30273341
30282030
30304273
30302204
29158838
30297151
30315562
30271113
30381675
30324735
19215931
30227389
30265650
30367380
30338328
30307397
30294559
23576408
30223955
30267762
30342095
30283664
30392669
21447214
30253470
30272033
30316011
30383777
30333533
21625260
30284493
30296588
30313771
30308375
30349607
30244684
19680949
30334442
30383971
30427884
30424973
30393136
30409121
21561689
30391843
30348791
30353953
30418320
30385664
30407059
25792285
30283646
30275719
30298457
30335331
30377953
23441093
30292031
30309179
30307348
29567320
30092795
23398511
30304380
30272797
30300634
30380591
30281860
26564650
30293328
30325064
30302704
30329186
30346055
30291180
29757798
30271964
30331580
30302800
30345228
30328655
22925675
30258001
30282249
30927251
30354515
30311615
20611134
30274218
30296735
30300413
30311593
30296231
20782813
30253787
30290544
30276604
30317006
30400111
23500618
30333442
30284920
30321942
30292685
19353980
30327509
30374813
30384982
30385504
30426775
27486792
30460855
30416119
30388987
30392353
30428825
24394199
30383595
30407077
30404295
30421233
30355017
30384322
19440288
30298435
30316880
30315971
30354880
30362198
30268538
30307026
30281543
19252264
30284491
30330728
30294433
30358929
30301818
30336042
30334124
30271704
18024063
30246231
30289289
30326717
30305316
30292685
30331908
30266267
30311693
30225740
28991152
30282616
30278108
30344782
30372907
30305060
30305429
30228125
21288439
30330275
30268547
30302265
28534616
30285145
30323695
30323102
17961940
30331389
30389224
30425884
30392338
30440373
30383835
30409642
19449732
30360610
30366433
30398489
30381350
30338502
30363437
30404248
30327178
30326847
24843685
30375246
30378970
30428704
30393841
30456859
30400079
30361428
30350831
24609303
30370504
30377027
30326815
30400404
30392653
30379815
30350824
18263416
30420431
30435176
30481670
30450736
30477647
30448877
30458391
30392818
26412975
30674460
30428682
30198062
30294578
31037807
30447724
30414319
29677155
30434073
30495486
30464604
30459167
30466819
30472836
23157973
30357070
30394057
30359860
30422588
31048848
30387007
21808914
30361446
30360460
30374966
30395227
30388326
30358035
23277739
30375530
30391033
30352473
30439728
30391670
30412647
30383850
21811505
30387637
30322422
30384640
30456417
30368718
30378575
30383629
23351275
30455389
30439527
30485398
30519949
30466667
30520337
30453150
30450518
19765871
30435387
30409837
30493641
30481644
30475073
30475543
30469802
30389290
20565670
30455575
30424147
30519746
30495939
30514073
30463755
30490629
30354484
24937965
30428529
30466796
30523495
30454285
30531106
30452006
30466820
23495272
30377604
30325885
30422880
30406352
30415637
30350706
30412976
25922358
30406520
30355117
30430702
30394362
30385660
30397227
21936980
30414319
30429306
30485254
30485902
30470075
30442165
21142705
30460909
30459862
30468948
28604643
30486115
30435522
23248921
30454483
30463538
30471660
30439589
30477911
18606940
30421948
30450051
30485955
30441509
30493002
32661336
27755319
30452582
30512433
30426285
30513191
30428995
29876805
30384183
30430891
30432978
30410995
21902207
30349226
30378853
30404933
30402969
30387044
29699634
30360821
30403726
30364073
30399618
26430160
30418538
30401124
30365376
30405697
27920061
30397764
30393008
30452653
20250916
30336960
30359297
30396285
30440314
24948799
30369262
30385984
30399250
21846820
30374536
30422464
30408926
20463047
30356373
30392113
30392144
30420385
20856399
30353618
30382184
30378835
30435089
30408817
21892802
30180853
30222547
30279224
30219600
30228629
30278535
20247584
30203138
30222822
30229460
30238651
30300447
30245147
30192856
30188233
26232638
30273434
30270319
30234218
30256644
30293402
30543564
30253329
26919368
30241744
30241535
30228313
30236586
30282512
30227091
21748003
30208953
30230410
30267975
30282104
30256044
30266413
18618008
30181582
30249921
30267856
30248511
30922277
30244562
21790547
30182733
30233169
30261153
30234733
30227778
30251433
23556606
30215360
30223511
30282271
30242991
30229595
20977156
30228579
30190033
30237920
30221990
30258204
20406796
30204649
30225413
30249605
30254055
30242557
22822473
30221655
30229624
30251042
30293935
30302950
28382899
30227989
30238251
30253271
30257882
24554123
34376166
30181647
30266209
30218766
24250768
30231037
30265942
30271933
30253293
26320799
30253355
30244073
30288606
20294972
30187308
30207722
30217415
30264420
25907118
30269611
30206676
30253124
23686988
30196304
30221471
30218441
23182049
30208131
30219576
30269016
30270732
24377552
30200508
30237319
30272035
30263268
29498066
30154393
30274177
30260857
23758581
30219728
30227309
31843341
21720899
30223618
30207387
30201285
20277596
28445580
30196893
30232580
22570024
30225930
30262956
30259131
30233826
23625111
30213362
30233731
30215884
19983026
30228712
30190905
30280890
32254878
30219540
25140525
30285427
30225708
30225388
30268886
23859010
30196042
30873515
30233926
30276435
24055021
30255960
30308189
30277942
30232547
27815924
30276486
30291842
30269273
22772573
30361428
30352158
30440682
18373713
30328565
30360124
30356431
31256475
30406116
26925739
30355452
30400478
30353388
30370905
30410675
24411605
28487954
28523768
28493099
28530060
28542898
20278208
30357375
30282497
30325706
30397453
30380914
30396244
25192561
30362646
30302631
30351042
30398743
30394327
30333153
30293533
28906848
30328024
30335809
30313401
30386266
30350095
30316984
23344598
30326236
30333111
30305840
30383118
30377620
30348307
30342102
27642458
30385386
30372308
30378744
30382149
30333562
30291191
23994932
30293939
30353424
30322550
30370769
30369209
30352177
24473303
32338525
28516561
29123411
30363766
30329237
30345233
29805281
30330804
30374922
30372844
30359494
30391097
24419446
30341758
30342803
30361290
30314475
30350544
23685335
30384938
30267033
30329432
30342441
30403746
25835007
30280898
30323678
30421973
30405585
20574945
30331904
30337884
30379246
30405444
30427960
30490138
23722984
30372735
30367599
30391917
30392389
30430100
30387770
22411649
30336299
30331271
30348484
30389797
30352720
30384939
23907013
30327128
30285193
30313197
30362663
30361249
19091315
30361117
30344438
30368187
30416687
30347081
30345153
26323817
30292840
30269051
30264015
30248658
30253284
26770824
30215179
30206164
30255504
30268650
20269541
30273250
30235164
30319676
30220926
30255716
30267144
21626737
30218911
30210735
30243099
30195209
30237824
30230346
30189093
25519391
30221260
30183980
30266685
30215472
30240662
30232459
19714799
30268550
30183815
30214959
30218529
30264302
30222193
30196904
30183151
30143872
30134597
30242220
30199287
30226051
30247600
30207864
30185531
30160769
21519138
30231220
30283268
30234203
30258855
30238786
30228897
30182514
18093496
30166142
30160627
30828682
30257670
30208869
30206335
30210611
20186295
30176759
30231584
30202710
30230202
30239825
30215576
30216438
23544715
30211904
30216351
30195624
30230173
30204124
30254873
21652765
30212750
30222324
30238009
30236723
32240463
30246455
22690359
29631415
30034836
30228359
30240826
30238844
30223851
26946595
30160518
30259271
30240757
30230682
30278437
23756971
30197882
30168625
30246837
30246347
30238917
23749844
30188526
30180558
30290784
30222702
30244317
26560289
30264362
30239582
30212313
30217988
21836694
30206967
30224222
30276650
30241607
30241502
30232079
25925587
30166138
30474797
30230881
30236684
30284928
30245606
30144427
27183181
30223122
30252295
30218411
30246079
30243646
30242519
21828744
28444119
30052260
30199240
30199399
30219169
30181055
19716173
30465181
30168235
30182179
30213468
30194053
30295864
21043994
30218249
30251977
30244551
30263226
30221857
30213453
25165452
30170162
30235563
30236967
30288025
30269747
22604520
30174431
30471878
30231929
30233807
30286278
22725287
30152958
30275100
30200774
30280135
30234091
25243156
30178373
30239311
30251771
30219142
20854581
30207091
30175816
30228493
30257466
30232156
29875666
30227858
30237077
30221964
30226842
29691527
30189158
30224275
30242324
20618352
30208284
30182942
30200193
30220652
24176799
30195742
30236782
30198180
30233309
19426670
52058500
30279371
30259444
30220262
30223985
30257753
23243299
30246384
30826648
30256350
30234931
30203310
30227444
20827647
30217469
30200582
30211358
30229983
30249628
30260431
30182025
30518949
30179615
30246132
30221764
30231677
30319268
18545420
30162913
30194273
30246678
30253802
30222239
32299416
21747338
28414252
28405089
28433401
28429026
28834729
19518714
30185975
30188997
39955276
30230626
30196127
18665744
30220887
30227104
30190688
30209366
30288664
21279593
30170313
30188926
30197847
30189642
30252296
30222676
21875498
30264823
30294411
30292027
30348262
30318491
30339157
25543732
30300896
30289093
30337445
30358884
30289110
22410184
30331524
30283235
30348478
30356440
30278950
22137862
30297298
30291957
30307302
30304128
30303838
24015326
30290623
30341903
30295539
30256653
18994055
30261240
30303955
30349690
30332175
30296862
26211738
30292505
30353953
30318275
32324165
25650870
30294162
30277696
30311213
30342269
28409445
30321185
30368033
30320040
21315367
30228432
30311477
30343639
30351667
30409951
25738245
30328077
30890913
30320641
30309313
30300371
19147563
30256461
30315535
30271677
30301840
30309763
30314911
45905266
24178094
30311224
30272327
30311899
30312637
30347208
30315923
30222508
24328503
28478943
28757256
28518892
28440098
28531825
28525863
28511284
27952670
28516568
28517487
30311033
30307304
30304389
30259048
25162694
30317093
30262249
30340715
30329864
30348653
30308365
25592530
30262022
30380551
30324848
30263049
30310713
19210010
30255191
30322302
30333911
30291534
30313520
30284081
25725085
30407491
30346340
30345625
30267002
30334888
24992465
30290258
30323424
30294993
30321800
30279362
27740090
30372204
30398434
30424868
30388004
26524306
39978185
39871311
40129042
39930085
39928852
39888416
32205747
39993909
39855169
39931037
39846999
39925210
26738438
39934977
39890441
39884024
39857827
39897650
25392784
39871172
39849136
39934267
39980383
39938220
27574099
36337672
36249411
36355416
36267033
36358310
37901357
39849261
39790565
39967932
39923598
40705058
25931669
39869677
39943629
39935468
39895256
40040170
39884379
26179753
39825349
39815672
39866796
40062674
39861863
39871792
39948309
26099741
39918292
39788937
39878107
39850800
39833176
39903961
39865661
26613543
39944578
39800719
39890627
39921540
41021625
40005976
39565209
31854081
30230589
32772236
40342028
39825631
39811450
39791285
39816358
39927597
35682149
31682952
30674155
39939177
39860534
39883435
39863066
39948130
40795403
36607650
31650292
36222098
39802381
39902969
39860030
39932065
39926140
39981789
35043903
29007619
39897901
39838652
39894070
39795837
39919117
39796067
36904191
30327382
39878330
48190601
39768862
39904691
40000443
39907767
19948239
40021294
39960470
39799708
40528662
39870851
39925905
40128494
33970720
39788278
39889260
39777234
39885306
40030907
40175476
37972001
39961863
39909660
39881990
39899152
40029489
23278813
30220956
30213438
30243731
30280920
30230887
21054843
30124625
30175710
30214099
30232737
30219220
20957074
30197507
30250091
30188459
30455333
30186580
23477446
30157615
30149133
30155863
30228600
30297852
30277808
23657535
30147676
30192262
30242722
30227727
30195560
30224646
26710984
30231766
30245537
30228568
30219656
46703589
24544404
30208204
30228208
30189976
30196844
30234448
24276960
30171929
30124689
30179824
31054404
30253813
30242667
22721816
30142618
30204169
30182202
30231302
30226870
30155465
30184533
38185733
25725831
30226351
30176284
30181227
30215708
30224355
30192283
34316331
25182062
30230234
30196180
30205560
30222504
30182256
28383946
30765369
25526576
28384468
28428788
30190322
30214789
30254302
30205660
23873297
30205118
30217729
30230354
30240575
30288157
30245923
23575928
30330661
30337395
30312233
30330968
30320146
30292746
25021532
30287695
30275866
30328245
30279062
30319424
19914323
30279584
30217802
30312851
30297238
30313916
30335869
30208442
23681995
30266033
30280337
30284246
30313698
30305208
30325686
30290442
20305221
30260401
30286322
30324673
30324675
30294486
30522660
30277666
30274933
30963295
26866391
30326378
30299673
30286553
30333486
30340372
30298318
30270639
30675939
23753208
30263119
30290086
30317344
30348288
30349024
30325633
30330515
30769572
25281512
30330973
30318088
30349629
30318620
30333609
30356029
30279675
20871397
30326628
30398571
30363730
30392335
30386695
30405957
30390913
20698116
30335660
30363109
30416682
30424909
30654150
30403684
30420864
23259673
30474929
30424700
30450700
30470699
30445645
30468709
19860901
30411308
30456534
30492493
30474321
30472077
30449602
30457455
30474902
21617606
30440580
30447123
30500609
30483293
30470971
30448749
30495304
30798231
30854918
30557319
25847548
30484926
38029292
30507350
30465680
30475790
30509827
30433258
30855520
30566029
24811959
30426835
30443555
30458873
30472896
30542515
32497721
30449195
30855446
18358098
30431989
30417384
36217736
30464882
30430957
30467996
30444104
30455890
30806355
26996233
30449918
30486989
30493980
30488084
30491293
30466074
30439385
19449917
30409982
30409944
30445811
40076994
30501759
30498733
30458188
30465754
25929400
30464824
30485641
30457984
30478784
30539931
30480411
30445773
26220651
30759584
30482453
30449446
30449393
30487056
30449012
20372601
30419302
30422431
30522078
30468594
30502603
30487771
30437802
31056942
18492102
30437150
30501973
30462252
30459841
30485457
30534948
30444904
30459827
21909198
30409341
30463617
30544281
30488166
30466108
30476391
30390753
18146367
30397026
30433444
30476177
30480331
30481977
30490154
30441162
31075711
30827782
19161902
30386348
30441693
30467386
30453676
28659664
28646307
28616163
30459673
30812975
23710212
30503366
30442907
30485108
30498094
30493872
30458200
30535398
30840748
23097696
28605008
28595558
28700065
28651270
28638292
28655312
30455479
30905001
26576695
30448899
30444144
30499893
30456308
30482286
30489204
30466693
23750786
30432138
30427516
30450114
30455480
30497273
30470448
30468400
25224856
30502764
30508106
30481872
30476644
30489755
30456733
20365564
30404004
30469864
30456274
30454653
30478688
30484868
30457564
30468431
19914563
30425129
30419479
30447697
30496844
30404675
30443910
30417491
30475008
23580063
30431686
30465412
30465740
30483809
30504391
30458968
30460227
21712136
30424119
30442239
30526133
30448770
30484164
30461111
30426346
23330263
30455774
30443264
30490867
30486888
30565075
30467048
30441553
30381160
30456416
30510486
31125000
30468442
30516293
30421962
27174530
30478542
30476920
30493919
30501849
30500418
18592036
30385806
30455935
30464564
30440329
30491719
30442024
23440573
30467238
30472128
30462187
30423799
30486195
21512581
30386178
30460393
30452808
30453489
30506644
21983460
30431568
30417848
30485629
30477318
30520640
25096390
30435133
30443730
30460508
30464687
20719952
30494246
30434184
30468066
30490546
#end
