#729a2951|blade-2-m620|jdom@54ed0cc8b7e8deffd5e088305ca7723dc0bd963c:org.jdom2.Verifier#checkCharacterData(String)[generators@bcfe6d43107430b2604e2e34b9151742941652e0:cz.cuni.mff.spl.casestudy.generators.ParseFileGenerator('MQ==')]()
#date=May 18, 2015 5:35:42 AM
#warmup=1
#count=3780
#begin
27596839
52410089
30944510
34891793
34563775
24220435
35216977
36043923
31039902
34974952
36162964
35296579
30232902
30188244
30933206
34927675
36129409
35265108
30266460
30186910
31028595
34823106
36083443
35251499
30219518
30140431
31134191
30157609
30165368
30151949
30204365
30202580
31105528
34784908
30186826
30223624
30142990
30145828
31169812
30156967
30188898
30195013
30141418
30215759
31526588
34697679
30501071
30209869
30183313
30148028
31156621
30132188
30215005
30192214
30234000
30175724
31108853
30193880
30205046
30153131
40002865
30645482
30293431
30238584
30209653
30207517
30172168
30180158
30188651
30173801
30129757
30184382
30163957
30201213
24153459
39558410
30195333
30282897
30241010
30227724
30206293
30444689
30136610
30169704
30236067
30199764
30233730
30202398
31128013
31264290
30521633
35247802
30244021
30265857
30169780
30218344
30157205
30159895
30191485
30138553
30268328
30149709
30149868
30181902
31579550
26947126
30111482
28427469
28426529
28389774
30155198
30175769
30132210
30187415
30109657
30093793
30122059
30214622
30150229
25747367
30169484
30169840
30156188
39587534
30076071
30125282
30145864
30195026
30207797
28337519
30101642
30163690
26134838
40096616
40112725
39960774
40128851
39964867
40025527
39953113
40062323
36336379
36341707
39325266
40081811
29322440
40366813
40293054
39875623
40086565
40004102
39914554
39974424
39994267
40013238
48901964
39924685
27130375
40122294
40047140
39953079
40027972
39990391
40066392
40100828
40039536
39950892
40007082
40052536
33479389
40184439
39971923
40031766
40071678
40168363
39988548
40005498
40075348
39939208
40003250
32810505
40263092
39909770
39990007
40035316
40079411
39976098
40007707
40179330
40064458
24824320
40159129
40269639
39990643
40090834
39999182
39988169
39988980
39951743
40090941
23996366
40224721
40224748
39841563
39943881
40055885
39983110
39954757
39967746
39907757
30204831
40367083
40315431
39878805
39991489
39968665
39923660
39954519
39983943
28006244
40045278
49421431
39966461
40004885
39950798
39979527
39968036
39959687
32897339
40247754
39898418
39869648
40138280
39905784
39895251
39907147
27871421
39974021
40208580
39931865
39989116
39917717
39996247
40011280
29431755
40008164
40346737
39891083
38853748
36001183
33843535
40011559
37555689
40270060
39877198
40041934
39017759
32626031
30231337
32121737
40432865
39983529
39839034
39246364
34473781
30354377
33983324
40342174
40089883
40064485
39218970
33683847
24223663
40339411
40329863
41010120
40171807
37325738
30219400
36395258
40343764
40021007
40057803
39143645
32763484
35638392
40304460
39949971
40085700
39119207
23242893
40467925
40492826
40007774
39916222
38189922
31115802
40577793
40432461
40072294
39290683
26951266
40121033
40203453
40577549
39150385
26486160
40236647
40208017
40079848
39260044
27068480
36978542
36934431
36438514
39107356
34304811
56616648
36460866
39601587
23824317
30097789
34313239
40144434
22984909
30122027
30084638
32505125
21207230
30126996
30149142
30087528
24631405
31730286
30136078
30098373
25644949
30132102
30131773
30154205
23473244
30075616
30155444
30041888
30170053
30119356
25740787
30130114
30094720
30087511
30113660
30187102
30144957
28305546
30130176
30042913
30181963
30193114
30205053
24311846
30141700
30913622
31130412
30100215
30153290
23244158
30079382
42888311
30066224
30161548
30075414
25256049
30060323
30243704
30012198
30128249
30108921
26784219
30060884
30029031
30098739
30114665
24863410
30057417
30024671
30020142
30080760
23668056
30034253
30026233
30063302
30074832
24092079
30080896
30059917
29996911
30080364
26156673
30047547
30031517
30029282
22455589
30064368
30099969
30037067
30080398
28359125
30107158
30010229
30096199
26348942
38336471
29992931
30063328
26701105
30340942
30003870
22087720
29987853
30078557
30000331
30063302
25091823
30032247
30043024
46159197
30090074
22743770
30042664
30060424
30029097
30130359
31154644
30105086
24214684
30053667
30005173
30080674
30089678
46886443
22996603
30024864
30053467
29975027
30093807
30080226
22891866
30045515
30088578
30039951
30118972
30126091
24506169
30021264
30023301
30050940
30133028
22252022
30005569
30088385
30035995
34906773
30099884
27828663
30075040
30058749
30089522
30136993
26562473
30057945
30044657
30021302
22065651
30004762
30026832
30010977
30067991
24724243
30088768
30040160
30221900
22645737
30077755
30140907
30037589
30086171
30117180
28851822
33590162
30013538
30083280
30113716
28279403
30089552
30041929
30103301
22467403
30055147
30102446
30219304
30093298
24489826
30053073
30036464
30074901
23281426
30073106
30103757
29988251
30081162
30083564
26788840
30106788
30010268
30069557
30118293
26739965
30289902
30282587
30351493
30361024
29307753
30264773
30249608
32316599
23212667
30300125
30250214
30251546
30287486
28601488
30255869
30223386
30286139
25664334
30251360
30241875
30232486
25009174
30299673
30251860
30305500
26105756
30273911
30268310
30290142
29980256
30315355
30244575
24340920
30263999
30239678
30283362
30056064
30257731
30210257
26111856
30317788
30234741
28712183
30226797
30240475
30205633
26795704
30108802
30125271
30132589
22612545
30339446
30276840
30257184
30304295
30309675
26779510
30232920
30230122
30323940
30981914
30360910
23142161
30295335
30320245
30362307
30351320
30334697
30272375
30268714
23797790
30235291
30206097
30234937
30312362
30323371
30306653
30358758
30255376
30273367
29841803
30293259
30279206
30308931
30342208
30320078
30324704
30472830
30390042
30114713
30310459
30267197
30338977
30311526
30320373
30315429
30354217
24178764
30183187
30462212
30170738
30280493
30216656
30239040
30220602
23144672
30120517
30121126
30113431
30187026
30175402
30150580
30133979
24152375
30112521
30072415
30155613
30125102
30130613
30206155
30210702
29938095
30129683
30071364
30166047
30191691
30165578
30194922
28188254
30144362
30084511
30112279
30121587
30132049
22273296
30077311
30118271
30032191
30175444
30173157
30153006
25600782
30757021
30087538
30081800
30147920
30126789
23980697
30251933
30300166
30403910
30908701
30314057
24980560
30263535
30236671
30262627
30299572
32434966
26661699
30297000
30251151
30299527
30329291
24324866
30296935
30270391
30276274
30320844
22820658
30257424
30284549
30290337
30311291
23056114
30449063
30351428
30291245
30347802
24871536
30329680
30250455
30401413
21562149
30267668
30329035
30195457
30311542
30353814
24011972
30316737
30228779
30253593
30317960
30265153
22266405
30215511
30294207
30220595
30294660
30296662
30429815
30349987
21289553
28435812
29327216
28492059
28569052
28541765
28485209
28504334
26330645
30219637
30232806
30280456
30376841
30335059
30306895
24627091
30268593
30224424
30233016
30282113
30266247
30281682
26724415
30289646
30176437
30305565
30283984
30875553
21769329
30275351
30351943
30216011
30345285
30335286
19580362
30187022
30215882
30140095
30316880
30227746
20494126
28423292
28418154
28401272
28426981
28490992
23776567
30200779
30230914
30182095
30235579
19401120
30181748
30198129
30156222
30257578
30206566
27663497
30246602
30129053
30249285
30266596
30253064
24699461
30200913
30180796
30156384
30315792
30302581
25343841
40179454
30148253
30212395
30264774
18812713
30185808
30274535
30224598
30235788
30248862
23712688
30228866
30186071
30196874
30249173
22134466
30189711
30197713
30201000
30326607
22529148
30209097
30217348
30208067
30262293
24603581
30238297
30247713
30197009
20041308
30241977
30213389
30221705
30265460
24323410
28433127
28395536
28435910
23724752
30191491
30414375
30155780
23813132
30171970
30204475
30206982
25459734
30356060
30231558
18446298
30252022
30269315
30244606
30273186
24789043
30321782
30211936
35358887
30301984
22167553
30267078
30286211
30226417
30350251
30314257
30305144
30096892
30293167
30300589
28517907
30387659
30302229
29012132
30305006
30246935
30311446
46960326
19850435
30182038
30206171
30197147
30262086
30245338
24295174
30161126
30182084
30196468
30292562
22070409
32231841
30221510
30195986
30235568
21794668
30186717
30229717
30177598
30208867
22695428
30207829
30224809
30173000
30243904
25930689
30223690
30201826
30239919
21886294
30215188
30232038
30142229
19361868
30192233
30212626
30134587
30262422
30272722
29636720
30278751
30181767
30268296
19859445
30195993
30197324
30181964
30254120
30274898
20948301
30170749
30255170
30222955
30270233
30284048
24594583
30151316
30104106
30143202
30159559
30157270
30137841
28763792
30137389
30079655
30135367
30141126
30149827
20700177
30108071
30107657
30134644
30179260
30115846
30133742
24698809
30117117
30127954
30141142
30188673
30167987
30138935
30122069
24421972
30073896
30121166
30317150
30154851
30141765
30120004
30072471
25913512
30138179
30284521
30169810
30157671
30157775
30151148
23001347
30120936
30102791
30164902
30172733
30184866
30167601
22652637
30078540
30037196
30035780
30100733
30083363
30046533
25509536
30143246
30077408
30035707
30118882
30084311
21841865
30019993
29985398
30052698
30074713
30096147
21089010
30065596
30068502
30033886
30073278
30128342
22776700
30036208
30042786
30057929
30131828
30147864
26688595
30101922
30101068
30103849
30123676
23773208
30058279
30050182
30083151
30122755
23151258
30112664
30091716
30065531
30120373
23571870
30070939
30043902
30039849
30066813
27043890
30092177
30051939
30084686
22037783
30061471
30041137
29998395
20418332
30032069
30064188
30000889
19204389
30004169
30112296
30051126
19338787
29996720
30073171
30002949
30076955
22088049
30017435
30037913
30075749
30102265
30119629
25462564
30075531
30012990
30044887
30122006
22101946
30008373
30051658
30015407
30125180
21252987
30039136
30077101
30060153
30082391
21416923
30067433
30291179
30057086
30091765
23613492
30045609
30070737
30040155
30065016
29551091
30092245
29988375
30054709
24741832
30088787
30043097
30014868
23605070
30022831
30039990
30042657
23398797
30075002
30056187
30035022
30103578
25817588
30064828
30056269
30067455
21074210
30049771
30061643
30076498
30086195
26624304
30026468
30019863
30014013
24957165
30103227
30027213
30074249
25135350
30065254
30015749
30026160
26589909
30093125
30014111
19623657
30032111
30091496
30014518
24661596
30076154
29988131
21652667
30264186
30255221
30237931
20338297
30283615
30309864
30275100
30302735
22143404
30248656
30285406
30280773
30328684
30308025
23222344
30257089
30259419
30246724
30308595
30321910
27962649
30246740
30237046
30244150
30333316
23674245
30267031
30309833
30287055
30354004
23055599
30209192
30194451
30190811
30232651
24108645
30227938
30192882
30172395
30255559
27743030
30286662
30175239
30212358
22291817
30228912
30244184
30380221
19699322
30167486
30237442
30166387
19073624
30153842
30230051
30137868
30196013
23119281
30208585
30220380
30193540
30249685
30285196
25359392
30219953
30185017
30249146
30284240
23063547
30179342
30216639
30196611
30279767
20360619
30177229
30237716
30163997
30269565
21257765
30232482
30233860
30115512
30201947
24607877
30209680
30232929
30177771
20415821
30203319
30215900
30140282
30285835
30297258
25186772
30251796
30174806
30223379
30274180
24021946
30211069
30221682
30210156
30213561
23833317
30230043
30193849
30214996
30272849
26805277
30219620
30187220
30225466
22945537
30215400
30186655
30158034
30241156
29755823
30258424
30185290
30307304
26817222
30200529
30201708
30208044
26963851
30291399
30209464
20084424
30189200
30184620
30191413
30194857
22692444
30245605
30199402
30150849
30242534
30257031
27725097
28421792
28460127
28472564
30306959
25704258
30221922
30150480
30204938
30257300
25076816
30195751
30153175
30205971
30250109
27867581
30174517
30056235
30141754
22038032
28422043
28384423
37727894
30106455
28031223
30146824
30123100
30113435
25140265
30146109
30071885
30130751
24652230
30155270
30125286
30107906
26113105
30111286
30079517
30172915
20075912
30045174
30154486
30106942
30146728
25365280
30180798
30087618
30140022
22953679
30112026
30094191
30043502
22332540
30132213
30163106
30099671
30164564
25361736
30092446
30080031
30144306
30133353
26480927
30114611
30056742
30190284
30189089
29110616
30148371
30084158
30189026
21024550
30081451
30019600
30068547
30117684
30043849
24678583
30092185
30118476
30155553
30199948
30065789
28689167
30152331
30037411
30143358
30132882
22641309
30087797
30087684
30115781
30187302
30156870
26342449
30209406
30167653
30227762
30252355
20456363
30919959
30126590
30086786
30144802
30113486
30114045
22679907
30100318
30130392
30097016
30129020
30136639
30104951
25101113
30099680
30138980
30110197
30208283
30144638
21018534
30140647
30138357
30093427
30091772
30157700
19671500
30124026
30168351
30060511
30137048
30174038
30062775
30083467
25299929
30113676
30093776
30072370
30151460
30106770
30091348
24629952
30126994
30068246
30161202
30162284
30121497
30101415
28695916
30129828
30075095
30130082
30148075
30076528
23131106
30103336
30172296
30159173
30168055
30093591
21759454
30094126
30146682
30086964
30145910
30131071
30094181
30075253
29533518
30181964
29979175
30144774
30159684
30107093
30079883
28800821
30100651
30052197
30140931
30155200
30056305
20501065
30099066
30098086
30034523
30183540
30095235
30085148
25984616
30096782
30093155
30111191
30162927
30116927
24551676
30186890
30355858
30098815
30154220
30059247
25975371
30091088
30075598
30135849
30140657
30115335
30061526
25753137
30249211
30152146
30188544
30511528
30132707
30127566
23314124
30275500
30266957
30308497
30277327
30282837
30281701
21396767
30299257
30245154
30227788
30304167
30293612
30222775
30222759
30208099
24468050
30348725
30258455
30342195
30328966
30259809
30257110
30214933
30198515
29732178
30279066
30229838
30325218
30289353
30249269
30238498
30279342
25278627
30315107
30281675
30267639
30334440
30297833
30301359
30243309
26400902
30321234
30249088
30314970
30307690
30270849
30240937
21086022
30280188
30294411
30271166
30330800
30249755
30228160
19776371
30238237
30282441
30200769
30258338
30257279
30204202
20616409
30308196
30251651
30227385
30306569
30539726
30247007
24895223
30319835
30217888
30230913
30327942
30234313
22444942
30488878
30212860
30239808
30325899
30248368
39233333
30238806
27925036
30305717
30224636
30998577
30314735
30227380
30217305
25339262
30252469
30238361
30284310
30291255
30343400
30265764
30179129
19373021
30287706
30267537
30263697
30296693
30301184
30213962
30214635
30259055
30250947
21268514
30312402
30249420
30246744
30307522
30284771
30186327
30265586
30245142
30242106
22891806
30246697
30297047
30276777
30288786
30288024
30274164
30237060
30244586
18930732
30273315
30284989
30227301
30330930
30298370
30291296
30245705
30268637
20102590
30259144
30257197
30219389
30291527
30334651
30254499
30267982
47353971
30215642
30259363
22459266
30398109
30345855
30349919
30409196
30357133
30306937
30336282
30324671
30340917
20359226
30328474
30297385
30291068
30364920
30371150
30321536
30282089
30322640
30262353
22943870
30392213
30345306
30372653
30475204
30362851
30302906
30342522
30340091
19939517
30353669
30388836
30270847
30326758
30945075
30328884
30260006
30288866
21099454
30305331
30326889
30298293
31242766
30380644
30318843
30308565
30300877
26433517
30343944
30336364
30386716
30483500
30324171
30365909
30321493
25663285
30329195
30309971
30326949
30380235
30314438
30944606
18058331
30344006
30370822
30345146
30370099
30401885
30290280
30260586
24997054
30354631
30335544
30366691
30381166
30401951
30333977
24696974
30349805
30334055
30413064
30403569
31183499
30333904
28975970
30289705
30198700
30257224
30338644
29351569
22388038
28520203
30253422
30248884
30280732
30266367
22377949
30209187
30213998
30175332
30298608
30235886
23698602
30178134
30206020
30187043
30210688
30200195
29616018
30234013
30164107
30262166
30215338
24285537
30229173
30174389
30218558
30238960
23323381
30200600
30196913
30176307
30255042
30252880
22009520
30186423
30197548
30134955
30292021
30228354
30174926
30213683
30095010
30226102
30165919
30238619
30249118
30207884
30238846
29685616
30279873
30177947
30239053
30234962
30185790
21031328
30193851
30185322
30118259
30274640
30243779
30254262
26703805
30275802
30188849
30211353
30263929
30186651
25327227
30152718
30337117
30090907
30132349
30080602
27113262
30163258
30103588
30177584
30244439
21134258
30099380
30138391
30067629
30133491
30145444
28551352
30153037
30091879
30136562
30171440
26162534
30115474
30056051
30113766
30179384
28285104
30099595
30060160
30124511
20595777
30118124
30197830
30121177
30131343
25559416
30098172
30151239
30104284
22786403
30154620
30102980
30086339
30182102
21266714
30094807
30054846
30012849
30095391
30079907
19433442
30054553
30098057
29971193
30094406
30071511
30038022
30023933
25267514
30067374
30011251
30030814
30085420
30059738
30028570
30023502
29980600
26257776
30130938
29976351
30088326
30108460
30007339
30010724
30035822
21485874
30043369
30277202
29990339
30029851
30059087
30040038
30000030
20719970
30033438
30058876
30006746
30131031
30111126
30022611
30058171
23711300
30047531
30145378
30110151
30119446
30074195
30197653
20917628
30008821
30044900
30013526
30046655
30088852
30102055
20529565
30042120
30086761
30051829
30191064
30116569
30006636
21838053
30096267
30111542
30096808
30135620
50525245
30060015
28855087
30134660
30148551
30114029
30178644
30108685
26140810
30116693
30123880
30180910
30173101
30107244
28785183
30147113
30066217
30146782
30163046
21547023
30133937
30123253
30088840
30169091
30128398
30077684
23991459
30119201
30106727
30142102
30202900
30127849
30081918
30103982
23356835
30221424
30216838
30184368
30260493
30142754
30173582
30156551
30207202
26962118
30211922
30186759
30164275
30209840
30180611
30196318
30140842
23895771
30186688
30230433
30191505
30225124
30174481
30200433
30187389
30161524
30207851
30023841
30194658
30173198
30245624
30242911
30143482
30161457
30194269
42268406
26935968
30183004
30100720
30166438
30242294
30196680
30176954
30171693
19535386
30171891
30202829
30141353
30251740
30170566
30147294
30187591
30159448
26331988
30284158
30146331
30248929
30281739
30183418
30164755
30158509
27265884
30230209
30160949
30193185
30257161
30203062
30128175
21358636
30210702
30188442
30146876
30226235
30208969
30147764
18690173
30181249
30258368
30148186
30199944
30141413
30124137
19716941
30310781
30286266
30290883
30307722
30285972
30258742
23580804
30288453
30274689
30260113
30279812
30266173
30245017
30266751
24517212
30307660
30255964
30234001
30333389
30239915
30261962
30273289
30226629
21377536
30252141
30274790
30249720
30329416
30312062
30221104
30225469
30235181
30257827
26299220
30330333
30315051
30342260
30426352
30366322
30313175
30329568
30355568
21555326
30354487
30318260
30269294
30356862
30351602
30319454
30323397
30275679
30303420
30331100
30267044
28048483
30365470
31777270
30373218
30385311
30349015
30278877
30329215
30309810
30284486
18353507
30331641
30366619
30343186
30354574
30361915
30270870
30348249
30319845
30319009
30302213
24863494
30384221
30384678
30325805
30399861
30291962
30316081
30334573
30300581
30304556
26094829
30340291
30327551
30346765
30373870
39599558
30562724
30288465
30326393
21986880
30343263
30371449
30346804
30349667
30344379
30334111
30334555
30325320
22165106
30337908
30344286
30391316
30405177
30366039
30316149
32307977
30326263
26350284
30359493
30276280
30355424
30377851
30293595
30260213
30258860
24487224
30303646
30246176
30239035
30321324
30261314
30160426
30231146
26592332
30345636
30246364
30280751
30312020
30238458
30250316
22292193
30290782
30268808
30256233
30273698
30331731
30262904
21056855
28509614
29334004
28500608
28527290
28538034
28528192
22099718
28459775
28414003
28691591
28443621
30231704
30207475
29965733
30243229
30209900
30297651
30309113
30227971
26211991
30138545
30143722
30162064
30267273
30145090
27658539
30113789
30065558
30145488
30148995
20698986
30103753
30091886
30086740
31249053
30156053
26298727
30148980
30071060
30129650
30134428
24469150
30166955
30095522
30120947
30122272
30894733
22547131
30083839
30114933
30106366
30109862
30118214
23302857
30093966
30129264
30069105
30137851
30118271
26549470
30162629
30108844
30269999
30247893
22630151
30144011
30136298
30131387
30184891
20806075
30107389
30144154
30083409
30173562
21446605
30081146
30066456
30056598
30093183
23381811
30057369
30065953
30057994
30101677
29810298
30138851
29999371
30160211
24591885
30164740
30105155
30088322
23058979
30153869
30178741
30121080
30197413
23146397
30215024
30180469
30161764
30277697
30220522
23197750
30178604
30207115
30196475
30210746
30194358
25951140
30191893
30164109
30218686
30250082
21254161
30165823
30181462
30171184
30224461
18595029
30188248
30196911
30184731
30210807
19972261
30405001
30231751
30220983
30257715
30217495
18346030
30175988
30241182
30170360
30196822
30223629
30145627
30186064
26397113
30247145
30143446
30209569
30305908
30164951
30195956
30125080
19993010
30173535
30178069
30193638
30214853
30234059
30222844
30192480
30174333
18868561
30136164
30288877
30123768
30252169
30265871
30164219
30180653
30227127
22410004
30241257
30197898
30205549
30280442
30199331
30125538
30194395
19660129
30215718
30296535
30284642
30322002
30291222
30218367
30210009
20774087
30271237
30262187
30236552
30472562
30308473
30254789
30226555
25441318
30290698
30264885
30233063
30354736
30255300
30184351
23267243
30299033
30353102
30238524
30286775
30285858
30281955
24781938
30380246
30265353
30264489
30340450
30314417
19505584
30248759
30245253
30203027
30297465
30330991
30224020
26604884
30133193
30075310
30092056
30166307
30006198
26765321
30131055
30096909
30153651
30203588
19693202
30109795
30152875
30109787
30162053
30121829
24898507
30113676
30077955
30067608
30138065
22624324
30139906
30119881
30102210
30194984
30063057
20011205
30065573
30115107
30077498
30117476
30112569
30129475
30076042
24480094
30145062
30111552
30089687
30161160
30067715
30055638
30100666
30065562
23975993
30139411
30081766
30102373
30162436
30179030
30124029
30698986
30082506
29459880
30080788
30036866
30107708
30091015
30046975
30025028
30068573
24295450
30089542
30025873
30053619
30098139
30040582
30006237
30007684
27864739
30058631
30040682
30114013
30116102
30047463
30026771
22280356
30308365
30052918
30095067
30096284
30051369
29984878
21002661
30023967
30066616
30018067
30086213
30081302
30021004
22648828
30056163
29988591
30007451
30131466
30092651
30009771
28044421
30038536
29994431
30087010
30167762
29992302
24899803
30156919
30096164
30105833
30176893
30122851
25327714
30117955
30082540
30093389
30163091
18211356
30093877
30132631
31053517
30136098
30134722
30049622
20695905
30134002
30366986
30074350
30149291
30184059
30140218
30087928
30080867
29837621
30114757
30082424
30119683
30160526
30058373
30053304
20226055
30070733
30125919
30130142
30131997
30110408
30073006
30092473
25150180
30046640
30062404
30095846
30186645
30088268
30110867
23738907
30099475
30086448
30069382
30139078
30093956
30050132
25852500
30097707
30115844
30135411
30156122
30091184
21027338
30152889
30131275
30111042
30154144
30148568
18579161
30119849
30137095
30106860
35197281
30110972
20479141
30110912
30108289
30034893
30096113
30111993
22766146
30130184
30123647
30171645
30194669
18169998
30091331
30160835
30043549
30144571
30136394
26561731
30117988
30040360
30126458
30143084
27608243
30146830
30098969
30192491
19708289
30019193
30120639
30048177
30083271
23959208
30044667
30073471
30091313
30141995
19721526
30000586
30046015
30014691
30076288
30018365
29973276
24026030
30093441
29959721
30052161
30099052
30032216
29978760
20508477
30069118
30115181
30021684
30070305
30064727
30013219
29998257
25633913
30890582
30060672
30082975
30119819
30073960
29981713
30021115
29990296
26499815
30047268
30028751
30031248
30084657
30018696
30029122
29975051
30087862
28766365
30058251
29997577
30024807
30061602
30001480
30007897
30066435
22515000
30025073
30006358
30041331
30106877
30054067
30060649
29994429
21473809
30046260
30048895
30026583
30090811
30044060
30033193
30094625
23708895
30039910
29985406
30043702
30066953
30059667
30019356
20299841
30031460
30058422
29998637
30122530
30088793
30019664
19675395
30039798
30076960
29975622
30093995
30147386
30044333
22159498
30187680
30135438
30167089
30204037
30184962
30181158
28991947
30243662
30124168
30188333
30223009
30159264
26123333
30176670
30165906
30186137
30254266
30183689
28450605
30226520
30179562
30257284
30236568
21238662
30160366
30156729
30197019
30173784
30201538
28632088
30193262
30182313
30239455
30224213
26015816
30194587
30192977
30234191
30287393
27319139
30172421
30155770
30199231
20416359
30176506
30223486
30197596
30268004
30202207
23210798
30104509
30091826
30144317
30152362
30106715
30055340
25740068
30182739
30162686
30210126
30250217
30166238
30194327
30170807
24341884
30200903
30524853
30166191
30230451
30240068
30157048
30149986
27350294
30244693
30171667
30211209
30268042
30176260
30144018
22930314
30166417
30211262
30216235
30236662
30245554
30201138
22277482
30167482
30195491
30186668
30254620
30216231
30152959
24666430
30228097
30255828
30192633
30228191
30184330
20502246
30168560
30222091
30169607
30240553
30204858
18641118
30246524
30311520
30275217
30322767
30331515
21364617
30415502
30960410
30339936
30422753
30334245
30308942
19223464
30353244
30394822
30297140
30338967
30389571
30274877
30323404
30342688
24297539
30376293
30256657
30370533
30401706
30370965
30296600
30370080
30299069
24058201
30307889
30945380
30360299
30426935
30337508
30306398
30369099
30330857
23653695
30355020
30334573
30373488
30372364
30296517
30308088
30295273
30247819
29116771
30376433
32328750
30395844
30419808
30316188
30337988
30310379
25530051
30319082
30307035
30321211
30373687
30315955
30396173
30296224
27808414
30392109
30323287
30412046
30390526
30317986
30321300
22260960
30308760
30316548
30274540
30297664
30298728
30258129
20912861
30240865
30292591
30256517
30352153
30308839
30261756
22664404
30260293
30226322
30281676
30313982
30337800
30193757
28728283
30289171
30268852
30326239
30307295
30241240
25185348
30256331
30253949
30229951
30326511
30316533
25767186
30236406
30335908
30357233
30355462
19035009
30264824
30349877
30229575
30332669
30310227
24516470
30398302
30283306
30477672
30328279
30251140
19661568
30272124
30321266
30272537
30276118
30325150
30221333
27691351
30291975
30196136
30275211
30284466
30247173
28812901
30304770
30247060
30312762
30290693
20941045
30284325
30261705
30259775
30333093
30287626
26227610
30303493
30234753
30260287
30285490
24127088
30284816
30285378
30298567
30377013
24303677
30306720
30246278
30249226
30287004
30218691
24731916
30286087
30290378
30263786
30335462
30276629
29024242
30314202
30203899
30288347
30327910
23168009
30294273
30256540
30299769
30458337
21053080
30328163
32276972
30292520
30310371
30290680
30259240
30148250
30234719
30236818
30288640
30402002
18066103
30284127
30294379
30285555
30378290
30327944
21316003
30257120
30247831
30226228
30270518
30321268
26627193
30288639
30214325
30255622
30312657
24143930
30301772
30210569
30242691
30327629
30256445
21668067
30263955
30289579
30248941
30284782
30292715
30280288
30221193
26245431
30333744
30239417
30291702
30323700
30228313
30215684
30235604
30194595
27199369
30343693
30231988
30289693
30422553
30253690
30231213
30255059
21760704
30260886
30277404
30252915
30307726
30277196
30871855
30246096
20469048
30281795
30276177
30266450
30315218
30267267
30193149
30291371
22683835
30265529
30240293
30317817
30324809
30288520
30303566
18328400
30104333
30165516
30086376
30077638
30139553
30042385
30050230
29421953
30134927
30112513
30147122
30131284
30080567
20395999
30155262
30100962
30068435
30144222
30130276
30117564
25741920
30071776
30106419
30133546
30173690
30179922
24029924
30163113
30097124
30131947
30190908
30110543
25193001
30307596
30240860
30266542
30440964
19243351
30254875
30320930
30257057
30334562
30256850
30223055
21681189
30231431
30158551
30143415
30219402
30196764
44574375
27047093
30209839
30192515
31083266
30244134
30139324
25181634
30261682
30162798
30201388
30258895
30203386
26324240
30255151
30168736
30210517
30252214
20398675
30214756
30215471
30231536
30201464
30247137
26190056
30226355
30145353
30237872
30926284
24647116
30191005
30172199
30199466
30277224
30231582
22857144
30136584
30077959
30106767
30152129
30115242
30091273
18893111
30022328
30029689
30016006
30074326
30071493
30018827
29996249
21821262
30095774
30054856
30035109
30173222
30093469
29987082
30009025
30005722
22748320
30053418
30014347
30048988
30146302
30050202
30055689
30030620
30611655
29558880
30113771
30003115
30058238
30133924
30002860
29963465
30015565
27340833
30062911
30275280
30075611
30090365
30050236
30007282
19855390
30080046
30129976
30024402
30039043
30094224
30022900
30014731
25789342
30033404
30024792
30094944
30145393
30032206
30069670
25328185
30029331
30012328
30089500
30151046
30071034
30046429
29996327
30081861
29993431
30078048
30104547
30057381
23819904
43442414
30023269
30044605
30133389
30145882
22609407
30046649
30011205
30052864
30128565
30061603
23788912
30112079
30027853
30036878
30110058
30058076
29499051
30057351
30002891
30089730
30075860
24167073
30167624
30150433
30157796
30178107
23187782
30101442
30130802
30124340
30091137
23939623
30150992
30124290
30125125
30252481
28182223
30237101
30186376
30189042
22417260
30191300
30166656
30172200
30272338
18427557
30198668
30220736
30129862
30237989
30230023
30133533
24114972
30209867
30219703
30181182
30193342
30223029
30206609
30156595
26296882
30211548
30175478
30249069
30231113
30169854
30152453
22230522
30227864
30225796
30211678
30253048
30219719
30159435
21646495
30213122
30164915
30137300
30267864
30208795
30188591
23901532
30254851
30205944
30212895
30251028
30185338
19897626
30214922
30228703
30120921
30242636
30226908
30151475
29618945
30195357
30145788
30255229
30263282
18944258
28477499
28482906
28822648
30223016
30242398
22990062
30186774
30161395
30152040
30206918
19055356
30178962
30269020
30151942
30248482
30225966
29111105
30258168
30178753
30188056
18096787
30147435
30216766
30139978
30241282
30268315
19464421
30128608
30182393
30214578
30236836
30262882
23007844
30218871
30147682
30219409
30236719
30262176
30189377
25317267
30173039
30124102
30136744
30227882
30147356
20802688
30192540
30197471
30176462
30266820
30266813
18961480
30177553
30221602
30163356
30278232
30275718
30180858
21583208
30230704
30227735
30202623
30202774
30246013
30158410
23820234
30199162
30189776
30209235
30255289
30177116
19450853
30280200
30454731
30231238
30288482
30313870
30222371
29680023
30315297
30249293
30307764
30338197
19242694
30338723
30332422
30304931
30381124
30377558
23069061
30355697
30374942
30364068
30416208
19338984
30300839
30396369
30295431
30395601
30388365
30329720
24445955
30406609
30297709
30319086
30414188
30325795
22913744
30373548
30324347
30372404
30416735
30371428
23891700
30387471
30306388
30334065
30352791
30335062
29173444
30391445
30319553
30402650
30395591
23803055
30341842
30317051
30369584
30411851
22503715
30376081
30350386
30382120
30394499
23182148
30386047
30323672
30316575
30386717
32289001
24034588
30348071
30295864
30342790
30362318
30327945
29058399
30394980
30342213
30351415
30367282
23453522
30370188
30384922
30358486
30433035
30376913
18711442
30322685
30353262
31165268
30376670
30369870
30315231
19338766
30340073
30406530
30302733
30354635
30379639
30306227
20441430
30353295
30373251
30295413
30350717
30360313
30290364
30371429
30309730
27582552
30313434
30225224
30291987
30269360
30238320
30223599
31077577
29239511
30267724
30247515
30334884
30298844
30235515
30227091
22049662
30299720
30353807
30356835
30396584
30998079
30275136
19545675
30272452
30290433
30262893
30291148
30309567
30265842
20673883
30272550
30309131
30273975
30315070
30293286
30221291
24431741
30299304
30244562
30276577
30310597
30262773
21531325
30273129
30254485
30222051
30359617
30275192
21672056
30384278
30365591
30336340
30360645
30401484
23727697
30354944
30292179
30340789
30404790
18909730
30368284
30372159
30339972
30350811
30386424
26311193
30314706
30296549
30335980
30373249
25965636
30309900
30290102
30350708
30391146
30357904
25658640
30270689
30365606
30379093
30365020
30339631
30281075
23277359
30362391
30310540
30371615
30458494
30352844
30294342
23689357
30236980
30178891
30184996
30261136
30160633
30149533
29628651
30278325
30257340
30309222
30367620
30277580
24811795
30280075
30226433
30274677
30333951
30262191
24316388
30319927
30253082
30269993
30326242
30239091
27221406
30329983
30215069
30272864
30264302
21906480
30257873
30258795
30238049
30262501
19514253
30308519
30264878
30228073
30285847
19870704
30234735
30341322
30193202
30233464
30289611
30199915
30205955
30284797
30199614
30301211
30247964
20782523
30258205
30282271
30233138
30287860
30296644
25346842
30266753
30244671
30295748
30287047
22589833
30259126
30247651
30192062
30275594
22007544
30302916
30236131
30263332
30337704
23591890
30306417
30265081
30274266
30303022
28703516
30260431
30179858
30222946
30292395
21999860
30299578
30383971
30276571
30389259
30283275
19016400
30157094
30243560
30155162
30272673
30213325
30152471
25885881
30122266
30105722
30143509
30193471
30081928
25547956
30096548
30100945
30111150
30437422
30130113
29705216
30090940
30078911
30079062
30128357
23190826
30126386
30126104
30108254
30123017
20861896
30087073
30113093
30118238
30139724
20415019
30206616
30227453
30190635
30201055
30228602
19971251
30202790
30233135
30160158
30283766
30262411
30784337
30163904
29865311
30111417
30069872
32093786
30141554
30040209
30083802
26445540
30163231
30102710
30273266
30255878
30123959
30135606
30116780
20865496
30088815
30128195
30043682
30125002
30131995
30056335
30081649
19232804
30089368
30141764
30138498
30149044
30183533
30060078
30037392
30076569
23257122
30138960
30048445
30086633
30108064
30116622
30082098
30123835
21988494
30102900
30162747
30094591
30151051
30169032
30109358
30077294
24201376
30117544
30091247
30127351
30109851
30081904
30056499
20565018
30096011
30096309
30064034
30154175
30110311
30062954
30095253
30084319
28937698
30134631
30026315
#end
