#729a2951|blade-2-m620|jdom@54ed0cc8b7e8deffd5e088305ca7723dc0bd963c:org.jdom2.Verifier#checkCharacterData(String)[generators@bcfe6d43107430b2604e2e34b9151742941652e0:cz.cuni.mff.spl.casestudy.generators.ParseFileGenerator('MQ==')]()
#date=May 19, 2015 9:09:04 AM
#warmup=1
#count=3773
#begin
36879918
45033530
26456251
31536006
34519924
28905370
31804566
34132835
29389940
31917448
34211297
35482976
30218415
30188809
29225478
57664996
36013803
35103722
30191116
30174213
27487295
35594616
28913871
30300180
30075822
34713361
30075911
44142639
30023576
30039793
29970215
29986682
29937389
38985188
30721550
30316409
30862857
30048617
30066962
30000903
30100442
30026636
30070358
30032882
24045952
29861984
40290171
40116656
40425799
40333680
40379014
40188644
40269150
40401725
40320305
40334535
34255719
30228613
30213909
30173968
29929639
34912908
40247165
58970919
40361175
40333256
40200066
40297281
40228920
40158980
40241587
40364984
30292471
30145393
21767621
30299615
35905436
40150019
39866816
40318896
40128513
40507760
40730713
40364625
40293144
42461379
38856904
30180446
30197934
28332816
33878250
40282203
40087349
40238121
40286761
40077509
40296565
40309513
36607914
36529778
36675547
29396740
22245801
31128537
37641915
40015901
40305533
40343247
40143716
40413240
40603438
40302956
40308811
40232523
36322440
24407469
31731604
37307744
40020478
40276383
40363145
40086867
40263349
40322820
40214722
40201660
40229629
22255518
30648937
36460399
39846545
40303993
40477100
39912344
40329698
40197796
40236885
40211932
40274516
24519728
30087995
30092813
30156071
30150537
64470114
34039637
40169484
40268553
40199309
40250322
24562681
30181319
30248408
30253389
30235120
30231586
30183651
30236466
30242138
30209417
30219066
26432086
28384445
28344438
28387307
28425310
30199173
30278334
30243491
30261507
30252547
26319580
32222203
30216949
30225386
30292347
30239607
30244153
30250117
30294044
30200995
29335889
30223689
30158102
30235848
30253600
30256251
30257204
30230605
30255780
26299996
30175624
30246935
30265540
30231236
30222058
30294266
30214800
30192862
35331370
30187744
31899687
30237989
30284661
30190931
30188911
30186382
24532706
30215349
30231873
30169631
30238709
32913441
30321613
30239401
24847456
30183829
30190651
30213471
30234649
30249877
30253511
30248169
28983140
30187558
30195661
30223495
30247762
30239773
30242046
25622133
30183793
30216921
30213726
30239319
30308597
30219101
25936229
30183056
30166880
30202281
30262728
30267193
22215952
30200112
30211513
30199935
30211458
30275878
30260086
30246502
30286078
25600856
30233169
30151331
30221490
30202116
35699221
30268255
30317357
30216722
30292495
30271855
20070464
30282035
30245686
30222940
30237473
30250204
30212775
30234768
30225490
30240400
30217664
26625129
40211723
40109327
39911924
39795833
39748377
39811747
39848625
39865661
39702025
25265805
40229578
41109911
39985962
39723830
39762730
39720611
39811841
39809945
39835920
28595816
40521614
40087370
39921088
39735145
40025067
39870172
39835234
39806556
24218570
36658445
36521302
36425069
39838817
39885748
39753278
39805270
39833997
27316460
54481715
40044789
39944701
39923168
39866945
39911721
39747456
39849623
36741324
40475547
39958162
39869578
39737536
39828067
39759432
39879618
34618568
40737087
40070930
40043081
54835464
39992841
40009129
21413452
40489874
40484629
40112628
39914327
39993132
39994472
39929338
39909148
39962520
28094412
40479536
40215465
40071568
40062909
40026747
39976241
40001532
40137916
40028630
40095385
36929422
28332883
40495252
40158278
40106020
40041336
40078522
40009813
40009743
36214381
29987680
33373066
19334657
40575456
40581473
40198942
40001379
40049809
40072425
39995061
41217726
30785746
30031398
21180887
40770949
40657101
42622114
40260374
40188440
40250011
40221949
39939972
30008842
30004287
30008066
31072477
40317880
33572198
40871084
40337718
40271036
40143794
40225907
40203497
40182360
33689016
30007254
29925415
29981829
19580629
29956709
30767380
84701684
40238571
40263218
40336416
40341744
40137919
29995328
30004302
29998020
30837942
40453711
23159967
30023149
30067364
29967629
29966889
29971739
29934606
33780329
133697887
29985298
29981179
30023145
34393048
23664237
30022420
30030156
30027162
29993106
29971090
29952016
29956553
29971127
29977796
29982276
30154136
20589156
30053851
30033328
30037167
29996271
29955789
29998377
29966964
29934776
29963775
29975735
29988751
22704787
29995698
30023186
30051004
29982698
30016974
30003014
29957497
30020062
29927144
29967806
20919585
30006507
29972475
30084129
30002976
29995551
30023438
29953226
29996533
29988954
29981273
23561803
29998088
43650468
30053925
29937851
29984624
29965015
29969353
30012316
29986185
22141136
30006955
30015219
29998864
29949220
29985493
29938474
30004203
30034419
29965871
24803048
30172832
30121094
30139987
30147857
30113043
30087167
30130515
30158742
22390429
30197976
30161102
30132773
30094716
30132762
30124562
30126689
30174115
25008603
30221988
30229367
30293899
30186681
30190126
30193700
30208908
19649019
30510215
30242686
30287433
30215212
30145653
30175132
30201716
19389933
30279661
30204582
30276148
30225575
30221935
30168263
30178649
23323747
30335199
30371227
30363282
30292301
30257355
30284829
19242184
30294778
30408431
30361275
30255914
30272377
30258202
19232446
30326255
30306022
30375206
30254376
30489935
30295051
22497660
30370431
30370229
30315549
30281782
30278162
18077532
30280335
30325122
30313526
30268177
30277282
30241277
30273920
22646769
33966066
33958371
33982857
33937693
33878180
30293048
30292969
30303246
20200299
30324254
30316158
31199806
30345631
30979721
30297053
30291180
30326406
22285007
30308262
30308799
30321659
30240049
30298317
30253031
30232847
19366677
30257171
30306262
30365453
30283267
30260017
30257560
30265122
21100210
30310270
30313082
30346535
30287969
30320142
30258111
30289391
23549481
30348548
30311220
30307266
30279727
30315313
30275687
22179882
30322802
30590770
30303384
30254571
30196079
30292322
22207440
30324870
30320876
30340145
30255437
30279673
30268913
28885465
30310449
30324363
30346662
30264357
30309542
22809591
30279646
30305200
30341293
30307876
30238521
22548831
30297795
30338879
30388509
30305976
30293587
22867226
30286233
30309458
30300321
30292338
30258735
27281326
30337722
30775364
30271625
30253631
24848390
30364292
30294049
30324635
30243670
23941864
30339733
30297050
30324156
30291738
36631550
28508303
28491196
30365198
18695339
30931080
30355502
30303591
30251215
30257456
23243557
30296784
30286071
30285573
30235802
20494663
30302767
30383913
30396536
30332342
30230433
30282435
26545884
30233200
30238847
31074042
30188049
30209380
30173660
20209558
30186275
30294831
30344593
30173982
30196384
30175102
30214700
30172347
30168071
29660887
30215531
30281322
30193317
30178244
30169592
30232762
30807335
30249762
30184664
30161898
27877052
28489999
30280337
30199119
30275833
30204448
30169991
30213695
30195649
30190304
30197347
30227350
30253075
28906105
30275031
30288404
30259390
30837655
30216726
30162528
30192442
30130471
30243719
30241345
30196186
24508052
30235516
30216029
30233556
30239330
30177284
30170600
30186850
30162473
30323592
30203804
30202754
24904552
30294633
30258191
30233553
30813839
30199392
30188876
30194735
30185227
30216761
30174304
22693249
30184416
30166342
30150557
30143478
30117671
30199145
30111626
30124100
30155317
30142985
25228910
30192389
30190867
30195210
30114554
30140071
30161409
30112302
30114124
30119962
22159289
30209866
30167500
30205064
30118748
30094004
30107028
30124464
30179013
30195825
24358646
30200829
30146738
30148476
30154202
30159320
30106004
30173849
30167477
21118096
30168624
30197677
30254835
30174722
30222946
30160062
30120860
30134106
21844323
30122155
30190571
30168455
30125753
30124152
30114620
30150462
28387058
27780937
30153584
30170213
30195744
30122837
30146002
30127038
30093565
26227671
30085780
30037722
30103098
30007200
30683128
30108073
18891003
30030842
30050718
30087647
30076109
30048136
30093376
30091273
25024991
30102613
30125433
30096806
30092858
30056401
30006500
24649460
30075478
30031124
30094016
30024060
30003553
29997375
28803927
30135391
32116996
30079550
30010135
29995771
23182250
30103900
30082607
30114678
30063973
30082986
22403648
41118685
30067007
30099279
30025374
30032508
23272326
30072836
30091453
30066135
30036911
30051319
28414341
30081302
30124467
30053578
30068673
22692735
28310730
28374434
28293118
28275176
22608511
30076826
30109166
30091517
30021989
23517201
30121022
30058962
30042390
40901307
26746633
30098240
30089239
30058191
21720087
30065765
30083393
30076125
19624648
30076620
30039085
30085771
30030154
28878678
30062446
30101406
30063127
29805571
30049116
30074754
20476059
30125787
30103540
30095009
24221841
30084295
30065024
19601348
30939935
30070668
30089268
26300441
30098036
30113359
24637677
30090240
30077184
23277620
30069273
30079085
23999941
30151931
30094228
19073159
30049856
30077649
30129811
30059111
26482722
30083978
30412717
30054256
30024906
25538627
30061102
30103524
30073664
30046258
30045242
24738739
30089719
30034558
30076988
30066185
30085498
30041335
21663825
30076995
30064240
30093660
30063453
30019476
30067742
22055607
30126519
30087258
30085223
29980847
30012623
30017146
24336306
30083262
30023744
30074100
29995162
30038144
21150934
30108146
30088371
30076611
29995497
30038189
20069412
30045833
30098026
30156689
30069458
30046435
22027827
30089526
28352803
28376611
28292367
28247372
25340235
30152004
30178860
30039402
30021034
22460711
30065055
30073873
30113951
30028275
22268802
30067958
30108773
30078369
30059492
22629307
30114096
30099851
30124602
30049063
26071265
30093384
30050729
30082762
21749304
30058962
30099193
30071695
19493411
30104298
30050318
30107988
30020097
30061417
28276511
30130352
30142732
30103269
30031393
30055716
30724469
30135891
30014631
21678836
30094924
30086891
30115548
30032971
25120979
28443422
28319723
30033582
23455404
30078646
30112839
30088720
22195715
30051084
30134820
30151571
22592278
30103805
30042606
30084637
30068445
25633663
30119952
30156942
30096840
30072673
19521426
30133398
30210184
30201296
30154142
30134603
30123297
21824641
30216224
30200082
52540771
30171135
30089394
30146771
25359507
30157811
30206886
30128831
30138611
30108776
23449726
30159269
30142697
30189054
30151557
30186851
23512490
30094916
30119655
30048766
30841484
30036229
27291930
30084842
30113149
30098513
30025477
22879567
30089859
30073077
30091073
30046969
20801820
30115410
30119551
30098155
30048400
30095593
29984506
30043114
30032619
30054797
30131433
30035651
18621189
30038315
30073337
30117328
30005465
30057443
21752993
30049130
29953058
30067020
29993735
29968400
28305024
30056020
30047194
29973558
29958044
25156273
30256913
30103896
30009449
29937478
25359656
30032625
30041647
29988926
29986377
29945140
25557845
30002735
30073600
30075971
30627080
29982168
30009581
23741821
30253944
29996500
30010153
29978154
29979095
29975267
29970097
43039159
29778296
30062971
30133186
30043725
29980862
29985013
30066540
29997672
22339954
30216537
30194144
30196824
30109522
30128135
30068070
30086173
34722526
30112726
19334535
30121874
30171944
30143158
30133055
30155457
30109631
30162502
30123891
30112849
22518492
30148495
30178853
30213588
30145253
30156420
30150464
30165646
30118312
30173297
27813048
30195107
30194431
30158170
30109736
30111053
30104320
30174298
30109074
29155129
30191871
30166593
30129400
30125298
30160066
30114607
30126937
22378787
30213790
30161409
30162397
30137400
30184516
32139436
30079966
21210956
30153261
30205664
30208465
30117191
30088411
30128607
30125831
23185153
30157484
30193229
30157822
30134485
30247215
30196415
19163010
30145243
30123776
30186913
30117678
30157593
30163626
18279165
30130771
30175311
30176491
30138740
30107904
30086401
21781366
30140660
30153191
30810430
30114413
30117630
30162307
26281929
30166602
30195178
30143939
30106731
30132934
24521676
30172998
30175839
30222338
30095989
30178620
25647918
30182780
30185877
30135816
30131858
19241684
30138207
30164064
30447686
30175348
30128575
30128973
21853325
30184255
30157741
30212144
30340814
30076128
30114207
30163200
20889135
30218533
30202952
30197556
30145983
30156245
30125433
30102110
30154802
30130087
28837120
30183730
30222071
30164919
30157751
30129671
30113374
30134178
18390791
30136355
30201631
30209839
30149348
30088544
30082909
30122400
30067694
23521219
30160240
30166657
30147227
30152133
30078960
30118420
30156586
22674655
30215146
30138929
30142476
30072093
30130418
30145038
30128164
25391385
30159571
30158835
30100675
30108211
30083204
30129729
21694905
30167957
30183104
30217941
30163616
30115715
30137707
21378181
30184038
30134151
30214226
30106708
30101298
30099383
23823612
30201878
30237244
30143436
30115100
30127597
20182130
30206057
30218580
30312322
30206373
30219897
18267687
30226357
30275316
30317438
30241491
30168100
20236374
30283653
30270123
30303980
30289602
30251819
23692459
30321552
30350633
30325422
30270593
30218824
30254855
26645394
30240228
30244231
30238255
30200497
30188760
30188180
30184324
25861354
30195817
30197026
30204296
30139500
30168313
30143469
30144842
21954145
30158235
30200014
30221962
30086791
30110757
30097000
30164431
30136609
29561749
30154377
30188248
30096722
30112200
30098649
30151364
30131594
29082730
30007973
30111499
29988927
29958180
29965093
29972871
21393068
30097541
30060304
30090469
30075533
30038904
30006975
30119389
29843611
30011697
30075880
30022561
29967255
29956068
18148809
29969336
29997379
30030647
29952062
29983602
30014959
22033785
29985216
30065112
30038756
29987609
29995089
17765504
30028144
30077729
30086656
30070270
29994408
30026049
30073477
22164618
30157602
30074604
30097260
30026242
30030196
30003900
19186850
30011031
30063931
30075162
30059579
30032264
29982435
30039757
30055742
21931467
30126549
30121147
30130816
30064438
30033150
30050053
29973711
30120106
30010918
29410865
30065168
30154693
30035516
30005013
30007577
30038853
30024538
18112690
30034569
30101653
30170058
30093813
30051935
30014855
30055118
30000200
22890037
30075446
30057005
30085292
30021526
30035889
30100185
30033078
21532185
30055775
30034287
30072422
30033553
30051103
30038843
30027667
23393646
30101637
30078527
30089005
29960231
30054578
30025565
19591908
30060518
30028980
30133100
30900359
30046393
30045657
18377007
30026135
30081646
30121585
54716152
30657621
30027275
30027289
29980939
23310786
30085589
30091262
30082285
29982249
30014340
30084673
30014531
30033687
30030231
24243654
30072462
30065667
30023133
45273079
30067900
30025160
30019827
30022373
19955921
30103646
30116324
30109198
30005064
29980015
29998306
30050586
30073670
19704932
30219800
30237718
30288830
30267704
33586458
30195645
30236611
30175939
23467842
30340959
30272192
30257044
30193767
30224411
30182743
30261702
21658233
30233911
30272655
30283055
30189457
30211029
30313680
30215860
23423453
30226897
30292590
30258401
30342835
30238804
30122535
19397362
30222995
30228704
30321180
30222613
30159893
30227356
30198875
27957768
30224680
30218360
30220233
30202049
30223700
19600162
30212204
30194976
30260406
30237919
30206926
30212646
23729150
30268484
30253715
30240748
30201994
30187103
21872058
30261100
30222373
30916383
30155054
30164542
22945476
30246266
30276493
30243511
30169629
30185862
25370032
30255993
30264844
30226127
30182602
21672676
30259039
30278507
30875297
30243360
19442391
30205015
30247006
30281187
30182635
30183260
30184272
27707981
30280508
30264759
30235318
30205057
30819901
30212794
23397964
30254131
30209124
30273680
30231915
30210092
30190238
30175634
30191403
23173250
30275928
30283073
30225402
30444718
30231664
30220306
30207531
30210264
22843557
30227704
30236236
30246531
30213068
30204517
30193444
30189699
30221751
30646842
30192495
45387846
30203880
30173310
30104007
30119551
30124577
30174409
30183642
30138524
30634299
22655067
30184693
30165024
30174078
30128925
30090491
30186851
30157402
30115544
30697526
24789487
30137391
30134751
30155082
30151850
30161364
30155653
30184938
30117454
30650788
18640920
30128908
30216362
30224584
30130027
30115622
30115102
30128720
30121235
30252851
30874309
30174237
21580599
30168176
30177211
30854246
30085040
30074446
30097350
30111029
30123897
30645284
30129565
20687179
30181613
30205471
30227238
30168722
30166117
30116636
30144844
30141142
30557491
30417808
23150969
30199092
30163378
30187342
30186426
30153464
30134862
30092628
30119431
30575950
21689010
30200705
30206021
30252787
30117502
30084011
30172401
30126711
30153378
30658057
30125967
30122282
26323209
30233280
30157649
30179690
30119571
30141853
30089660
30104364
30094941
30660831
30087111
26336579
30212629
30164745
30171247
30179964
30151469
30110486
30177745
30077081
30714162
21717392
30154610
30180051
30197049
30144648
30136637
30130693
30156940
30134189
30648968
21643689
30161539
30186414
30148991
30125306
30113330
30134551
30993063
30120369
30625800
26338749
30184481
30182502
30192550
30153391
30115396
30081740
41481843
30103053
25389495
30195227
30132542
30196798
30151459
30154439
30137844
30136338
18858904
30182305
30212887
30253573
30142137
30124124
30109652
30175893
30084105
26072604
30170542
30165305
30168253
30166660
30150304
30115600
30198958
27965201
30246231
30216090
30155898
30132444
30153287
30155831
22079038
30174740
30176529
30149388
30153299
30145839
30134824
20293138
30196904
30202611
30179402
30095046
30129511
30152065
21572245
30166761
30119842
30261960
30193494
30104455
30120529
25643691
30180198
30286394
30147301
30115320
30111709
22956959
30021149
29954031
30006066
29961631
29968323
22979775
30035318
30043571
30005253
29984767
29990784
29938399
21576290
29998670
29993854
30066859
29974357
29975416
29945068
22686546
30039463
30122466
29981864
30172459
29941182
29983130
27837650
30016618
30095091
30022509
29959555
30010380
24339561
30119332
30094100
30129637
30059028
30029717
24602514
30083327
30054027
30128200
30029353
30049013
28821071
30091596
30070293
30092686
30113184
22845684
30090178
30024403
30073407
30009351
20784143
30127673
30067420
30110348
30108940
21239367
30236951
30216730
30290229
30210906
22934068
30268697
30233637
30915533
30207562
30212371
25453124
30303631
30264407
30265864
30200794
30192326
30215286
26637480
30257159
30290363
30250722
30182471
30191348
20923187
30237469
30232719
30298226
30190053
30183751
30223955
30240237
21894105
30310853
30426766
30248781
30186949
30224528
30206209
30219842
30218145
30636035
27909578
30312706
30274675
30294953
30221475
30226904
30194955
30209053
30199524
26842217
30251140
30290322
30229127
50659139
30237948
30184453
30206349
20700178
30240076
30210773
30230360
30194153
30186987
30137444
30167866
17936239
30236233
30266418
30300502
31078288
30235871
30820006
30218862
21463147
30227435
30272022
30283246
30205329
30258037
30191212
30241687
24990074
30322525
30256573
30225384
30213777
30208153
30213386
23310694
30419286
30263049
30214924
30214876
30161533
30201960
25200140
30262009
30266167
30211191
30169433
30171273
20219099
30246493
30233904
30288713
30234612
30220404
30267109
30251578
21840763
30273942
30235524
30266465
30207795
30239113
30211384
30183149
27725013
30257571
30271433
30280608
30173929
30210322
30224238
25807508
30263440
30256386
30500382
30156882
30215692
30219338
29108872
30263660
30308106
30411950
30212815
30162413
22680257
30230467
30234433
30281746
30223229
30209010
20920392
30220133
30255267
30343215
30204236
30146278
30171137
30213467
25991645
30342862
30317160
30271669
30289837
30304406
30232288
30278119
30292358
28117110
30359871
30340968
30248359
30327524
30306154
30308877
30300564
22605936
30304149
30377655
30339985
30323064
30282289
30253366
30225057
21851412
30347267
30314113
30370747
30301562
30282026
30296333
30249180
24562504
30390171
30306247
30343098
30303828
30287611
30295362
21030496
30325128
30323822
30344529
30287486
30239144
30298375
21027959
30306169
30282890
30350899
30286829
30301675
30267593
23426635
30338690
30343943
30356204
30244537
30334433
19320762
30305231
30310773
30674184
30269728
30315703
30252315
30120311
30277766
30337937
30270035
30255909
19853746
30218417
30206214
30248070
30211741
30176584
23523643
30236500
30455703
30303504
30837044
20578005
30224971
30242951
30254255
30248268
19203827
30227784
30241722
30242920
30224673
20178601
30171430
30206194
30188135
30203629
30121071
21550871
30228422
30428722
30181746
30093393
30121464
30207693
21028623
30148331
30187700
30197957
30171407
30240577
30193629
30141440
20951397
30160451
30174170
30189311
30147611
30116704
30193435
30184038
30160222
25997990
30234418
30196986
30179053
30131724
30110887
30160029
30188960
25358373
31016097
30221429
30221762
30137146
30172038
30130109
17649084
30150623
30177391
30156249
30127275
30132451
30137280
30155154
24677461
30153418
30190961
30202900
30135273
30129953
30111075
24492560
30184884
30164503
30200680
30151442
30125915
30159325
28813874
30242791
30201184
30096033
30116104
30127814
23266230
30195242
30228041
30198748
30132524
30146780
30098186
30095313
26606111
30173227
30212094
30192462
30143583
30124889
30124764
23207104
30150606
30136199
30168106
30141602
30124880
30110467
23090620
30118966
30473668
30146851
30134275
30107055
30124766
26293635
30198158
30216971
30185229
30166229
30175804
22418394
30078795
30069886
30081689
30054922
30090489
21474685
30063862
30104149
30103851
29982895
30014214
22994230
30007387
30008935
29986315
29980598
29989351
28280532
30031777
30064707
29975316
30006395
23713916
30036734
29989044
30074653
29975004
30000784
20380430
29993465
30021418
30072445
30004371
29941129
29999066
29954429
25937702
30032505
30085760
29983642
29989368
30011580
29984827
19550539
29999511
30201706
30029062
29964698
29984736
30028693
30010173
22404226
30042170
30032027
30036323
29971482
30002377
29988724
19590968
30044711
30008660
30066777
30006815
29984975
29959894
29942695
29953371
21425138
30016954
30012259
30944366
29944569
29948535
29934080
30022995
30004231
19868072
30043347
30051662
30099949
29994140
30014374
29968433
29957588
29973589
18125445
30016669
30087231
30089951
29998260
29945233
29959500
29991702
29971889
30010373
29973735
18843102
30024894
29956553
30111392
29990849
29981862
29960331
29957331
29942940
29963013
29999541
24590323
30244497
30079575
29998289
29978818
29999401
29939520
29974726
29983344
30039727
24824548
30224956
30073635
30044497
29997347
30019224
29987094
29994444
30026076
20474384
29961589
30017840
30096991
29947964
29966767
29980459
30777526
29987764
19688337
30011510
30013389
30064174
29983535
29934773
29938754
29951712
29963749
23208975
30008209
29996993
30028650
30028373
30016595
29968733
29980675
21117181
30052928
30016161
30076779
30028878
30029073
30089811
30036685
22342252
30092333
30135922
30098063
30026398
30036380
30030393
30033870
30045783
30069691
29506169
30104622
30099726
30029771
30079712
30017271
33965055
30075068
30046826
29542181
30129451
30137475
30011539
30063840
30005244
30028435
30033122
22171360
30106600
30067787
30107218
30024625
30064173
30013104
30051304
20650520
30912193
30057218
30109444
29961618
29997377
30026631
30097542
22079825
30093666
30099993
30119982
29989860
30043301
29999191
30037958
28600019
30081830
30123573
30042709
30096513
30076968
30035567
26058595
30067003
30052835
30072477
30058886
30057893
30028237
29870191
30099664
30149018
30117026
30046958
30033011
23098378
30023739
29987717
30031780
30012606
29969489
21175128
30002004
30040504
31337675
29985570
29963586
22024084
30701561
30100713
30081886
30010319
30060122
25034110
30034433
30011154
29983971
30002397
21111672
30047524
30093850
30134665
30050600
30005891
30045953
25921284
30097729
30115662
30031609
29996598
30031662
23629197
30060242
30086369
30080918
30091182
30029180
24367643
30047975
30107074
30100008
30058884
30051762
30032391
23197488
30158037
30125435
30193389
30202351
30199609
30139431
30111575
30148815
29550767
30199779
30176248
30158468
30123904
30114486
30154667
30134531
26236746
30133851
30210346
30184205
30172584
30150899
30132478
18285645
30223686
30173311
30204447
30096453
30117296
30113609
30142171
24149780
30156911
30139361
30182118
30127550
30099765
30164626
23183475
30144395
30174337
30127248
30138382
30127680
30094382
30094022
30070151
29860907
30169533
30202458
30143018
30091559
30128847
30126012
30154762
27195295
30206367
30166548
30136230
30093742
30126210
30116011
19606784
30201931
30154740
30178844
30777454
30145258
30116033
30157622
25366788
30258997
30201394
30172661
30087720
30100466
30113300
24596014
30166836
30140967
30154282
30132560
30159293
30149004
28158721
30176935
30217527
30112404
30215909
30116822
22777717
30163175
30140847
30170116
30079560
30119024
21425887
30384331
30228953
30271144
30189389
30196196
22431071
30303107
30269364
30260613
30208389
30234644
26091262
30251664
30221795
41675625
30184862
30189874
18666184
30205566
30228970
30303405
30253937
30206434
30185164
30175240
30216591
29044793
30253362
30228276
30263587
30244851
30167291
30199265
30229502
24665485
30247220
30216022
30245502
30211094
30199271
30223911
30226467
25684326
30230633
30297626
30206980
30218140
30210041
30250051
20333024
30239720
30188002
30338087
30256428
30164458
30237611
30182125
29743417
30217884
30270390
30160966
30183366
30209693
19262011
30193664
30203493
30273553
30208735
30226511
30243400
23441806
30284680
30271240
30238946
30221611
30179155
20879046
30231053
30201923
30256878
30192800
30133489
20879352
30076887
30094046
30118496
30042697
30045461
23081010
30316561
30091012
30059902
30066718
30074531
30039387
24276286
30131171
30077354
30094567
30056449
30039164
18600415
30022871
30085185
30117140
30060865
30077293
30011427
30062203
23149746
30073877
30062616
30068247
30051306
30038813
30003538
30002653
23993105
30064894
30044426
30151377
30006958
29992078
30015264
19519684
30097006
30055374
30092867
30051989
30086582
30027200
30007883
27395490
30071562
30091440
30047987
30079089
30034948
30059250
30084349
30150586
30211802
30148028
30112475
30118898
22675622
30220075
30207378
30205864
30138120
30139365
20355961
30188387
30172184
30228834
30190455
30086457
20264840
30188589
30165642
30239068
30186700
30121191
22873605
30118236
30059624
30089779
29994569
30057375
29581193
30060493
30147765
30066757
30023922
25546018
30046715
30095121
30147371
32066261
25556613
30687746
30122818
30081024
30022633
29288378
30086602
30140692
30101931
22040431
30057287
30076500
30066753
30024682
29586577
30041824
30090898
30052143
30058642
25281312
30065882
30127143
30070419
30049306
30036531
22265014
30095836
30097488
30137733
30047091
30020980
30025715
23732435
30036803
30064791
29961906
29942544
29940695
29976744
25729554
30035017
30097265
30019164
30044526
30031545
30002926
30009805
23816208
30021296
30002638
30003560
29979284
29967440
30042348
29970282
25929720
30036373
30012784
29984815
29992043
29973292
30024982
21438223
30034796
30026329
30052444
29899183
29998313
29994467
20365244
30020806
29951403
30045016
29988409
29977624
30002705
22374931
29991600
29992436
30025029
30007620
30058187
30017357
28713545
30046064
30910939
30024811
29995593
30005021
25403382
30030222
30024558
30001724
29975816
30015520
26138418
30047176
30061988
29974585
29994114
19839002
30020295
29989759
30046976
29978853
29945657
26340775
29983073
30017878
30027899
29979212
29999553
20493041
29991782
29985303
30042599
30004360
30016745
29936970
30044657
24421232
29991416
30073994
29964887
29963986
29953561
29923926
29946631
26399635
30074777
30042360
29953506
30026449
29991798
29956493
22004098
30027086
30006273
30043324
29975411
29969860
29974995
30020573
24739154
30057269
30040656
30001366
30000835
30149746
29918005
29955622
29353669
30099718
30106520
30083775
30058746
30060451
30058365
23998970
30186942
30791377
30205575
30107475
30149844
30108495
23702937
30163299
30209211
30180557
30139121
30673571
30151469
26864320
30168127
30193004
30113868
30093240
30098633
22703906
30141204
30178639
30201442
30115647
30136682
21444650
30183646
30172354
30216641
30073133
30151984
22979658
32151345
30201615
30191807
30144731
30097598
27309359
30073811
30079940
30067507
30013811
23136516
30076467
30108253
30046459
30014995
22420782
30208262
30161064
30152711
30140442
23354688
30320164
31075017
30317210
30268453
26719471
30369078
30313760
30275105
21865278
30325478
30289626
30324165
30266184
30253418
29751880
30301269
30360194
30291577
30261322
30308379
23341003
30318678
30358593
30344364
30213620
30285798
30252262
30301099
26090375
30330762
30325822
30330950
30254776
30250793
30316593
22277427
30287127
32242270
30259558
30301060
30177011
30170325
30193104
30214401
54129000
30218824
30280486
30199971
30196977
30240871
30207511
30210377
29850731
30206971
30292140
30183013
30226949
30178857
30176071
21564314
30300802
30268956
30259801
30152013
30196602
30260375
18217818
30255162
30233251
30265033
30182533
30283069
30225235
18655147
30271647
30310981
30266175
30221793
30226488
30159551
23227315
30180431
30185351
30189731
30135514
30169580
18437345
30194491
30161457
30240153
30109703
30125595
30094986
29628021
30193765
30226847
30165407
30135436
20082335
30224951
30158808
30314735
30419924
30093198
24256014
30188193
30196405
30206747
34782269
21505236
30188820
30164886
30252942
30176993
20634173
30154799
30194804
30172870
30165751
22174985
30165775
30144196
30187316
30133976
25586842
30219037
30195192
30144031
21383508
30174722
30159790
30189142
18498769
30202884
30198009
30230640
30164131
29590262
30224885
30198304
30129386
19027464
30150468
30187604
30197620
30102886
30124643
20413352
30200631
30186427
30191302
30152596
30184385
30707958
20390036
30178771
30209988
30222506
30173795
30171395
30158682
19710881
30173413
30222786
30230105
30130706
30084243
30099656
22424209
30107280
30144416
30095504
30860399
30018943
30001522
29454327
30037808
30086143
29971111
29987640
29977701
26535664
30041639
30048846
29988914
29985678
29957486
29491647
30034044
30084994
28320672
28257055
21225141
30080315
30105098
30064915
29973576
30032262
30038083
30101469
30090792
30015680
30031241
26010269
28332915
28350951
30064722
30064344
29594647
30195716
30178249
30121033
21248110
30128771
30181545
30159563
30110751
26042431
30141755
30171575
30137247
23159679
30410805
30135764
30126998
22194071
30064597
30054458
30141756
22541855
30127660
30201049
30165900
30094202
25297583
30206144
30160622
30180042
30110494
18023953
30266363
30319963
30267087
30200271
30172848
19715908
30216280
30262100
30260852
30162869
30805633
21019962
30255973
30239626
30328195
30240233
30200360
30178786
20434803
30226960
30242371
30307382
30175617
30181677
30207720
19653206
30273773
30240321
30295498
30221476
30208538
30133518
22350816
30252018
30249440
30247662
30197487
30213242
30221641
29343247
30285479
30257160
30250897
30171233
30171756
41953333
30220924
30307194
30256331
30242744
30223411
28626923
30250227
30292960
30180687
30221371
21407972
30202256
30265653
30246755
30206807
30204177
28778543
30328988
30393327
30344545
30290418
30256609
23031609
35419012
30332665
30355850
30262738
30270771
30301765
30319942
25336343
30162515
30253117
30189406
30126093
30111076
30131211
21585912
30174216
30176229
30209511
30142391
30118466
30149709
21098039
30253476
30280464
45407220
30218300
30196504
30247540
23460784
30219186
30206202
30210278
30160229
30195862
19297953
30240262
30184104
30202677
30144069
30101447
30161619
29301272
30191365
30217311
30161296
30175462
18905891
30200530
30170096
30240455
30179212
30148231
30146340
18132694
30157177
30151831
30192193
30109593
30166344
30143014
30181668
24589157
30201598
30194981
30225097
30104268
30169286
30108831
30124268
20255504
30090805
30042234
30132847
30076218
30053095
30042024
30018529
20181911
32062927
30106625
30108635
30043975
30037420
30010533
30059600
30086810
25144908
30080393
30070876
30062247
30041711
30013760
30062033
30068931
24989409
30080749
30048762
30052236
30055426
30011842
30012676
18551395
30012073
30066288
30100093
30038183
30038249
30017539
30096167
25660928
30141306
30183913
30173107
30135120
30149339
30134669
25979029
30182731
30156064
30139057
30117378
30087549
19632306
30048937
30075332
30086613
30044949
29994304
29998498
25967822
30082007
30095374
30120939
30096669
30037539
25176945
30095744
30152709
30094800
30035451
30000149
28300774
30098440
30093509
30057811
30043580
21837613
30107634
30109527
30185935
30074624
18892404
30004966
30070509
30081767
30037651
30000611
29678385
30080276
30133537
30074662
19665320
30065873
30110734
30094549
30044358
30026418
21584881
30097173
30075262
30086471
30074220
30028749
25531187
30084992
30143649
30163506
30004266
22466887
30071627
30083300
30106042
30022002
30001463
18428895
30073210
30069417
30113458
30113350
30099664
30646583
30072349
29544338
30048320
30143502
30045945
30068713
30010209
20780448
30117334
30090473
30085409
30025376
30000529
30052073
25938533
30098197
30132998
30059727
30010351
30016793
24183589
30068838
30085795
30106884
30025275
30035717
25487554
30121388
30161064
30070154
30034578
19339244
30071677
30071051
30093178
30062259
30075045
25308337
30094020
30138387
30130873
30019524
23768972
30096881
30068064
30091171
30046140
30037337
22321753
30183409
30125158
30097502
30032102
30008049
29993474
21853832
30064651
30029929
30106216
29998091
30020089
30033111
21454872
30082981
30104215
30109596
30068864
30035911
30051867
30052400
30009256
27040983
30120233
30097965
30078711
30050149
30013697
30037842
30060420
22419791
30106724
30103155
30074793
30016834
30059365
29982888
30074784
21599592
30047614
30010105
30037835
29974031
29921246
29954207
29966451
29967811
29990422
24857427
30027100
30053996
30075997
30001900
29970920
30020648
29946830
30002446
22501397
30032993
30044446
30063666
29967746
30009522
29977293
29947593
29946996
24244828
30113855
30132464
30053279
30047301
29994624
29965856
29995271
20468534
30036783
30043927
30012191
30006436
53314246
29972177
30011244
20435743
30053113
30010978
30023000
30013560
29975087
29985258
29990284
23582602
30042541
30031497
30062304
30009847
30027491
30073926
21052598
30000444
30011599
30086290
30015869
30016126
29988231
21131338
30042800
30036858
30087193
29965451
29961249
29998940
24241245
30051817
30006415
30045087
29969073
30589689
21018252
30022035
30019951
30078213
29978220
29954729
#end
