#729a2951|blade-2-m620|jdom@54ed0cc8b7e8deffd5e088305ca7723dc0bd963c:org.jdom2.Verifier#checkCharacterData(String)[generators@bcfe6d43107430b2604e2e34b9151742941652e0:cz.cuni.mff.spl.casestudy.generators.ParseFileGenerator('MQ==')]()
#date=May 20, 2015 12:15:00 PM
#warmup=1
#count=3868
#begin
23333001
48284035
25973629
30880639
30172293
25311064
30959199
30199028
25460998
30956944
30200414
30574736
30102416
30124969
23400895
28959667
28379158
30552404
30139524
30102631
25295112
30942999
28335130
30614392
30130344
30134260
30627050
30106744
31151803
30108297
30092842
30095896
25094445
30848050
30135029
30145244
30098818
30084893
30086022
30091405
30052786
30174373
30083879
30138583
25432862
31005530
30773948
30213818
30237596
30283355
30254089
30262179
30274204
30244588
30221024
30214384
30200067
30249115
30216584
30179394
30041246
30315698
30205724
30277286
30265673
30244964
30224375
30221193
30187571
30216729
30207009
30306364
30228356
30186449
19725895
30323950
30281877
30198978
30268227
30215989
30256758
30231013
30979758
30257413
31410790
31079449
30251814
30232149
30239733
28262837
30281919
31097580
30201983
30208569
30195188
30222466
30186924
30187613
31084100
30175067
30221555
30292533
22916022
30328600
30304360
30279244
30245649
30163146
30198081
30204228
30180816
30229458
30215556
30171719
30241751
23679808
28500796
28503404
30227047
30267489
30201262
30229682
30225162
30200400
30226680
30194158
30277406
21417650
30411712
30345078
30331001
30308480
30311326
30327279
30320902
30288562
30343431
30266031
30304678
24203001
30351029
30320956
30387460
30320449
30257731
30329123
30315404
30330722
30316638
30278433
23000897
30383165
30389913
30397062
30342364
30313176
30299784
30304893
30351671
30300369
30258642
26544879
30374387
30276339
30363842
30297865
30327235
30350728
30294162
30296813
42092011
25284361
32416245
30315444
30293156
30316617
30317721
30332269
30333375
30355964
30326123
29487574
30402502
30355649
30351499
30349235
30344682
30326711
30347744
30349541
26354233
30398950
30315748
31124306
30326786
30325861
30315169
30302023
30301758
38385434
40357822
40390847
40313163
40332442
40326810
40422292
40318138
29904678
40386736
40458695
40397771
40366120
40350705
40377794
40317043
30143010
40319405
40519069
40431696
40425693
40343001
40312842
40294296
37840820
40383159
40475483
40453318
40448018
40332018
40394966
31109994
40404538
40289299
40416927
40345696
40357950
40225687
25064374
30188779
30070715
30136764
30081953
30106508
20577141
30240013
30223471
30742786
46919670
30089931
30147064
24899741
30165260
30097925
30193744
30117662
30136057
24203533
32126485
40899965
43382296
33157865
30117871
26552989
30356865
30309689
28462086
28562948
21226492
30381109
30337798
30332753
30289225
30304862
29751804
30305144
30311709
30302196
38135794
28561248
30325671
30285611
30308335
19635138
30376624
30355347
30253267
30299168
22813057
30360324
30251357
30272742
30254806
29849644
30311219
32492572
30261357
25887960
30367978
30242059
30290624
24776994
30326273
30238335
30243544
32983555
40093458
40141334
21384803
40052931
40242485
40186793
40205664
28308163
40182067
40256277
40205213
40148889
40337853
27734669
35364146
30309893
30309637
30340937
30308157
19274715
30397909
30436187
30372289
30297868
30279391
30251849
30281189
30307532
26309033
30315082
30266777
30304208
30272716
30323245
30256779
30274917
28014552
30368215
30251262
30337557
30285286
30244705
30261540
21779331
30338026
30354268
30317425
30267573
30231871
30238418
19667911
30366327
30289822
30248267
30542997
30259977
30282029
21043138
30352034
30293489
30256482
30340850
30284933
30271854
30301590
30243079
28929903
30305593
30233989
30274707
30304660
30289831
30283673
30294887
29912145
30301575
30346480
30290744
30309113
30246316
30276442
35599009
30357324
30318146
30278767
30237973
30266199
30575287
20377586
30344931
33181365
30280069
30311984
30258864
30263365
21010370
30357222
30325315
39255961
30295075
30270117
30272323
24829820
30354560
30266281
30274381
42726353
30267391
21923487
30382464
30327209
30271882
30328633
30283995
21517467
30378084
30323444
30297840
30271257
30313913
23685290
30375693
30312761
30328105
30260554
18688958
30347024
30324493
30304167
30283177
30256060
26158915
30279491
30269737
30367880
30249575
30232704
22945629
30225640
30148846
30198885
30170980
30157462
30212313
30162322
27615077
30253542
30824382
30193985
30117998
30187624
30126307
24610949
30275490
30148039
30152279
30144771
30175760
30180191
30151981
30241484
29257771
30276962
30184497
30162669
30158334
30155940
30198014
30188895
30149707
30146030
23374095
30230184
30190815
30208522
30182465
30191549
30191973
30115389
30187644
30169702
30152142
30164287
22674477
47054599
30231633
30167231
30144653
30140786
28375194
28362570
28359667
28369181
28347063
28358699
26698515
29304638
28383843
30170415
30142797
30159654
30145302
30100673
30136669
30152160
30123340
28550704
30240177
30174295
30165978
30169869
30124887
30163959
30148472
30154578
30203026
22718377
30250705
30189443
30167164
30185286
30243477
30155440
30154313
30184969
30164553
22768122
30247153
30156257
30163479
30216379
30103731
30151366
30147502
30169142
30131438
28991216
31187537
30138443
30183607
30187700
30154398
30103534
30160202
30163756
26915300
30237328
30147335
30182822
30170533
30196181
37677923
30206888
20512454
30245806
30192069
30201153
30197093
30098336
30152428
30119186
30204197
28768806
30211571
30220115
30155446
30201896
30165127
30135205
18330235
30215244
30216406
30153486
30186620
30169682
30138551
30138511
23270304
30276100
30197811
30160231
30157282
30217842
30163204
21619673
30214935
30186315
30193446
30163363
30152416
30191100
23003143
30218567
30184295
30197948
30216947
30145300
30226149
28546172
30250500
30135131
30245475
30211945
30169273
30182191
18945669
30230807
30196157
30148484
30140704
30139724
30177064
30167023
30200042
30171213
24323485
30197775
30212760
30132077
30138951
30184926
30158005
30177324
30141758
24299677
30217597
30174380
30179582
30163915
30211288
30115267
30163651
18243567
30221856
30279757
30187824
30134986
30172475
30185693
30185388
30154639
26716539
30209762
30144371
28365063
28409096
28355440
28373206
18341371
32217621
30210453
30120288
30172751
30120779
30138384
30152653
23639113
30217371
30221365
30196444
30143692
30158102
30181200
22670614
30223311
30204435
30166164
30164816
30184402
30154645
24447963
30212688
30147828
30175398
30141564
30141526
19786579
30293160
30201495
30180353
30181135
30193845
30195108
30180662
21696885
30224566
30226644
30203598
30174297
30186544
30127838
30130675
30167720
30179166
29717652
30181838
30154449
30123937
30101395
30134551
30148887
30114960
18788751
30240010
30183966
30125473
31086884
30086835
30126902
28283594
28351505
22419476
30203284
30136182
30129897
30099808
30114144
30136007
30079791
22508911
30163415
30996062
30098742
35523396
30085024
30107524
30084582
24811503
30189820
30154100
30159526
30111977
30086918
30137891
21034018
30191184
30154529
30112233
30124093
34670920
30154102
20444199
30164431
30212786
30144256
30106104
30115231
30162603
30120040
30103958
25470710
30207173
30140192
30095851
30085562
31987113
30094001
30094281
24421670
30245289
30152169
30148046
30171631
30149531
30165486
30109009
28323256
30178792
30121976
30167729
30088831
30079776
30196788
23576899
30281924
30240751
30827619
30269564
30198920
30222775
23277039
30323516
30280880
30278020
30269572
30206700
30277933
26195551
30259646
30198164
30221500
31075722
30191629
21875316
30258248
30250757
30210378
30218381
30243775
20875690
30298505
30254342
30243599
30258374
30219044
21956954
30305032
30237136
30210757
30219499
30221037
30226802
21622399
30305266
30264796
30243298
30225864
30220231
30247935
30187590
30236488
27957293
30327562
30230466
30259804
30336853
30205659
30201890
30184749
26850787
30427975
30369584
30356364
30388177
30431664
30369321
20014711
30484122
30443717
30373172
30405621
30358327
30415000
30429058
26629475
30462348
30335726
30641653
30389595
30390180
30397881
26557626
30444019
30435024
30337055
30339731
30405498
19529966
30390786
30352492
30301829
30297307
30268291
30297913
25744320
30314360
30253284
30245490
30306543
30263681
24513221
30360649
31319721
30320557
30265494
30221511
26369407
29966247
30233487
30306160
30306184
30281673
30291629
26457835
30356315
30282740
30299087
30250604
30334684
19679995
30338396
30293373
30276562
30282620
30289354
30268150
25654198
30362638
30297157
30270990
30305486
30253592
24568863
30334975
30239742
28474125
28479205
28443610
26349781
30311922
30288386
37999860
30250159
30303508
30314883
26501111
30317893
30280172
30217100
30254863
30266169
19434937
30402973
30358424
30331126
30275374
30278646
30282873
25723893
30363951
30240644
34350404
30337636
30291057
30257589
19170684
30340613
30351798
30255846
30278967
30237378
30285186
30229573
30261851
30227753
30307753
30260782
30298593
30275402
30276960
30258748
21284028
30297024
30303348
30257458
30283560
30250169
30250574
30226706
28859461
30374849
30310219
30312723
30306637
30313116
30273718
28131432
30367904
30279191
30327335
30299501
30333371
20426839
30361378
30332196
30317305
30365988
30384064
30957300
26096980
30384704
30260457
30320660
30291603
30283593
24602741
30414033
30318376
30278018
31168700
30323162
26204313
30360664
30322962
30316102
30265340
20636365
30403606
30352551
30330040
30303102
30263678
26792578
30346602
30320196
30277947
30327029
25540043
30413168
30291442
30347242
30292395
26742446
30318211
30345408
30310178
19653624
30338167
30346281
30313953
30386153
24832380
30375856
30302920
30311170
22164133
30398617
30336066
30309320
20934543
30246050
30236909
30263753
21546349
30278911
30198696
30172051
30414769
24051797
30174746
30127645
30148222
30165562
30098147
28778276
30165300
30173029
30172925
30152140
30141984
19552570
30242322
30149984
30117642
30186411
30123389
30136224
21653743
30206436
30249937
30209622
30149049
30132134
30125740
23562922
30343548
30255138
30215115
30240714
30193317
18753396
30301624
30319044
30220693
30217329
30273948
30208137
26788419
30273715
30213867
30215451
30223204
30216307
30247800
22418125
29047133
29884934
30235958
30231845
30193558
30233073
21561160
30287296
30263442
30230259
30236080
30224833
30267953
23401033
30313823
30242537
30189775
30227962
30244233
18186907
30269013
30291184
30183918
30211366
30288824
30208989
26793328
30338884
30234095
30201848
30214733
30309079
28746388
30246630
30231575
30234402
30219755
21198351
30455515
30472569
30309806
30332964
30268320
27098735
30415809
30361685
30361893
31230926
25280579
30495903
30419022
30479013
30505790
25783627
30412691
30424438
31021982
18069565
30513204
30426700
30371126
46268510
30379104
21743058
30381344
30347397
30321195
30302571
30320082
30292262
23272610
30401321
30326047
30345675
30348634
30303682
30376957
22134658
30481463
30338837
30291000
30321784
30324369
30294693
23502558
30360804
30309631
30363097
30353837
30315905
30320277
30406686
22793467
30413340
30327225
30362026
30344291
30289552
30329011
30329842
20659338
30406087
30420070
30350908
30355646
30311793
30344722
30291155
18032222
30377149
30387833
30292826
30340696
30342610
30288529
30306013
20382659
30386955
30347513
30306950
30322877
30335633
30286311
30335838
25629395
30467576
30411469
30415495
30367929
30356367
30426226
24145527
30375971
30363451
30307566
30329170
30267144
30301824
26273144
30402370
30372675
30376337
30424671
30430365
30405695
30402478
24356708
30472964
30358733
30374271
28578027
28594083
28587577
28569145
28578299
19618108
30487682
30446549
30416531
30399975
30385195
30374474
30421393
30448664
18759957
30487174
30446111
30382286
30443631
30343863
30360742
30331133
30379828
22790260
30360903
30328620
30321848
30328120
30261900
30293686
30350089
20402153
30350526
30339683
30328842
30350206
30303964
30346750
30322962
30325466
30320595
23646013
30361937
30277113
30380808
30323057
30325125
30327460
30292975
30303547
21713925
30385904
30342811
30345820
30317650
30316384
30324103
30325143
30305738
23794339
30363475
30384271
30403222
30332973
30274804
30299004
30289033
20400079
30318458
30341731
30387646
30350253
30312815
30334329
30277526
20507888
30369642
30388737
30313853
30321673
32297354
30346155
30318777
24147669
30404136
30306784
30332038
30294730
30295156
30317975
21645822
30356217
30310531
30311860
30316451
30297712
30331475
22039054
30363860
30368335
30265803
30308015
30277484
30297511
25754109
30392004
30355128
30319173
30380921
30303662
22416085
28563170
30337131
30341304
30310998
30330973
30302154
30301513
26352642
30331886
30307891
30310362
30326271
30295076
30327487
23624104
30372622
30368515
30350835
30338593
30322215
30308126
24234190
30371195
30339729
30291172
30325337
30271947
30317893
30025991
30392349
31821192
30306010
32311723
30280401
25035005
30347363
30306594
30295175
30321131
30270436
24586024
30368874
30273911
30302522
30274666
30257507
26887740
30229551
39143219
30173600
30191645
28386272
28402994
28909850
30200343
30198341
30150897
30142368
30146064
21438509
30246058
30204441
30163457
30124933
30170228
30170869
30153392
22267553
30231139
30146202
30161422
30143059
30131327
30115942
30170168
30174179
24288490
30231404
30163166
30177085
30124274
30179838
30149703
30203217
20485065
30232575
30221020
30134349
30182247
30234398
30122177
30157220
30150548
30137622
26137427
30267005
32185274
30167907
30177510
30124257
30137729
30136879
30234577
24525020
28395748
30166322
30145846
30180994
30192559
30176531
30150620
19631442
30242762
30233717
30166881
30153022
30120482
30195982
58283503
30154048
28479057
30203227
30138028
30146146
30172544
30149131
30250521
18954311
30253213
30192836
30210173
30189555
30205835
30131057
30154097
22743619
29860615
30218555
30187126
30085842
30153297
30166924
30169814
30144795
23910377
30211929
30143129
30144772
30172548
30198784
30170164
30167844
30135316
30124782
29019598
28418043
30009462
30173717
30138840
30155753
30158867
30202686
30149508
25686045
30264109
30173696
30166815
30156345
30144284
30187989
30128969
30807468
29439476
30240051
30181710
30157763
30178132
30150846
30145407
30137873
23893917
30264792
30145134
30145955
30139629
30139336
30156857
30185364
24022864
30751191
30147499
30144120
30118095
30194203
30148851
30173773
29679614
30243391
30200489
30161035
30142956
30182325
30183686
25035238
30168235
30124295
30194873
30395560
30087667
30111862
25570644
30220602
30128725
30135018
30146314
30066372
19485520
30195912
30166636
30111374
30125378
30116302
30127858
25752311
30165759
30118966
30156460
30083567
30097758
25167415
30204385
30113908
30146136
30127157
30137865
28365335
30216825
30174838
30106644
30095276
22277547
30353119
30285982
30284420
30296668
19045364
30299864
30363044
30242902
30277297
30277815
30312413
25564371
30315133
30292599
30291971
30209293
30243641
24771746
28476748
28464130
30254141
30293328
30243667
30325999
22033787
30300471
30326798
30269366
30287531
30286086
30282635
22445495
30354978
30272700
30284685
30299434
30269964
30295489
30245635
18865357
30364354
30335846
30273564
30316195
30273159
30301773
30228393
30230637
23213802
30338326
30330111
30280245
30299795
30283853
30292435
30308108
21776483
30345790
30328966
30245581
30263542
30241866
30278627
30257542
23253724
30367673
30285160
30308646
30301051
30294872
28493989
18492307
30245941
30200347
30191226
30148602
30184109
30163578
30167502
28634302
30191871
30144784
30207393
31037830
30144071
19659944
30233767
30199535
30174179
30172311
30134522
30199495
24462825
30206367
30117971
30108432
30093613
30098738
22554629
30206191
30134571
30143055
30420667
30075742
23224440
30195768
30179867
30126693
30131116
30079874
26631673
30151996
30080555
30083248
30147622
22601562
30183775
30145407
30124440
30139640
20866977
30207971
30185033
28272632
29942686
21276961
30173065
30206687
30114922
30112573
30080903
21918316
30204613
30165502
30442697
30156975
30111522
30099578
20598290
30156758
30213245
30156791
30149884
30117392
30105194
30147771
30109227
24710385
30185326
30130493
30136838
30156354
30168477
30173418
30141755
30169943
23066793
30193104
30141677
30102774
30130449
30146918
30130122
30148236
30130808
24380379
28414312
30162387
30141222
30159428
30178503
30121915
30159705
22305240
30252326
30194462
30129915
30182571
30129251
30211575
30140582
24963458
30259008
30228403
30148887
30151091
30113061
30141347
30097715
26642035
30229985
30157560
30118657
30123756
30107053
30137692
23909776
30231204
30126747
30160795
30109420
30142699
30163355
24735752
30238824
30125993
30125671
30195177
30148338
18550473
30226722
30208760
30165915
30189413
30158245
30197715
25485539
30166480
30126960
30139196
30091707
30182025
25185281
30180541
30115251
30158584
30178691
30141729
28637811
30160531
30186103
30159751
30134109
22414018
30210191
30193910
30160653
30167618
30146174
30127072
45715913
30194373
30155331
30136458
30148853
30128553
22974295
30197647
30221853
30153207
30185495
30191055
22734509
30470268
30343035
30319193
30314329
30416301
24869425
30362875
42063097
30327080
30299039
19605621
30411171
30377699
30314599
30289846
30279300
27045735
30427720
30371280
30411980
30282219
26440451
30575812
30326331
30334398
30334095
29075916
28552074
30329864
30334513
22000762
30393636
30599054
30276509
30300839
29196525
30484117
30484006
30522418
30364039
24441334
30360756
30320681
30309360
30301233
30318282
20961908
30417226
30331911
30303301
30320622
30336544
30305336
30317709
24286963
30381709
30350330
30307891
30259502
30297779
30385771
30284211
30280459
25730522
30365462
30271844
30356017
30302891
30261414
30329329
30307460
21631459
30405545
30311205
30303966
30341153
30421632
30289411
30302369
20459916
30348636
30322409
30303304
30349160
30308093
39098870
30261884
23134671
30374194
30320878
30304616
30522866
30319509
30312168
19722862
30365286
30379383
30267888
30363716
30329658
30342435
30298842
30352180
23185980
30412753
30299691
30289631
30322862
30365493
30298707
30339184
20926310
30391680
30323795
30378903
30341049
30343878
30320573
30412515
23120085
30389164
30350227
30423286
30273177
30297873
30529592
30303315
26571997
30291526
30243815
30236686
30340644
30247373
30294544
24847804
30355756
30268993
30254878
30272144
30273901
30266668
26149787
30366090
30296636
30280135
30273813
30294275
20754208
30385321
30304306
30278233
30332874
30268847
30288446
29934580
30301022
30314435
30278520
30245854
18730749
30322876
30342740
30253723
30278844
30269946
21362650
30330857
30272261
30245029
30336424
30298358
26932537
30580964
30272397
30210384
30559379
24593568
30334735
30265567
30250020
30269571
24716034
30333688
28475674
28432226
28463749
27025186
30325139
30292248
30303011
21640238
30386651
30321555
30282142
30225512
28495374
30318235
30278362
30302101
25733476
30359364
30296581
30296613
25384843
30404343
30651125
30335404
27244924
30408559
30305945
20417243
30347150
30339226
30297869
24590592
30318907
30280538
30308497
22334753
30498938
30301743
30313133
30276202
21527134
30345878
30328482
30287524
30287860
30262875
20559855
30463750
30327906
30298629
30278637
30256963
28497661
30306055
27371941
30328190
30272929
30310193
30277153
30228646
30342828
23480393
30299668
30332484
30300064
30274146
30325240
30235207
23384777
30350529
30309941
30912165
30275162
30312778
30279901
26777699
30413320
30280748
30317958
30226687
30293173
22790984
32234978
30210802
30170993
30205353
30179142
21837740
30223024
30175964
30199895
30184042
30172277
23236250
30857646
30163022
30233517
30142270
30173662
29052441
30227493
30188089
30228489
30158460
24220968
30241433
28442133
28389337
45083959
23246099
30256918
30175364
30146947
30175167
30168653
22353860
30202683
30182102
30198318
30174034
30128035
30127077
23608915
30204155
30185382
30187675
30110522
30139403
30217185
25436969
30196840
30170738
30172138
30179035
30188695
30125599
30149904
23268468
32301420
30197113
30139371
30196074
30190742
30155209
30161602
21430141
30220051
30184942
30182715
30127342
30161173
30202602
30165247
30142274
30167287
22842846
30265228
30169055
30238281
30195627
30140964
30112797
30133071
30170720
30164387
23187508
28396763
30163404
30240293
30228021
30162464
30160378
30184182
32134152
30175855
30153844
30204124
26311420
30224702
30173545
30201835
30164236
30155247
30134500
30138562
30163544
30179408
30175309
23553625
30416898
30157273
30229293
30183539
30131146
30162913
30165684
30137834
30151993
30161833
26312900
30173584
30144722
30181224
32107874
30162533
30140984
28294060
28347580
28328930
23852614
30219137
30124735
30123073
30140985
30999142
30113109
30132935
30120820
30193042
26418019
30203064
30134627
30138992
30158701
30115495
30165042
30163713
30099240
23197642
30189306
30104600
30137415
30150737
30129495
30162373
30148891
30178675
24556374
30198162
30106211
30104529
30176391
30123722
30101589
30208410
20625423
30208569
30179309
30136324
30139745
30129316
30128948
30170820
19577500
30233842
30142093
30116393
30161962
30123756
30109310
30157562
23202306
30278820
30221513
30120475
30185393
30166175
30138951
18336087
30223100
30223122
30162939
30212375
30206914
30286546
30161660
29917693
30235064
30756773
30167728
30177744
30140936
30138655
30150364
23692005
30289153
30188413
30194272
30186206
30222882
30141784
30154618
23441904
30226000
30182022
30181428
30143376
30129620
30170238
30165467
26535157
30203408
30248699
30189953
30160678
30150098
30181705
23212587
30308921
30226962
30209326
30129655
30151322
30148313
30154708
30158862
25100718
30219613
30130800
30167609
30167553
30207469
30167166
30151798
30145064
30154202
19580686
30255630
30246995
30184362
30205384
30181369
30187807
30157262
30141198
30165011
30168782
20554690
30221417
30215989
30142004
30209487
30154818
30198658
30163482
30142338
30178283
30199066
26287066
30212364
41392009
30123376
30194145
30193829
30158013
30162195
30165911
30187862
27486458
30275375
30120473
30189399
30214729
30166826
30180991
30140905
30184262
22398062
30921721
30195979
30193346
30127742
30133540
30126664
30197364
30216673
22180556
30229388
30195481
30137602
30167756
30132582
30166096
30173353
30162055
26170795
30166714
30130826
30161151
30067087
30095395
30129792
30158819
23822330
30175255
30113394
30143781
30106075
30106981
45400073
30121967
25492052
30186813
30098936
30121953
30091351
30097347
30119386
20787074
30252522
30232964
30143282
30136177
30117548
29571082
18945771
28442323
28435043
30137773
30170080
30748255
30141769
21234196
30212420
30173222
30175210
30144423
30226082
30147366
25881743
30232955
30131528
30129885
30124953
30171666
23584952
30180699
30186418
30174989
30164924
30160373
24036244
30273456
30143897
30143982
30171758
30163391
28498838
30313471
30252205
30207691
30242760
23067493
30302267
30252646
30242778
30196424
21206416
28483548
28463325
28413681
28467292
20895939
28474754
30220135
30241962
30262922
30225463
21840807
30309777
30261406
30272055
30271251
30221573
30241180
20546528
30271373
30254764
30230908
30242099
30231077
30223520
30253247
30235194
24108715
30278413
30239133
30239098
30191627
30180849
30225078
30210217
22443944
30463697
30434090
30398369
30399486
30390508
30384932
30160872
22759853
28670676
28617812
28580083
28545565
30372700
30336122
19579041
30478132
30445650
30381389
30410933
30973397
30412253
30432504
30392711
19573528
30480008
30413464
30439571
30421953
30411606
30439895
30379086
30416991
30437515
23615358
30410326
30427224
30441910
30402923
31446519
30382645
31233496
30646111
23608857
30485163
30466560
30419555
30411091
30379977
30385282
30388472
30376491
24819245
30460733
30395679
30429875
30414047
30387900
30388738
30374193
21938487
30387082
30408431
30272362
30296113
30215960
30317460
30298186
22023121
30394237
30374504
30344276
30294789
30307053
30328894
30295284
24562918
30334229
30898159
30306057
30310328
30345386
30260575
23152347
30414424
30360153
30280739
30315417
30321904
30275944
24296344
30360686
30270277
30281662
30280064
30268096
30264689
26415127
30306240
30253202
30262571
30275220
30270561
24212194
30231337
30187605
30208638
30167265
30168191
23694915
30213925
30179105
30134249
30134557
30153245
25940425
30236895
30153277
30158737
30176126
22582962
30270844
30222913
30175458
30150706
30179984
27352637
30187742
30165084
30154450
30452014
26254404
30212451
30179769
30168753
30157307
29650782
30235877
30155373
30158169
21900210
30188048
30142530
30140156
30141524
28652548
30817021
30140974
30181783
25040534
30225602
30158191
30173266
24332699
30240785
30152705
30161813
25782756
30192948
30173180
30122593
30134509
30180568
30141728
22979564
30209309
30150821
30146431
19827073
28377347
28387421
28320152
28334884
28287562
29977141
30203583
30097664
30150473
18805219
30168132
30128140
30116004
30180737
21971618
30238402
30119375
30096060
30144693
26979888
30169311
30106580
30112264
23897263
30182367
30148664
30133791
22609076
30201249
30210519
30119990
23553644
30235931
30164893
30128845
25056294
30292911
30290740
30239226
20451872
30336913
30260185
30269288
30212361
30232169
24717632
30268337
30254079
30250448
30192861
22574129
30278199
30266482
30244484
30257860
22578122
30245836
30320262
30188706
30211558
24751759
30389191
30328933
31130870
19071687
32384416
28633000
28497818
28602890
24067661
28651699
28526934
28626965
28588683
21770718
28668745
28609027
29932964
30427615
30408467
19521633
30455664
30445011
30449702
30430476
30357920
19378221
30448042
30421763
30379984
30432870
30409933
22339820
30463439
30439318
30397889
30435170
30391926
26776227
28610381
28562020
28597925
28576779
22839961
28665666
44173989
30442795
30343860
23543886
30479486
30366275
30383235
30388371
25465523
30417682
30302630
30370676
19279953
30419097
30363499
30286373
30304209
30323534
23839713
30351145
30274309
30406411
30344695
30317450
30276807
28955825
30356762
30347539
30312136
30367704
30318846
30318626
18479214
30372386
30352904
30335880
30239960
30296220
31404521
30354649
19417318
30344203
30400125
30359635
30278065
30334371
30261285
30308729
19619150
30425711
31041388
30404460
30407402
30416705
30338826
30415722
23551877
30438444
30417173
30358280
30349178
30362337
30364710
21249547
30410486
28585854
30372021
30361218
30327106
30333973
22259280
30999827
30331165
30287478
30275275
30293204
30274382
26033194
30927653
30290895
30280099
30272178
30283370
22865304
30355582
30300741
30290467
30322763
30313323
30271635
30297644
25976173
28488774
28464113
28529226
28441679
30292020
38487182
30287218
30261122
26167924
30361717
30335001
30265368
30329069
30214238
30293906
30277557
19543779
30224746
30176351
30109329
30100435
30094551
30208693
30131015
48272738
26598235
30174018
30137102
30077023
30108686
30156813
30104103
30102757
28939542
30159084
30172857
30124197
30157335
30109681
30069709
22228660
30210064
30127873
30135798
30095968
30119202
30174235
20519004
30201891
30144293
30169603
30102129
30182539
30123309
21688014
30173618
30161218
30239235
30175417
30148400
30117926
25893156
30171000
30126904
30117829
30072447
30248760
23116722
30187661
30131670
30112975
30148978
30133071
23292257
30246137
32127143
30113049
28308383
28310857
25974371
30156731
30136524
30132058
30192369
21501736
30228277
30208848
30178553
30167233
18998237
30295640
30279931
30196523
30183591
19738355
30189160
30192373
30076718
30156654
30123942
18516058
30169065
30168492
30173991
30109846
30093264
30107026
30132286
26598864
30137764
30391695
30135886
30119501
30078542
30228134
30064375
25837431
30187062
30149660
30148371
30138629
30152034
30140634
18727709
30197191
30145791
30094466
30137406
30144065
28400700
29977703
25147070
30155126
30114442
30174965
30132640
30116253
30113158
24742735
30214275
30148447
30091787
30143809
30132828
30084811
28946169
30178066
30086096
30167718
30111109
30119650
23355451
30197915
30173575
30098771
30146273
30151904
22262182
30222122
30165369
30161467
48534353
30117951
23512470
30164266
30116256
30143860
30132364
30147022
29267891
30136933
30127476
30120825
30149246
24162830
30219617
30168373
30130066
30124502
23197649
30208273
30134699
30176591
30180259
24011288
30267140
30106797
30099698
30175387
30131098
25455665
30204082
30140926
30218042
30127082
30094897
30168693
25072229
30213405
30116029
30133986
30141800
30141085
30123854
23999162
30304506
30140686
30168420
30112813
30157568
30131104
26386009
30240222
30135231
30121988
30147353
30121739
21752486
30232959
30193275
30207122
30190071
30177299
20175742
30220844
30199337
30144111
30103755
30201851
21285043
30183331
30174790
30137036
30182857
28353812
23135060
28412950
28357068
28358479
30116412
30130987
30123249
26637135
30198839
30150848
30457814
30143961
30186519
18847558
30265424
30207166
30142873
30144041
30131526
30159878
30169289
30168575
28961716
30709869
30129504
30137315
30183566
30229993
30144924
20765952
30190013
30181091
30112624
30090852
30150792
30209902
30108864
26389669
30235326
30156482
30141604
30100888
30176566
30170274
25897852
30357422
30337302
30302571
30301717
30316126
17757715
28589125
28584495
30308950
30343199
30271956
30898270
23964295
30376391
30297798
30343096
30312008
30325338
22606209
30392268
30328182
30288396
30311261
30318666
23711220
30326552
30346764
30333926
30281526
30301219
29080281
30373727
30317252
30312696
30287404
23763544
30497596
30411575
30379830
30350493
22695338
30470535
40504169
30393368
30382600
30451149
21120212
30444544
30417531
30391749
30381929
30345493
30437393
30375479
29459241
30429915
30362189
30370176
28577084
30122418
30429311
29836562
30357870
30352784
32987381
30340700
30366913
21407809
30276196
30198091
30151963
30162237
30181151
30173011
28855572
30182382
30135322
30164536
30174928
30278460
26689591
30245644
30174462
30204958
30144447
18225696
30263029
30193141
30759673
30183182
30115964
22995142
30173715
30184690
30137559
30153451
19822055
30227430
30214880
30189362
30113251
18888529
30226769
30212266
30177233
30182429
30215958
30364313
29662462
30201631
28436805
28366823
28337743
18977606
28438647
30224747
30206122
30184244
30181458
23851633
30246193
30174849
30183369
30100019
20810163
30262768
30170696
30186510
30472615
19751658
30244135
30217726
30170658
30159271
30147092
18176227
30248411
30230655
30174292
30206054
30136205
30183902
25986271
30228724
30188529
30168854
30129284
30165191
30148500
22549049
30287139
30196621
30122662
30185666
30141364
30189702
19355459
30224779
30247066
30201789
30207357
30380226
28355569
30170770
30153022
21224679
30259840
30223670
30144558
30159024
30161583
30200689
30195510
30161421
22945811
30215415
30138589
30104878
30159442
30098695
30100171
30111287
18942762
30188824
30223713
30128100
30185137
30104842
30129980
30118721
18713156
30219842
30206830
30103060
30177926
30109929
30089548
30179273
22400093
30238333
30135837
30736632
30162102
30102333
30118386
19496106
30211884
30186185
30120824
30729937
30139004
30094700
19714357
28392468
30180133
30089078
30124895
30142875
30156718
23116549
30159428
30155047
30766423
30125209
30094084
19560370
30301571
30184753
28318981
30083195
30099415
18448831
30187344
30192612
30086171
30128069
30121289
30099944
30184698
25680763
30187996
30116166
30132028
30064341
30098349
30112061
26109623
30201381
30213662
30127544
30170247
30151084
19919397
30194764
30132919
30135829
30116251
30104896
30118684
26171760
30181115
30097709
30128053
30114476
30157091
30073174
19675250
28462001
29723101
30163165
30088251
30986429
30154889
30134397
30132901
18306765
30170342
30174055
30079777
30108609
30118946
30106540
30119432
30102744
30085222
23354971
30179518
30161960
30096637
30080882
30120957
30141077
30095158
30163295
22943544
30207204
30193972
30114789
30113678
30408117
30096718
30119168
30177399
26537357
30216320
30113986
30089017
30118208
30086289
30155105
30132031
24019807
30186305
30125008
30145497
30119546
30117620
30162100
28367721
24197872
30214599
30079357
30161811
30101387
30078644
30136873
20613107
30155026
30145305
30118211
30145120
30111511
30121546
18645531
30159891
30186015
31187835
30098738
30141760
30124536
20676819
30209281
30211553
30151837
30153492
30138340
30780735
24998759
30194955
30136948
30149610
30153042
30153111
30140286
30168273
26719182
30294969
30230659
30319595
30175293
30250051
30225767
21874173
30296384
30289793
30232689
30261893
30240533
30269258
20758328
30299170
30308462
30235952
30189962
30186311
35956345
22246671
30334419
30259343
30243769
30290509
30260538
30178093
27577112
30370969
30351805
30330446
30284890
30253125
24800385
30464978
30377996
30385629
30409366
30413452
25401963
30444751
30390538
30460113
30365246
18064849
30462593
30421592
30372313
30458351
30390317
24010470
30492780
30469471
30383006
30391084
30344768
18966335
30476924
30439522
30394449
30363575
30405453
30372598
30383582
20816421
30405384
30291597
30320657
30302028
30317995
30312589
30312524
26006441
30363216
30355539
30291904
30907986
30256597
30348599
24564943
30333035
30285346
30282877
30284455
30291106
30318489
26637406
30272071
30290468
30308204
30299464
30302116
21812340
30318952
30350475
30268159
30250695
30296575
19510751
30328759
30299397
30319756
30259476
30222426
20545617
30383255
30367300
30317818
30284615
30256063
30309415
18967344
30255747
30179058
30157797
30166875
30186220
30216867
28371064
22498930
30208745
30201117
30154942
30200424
30160613
30163249
30151087
30150057
26756263
32225897
30178907
30133478
30148775
30179649
30179930
30180009
25030989
30218213
30186868
30173133
30158036
30149474
30198759
30151269
27735906
30143396
30121922
30076260
30102509
30160595
30094680
22704039
30195031
30166411
30082853
30122185
30133724
30096410
21876305
30172711
30160464
30197180
30159491
30125182
30106455
23668186
30174262
30150486
30140055
30168741
30117677
19060943
30178666
30188251
30092095
30145813
30158311
30079558
28034003
30174988
30122966
30109411
30110547
30135783
29714358
30167146
30098770
30162740
30106517
21558803
30205546
30121690
30141288
30152893
30159866
28755625
30141326
30112924
30133256
30139270
25919564
30242009
30232280
30249253
39809134
26509622
30299913
30277602
30241125
19238895
30334007
30450673
30209471
30266805
30232711
22513786
30263012
30237286
30246482
30236515
30255173
30258891
24171530
30267419
30239202
30217179
31219596
30189124
19481152
30310946
30225378
30204076
30219485
30221469
30220572
27966724
30295302
30169909
30261291
30241918
30209359
29483033
30270829
30241859
30281938
30212215
21135821
33952519
30241748
30210868
30220949
30256882
27031511
30264344
30239033
30187445
30172331
24954178
30280735
30255597
30481343
30173769
25469958
30322855
30246569
30239084
30232505
29664636
30301399
30226195
30227664
22660697
30378573
30274895
30266966
19079366
30292307
30257136
30239965
30273922
30230592
26892355
30311224
30860739
30244589
30224482
30189044
22906472
28535718
30254504
30235388
30230897
30241955
30216122
29689532
30235002
30264660
30240348
30212531
30245162
24720594
30288024
30249516
30261367
30202598
30262473
24210039
30315906
30246622
30285271
30243336
30272515
20488621
30265057
30265186
30230253
30271635
30323013
30235365
30232349
29298729
30263260
30225510
30261586
30178508
30252214
30226591
25389223
30312282
30196193
30222413
30202723
30200769
30217217
30258887
18115148
36318956
30299475
30218540
30223898
30241367
30199106
30270888
30229926
21869918
30283475
#end
