#729a2951|blade-3-m620|jdom@54ed0cc8b7e8deffd5e088305ca7723dc0bd963c:org.jdom2.Verifier#checkCharacterData(String)[generators@bcfe6d43107430b2604e2e34b9151742941652e0:cz.cuni.mff.spl.casestudy.generators.ParseFileGenerator('MQ==')]()
#date=Apr 25, 2015 5:15:52 PM
#warmup=1
#count=4681
#begin
21403918
53545479
30961409
30289373
30404167
25158636
30325617
30299556
24822881
30337438
30620195
46796240
30413611
30439773
35952776
30483125
30428864
30376915
30422752
30408822
24621568
30568082
30345884
30418466
30428524
30262544
46879976
46912485
43296270
43562285
43600819
43602943
32266112
32671732
30361596
30376395
30316315
32398058
30384775
30343102
30369109
30334904
30343155
26995501
30421377
30354918
30416406
30295713
32981741
30338273
30384833
30425077
30365071
30366939
23844256
30445295
30430946
30459522
30447150
30335455
30344204
30422961
30298637
30388053
30369757
29307020
30392853
30353589
30334360
30361504
30322218
30330682
30356682
30412491
22331845
30438069
30801964
30362015
30350297
30313069
30306209
30468317
30337723
30414251
25318051
30349057
30355424
29154374
29107016
29203002
29131894
30318757
30392327
25391342
30439406
30459157
30407528
30351122
30381206
30423046
30392440
30319550
30192615
36024226
65915889
30365645
33034272
30361771
30364484
30365713
27008841
30391213
30370842
30400067
30342140
30383818
30335958
30397182
30073953
30417925
30407251
30409520
30436062
30418249
30356714
24924954
38233543
30407149
30409400
30339719
32937964
30470815
24471514
30423526
30407680
30508126
30323275
30340199
30354953
25723836
30403271
30359780
30452126
29021598
29105521
22629244
30418309
30523863
30372681
30372903
30348427
30356512
28121259
30316328
30399995
30330877
32913548
30325918
29685512
30411771
30424567
39547730
30340157
23538250
30390670
30361233
30432602
30338700
31005957
27589417
30351285
30370848
35214364
30324773
25169923
30388054
30473982
30351305
30367720
30345566
30334377
29504554
30386871
30363589
30410768
30375175
30348424
23355955
30387768
30364026
30383071
30357862
30265833
30356048
30379166
19971457
30365337
30338810
30367179
30421951
30352677
30324303
30371306
20027476
30530531
30361990
30379834
30361154
30298488
30324097
30365147
23489558
32218344
32137273
30348215
30280431
30261444
30252024
21767034
30350922
30318676
30360893
30278036
30237866
30356742
22505335
30418419
30335577
30356586
30280380
30300417
30222382
30230515
30261529
24650667
30356049
30319398
30340253
30255119
30233615
30291460
30256971
22042456
30271482
30947595
30285208
30275965
32114130
30267591
30317283
23005676
30358224
30370377
30401900
30276659
30223479
30241342
30243664
28006322
30413500
30289069
30347438
30183902
31061781
30277733
25314946
30351123
30347622
30319409
30299428
30298220
30306914
26605992
30351706
30299244
30519462
30381388
30255711
20769717
30344566
30238178
30225058
30258156
30297746
30267338
29639254
46850387
30293440
30332731
30243080
30296620
29803647
30305791
30353413
30301084
30259764
20761771
30450664
30325731
30175340
36356041
30326366
25911862
30260140
30293221
30330091
30319075
23327388
30282762
30284239
30294153
30251271
23404670
30295226
30302817
30402617
30245100
25567962
30306342
30422229
30330589
19577405
30227827
30248574
30224640
30264597
30220193
23775910
30271953
30224335
30406253
30248388
30192009
30359704
26917181
30299459
30277502
30265741
30207859
30218992
30272455
30166206
25451040
30357660
30235655
30286193
30208370
30172478
30248186
30224304
29535671
31116541
63545935
30303404
30210278
30187509
30166167
23551360
30175719
30212400
30294360
30230773
30166331
30196708
23078499
30281062
30257448
30244678
30135715
30200506
44410361
25542426
30311109
30226180
30304415
30199586
30229755
21125743
30196791
30320148
30292090
30312102
30181519
20411606
30267022
30212519
30243717
30258844
30239802
30278744
30157695
25595416
30441460
30262047
30246411
30268518
30206829
30849719
30240731
30253766
26854420
30230182
30291082
30329477
30264315
30211200
30251926
30196809
22220982
30213586
30259444
30493046
30245995
30196633
30249644
30196606
30155042
25369414
30251261
30251426
30253513
30281125
30206453
30212547
30356057
23052828
30308407
30252027
30297156
30205471
30239789
30236093
30164512
30835349
32930953
22732743
30266266
30243111
30244726
56257840
30238955
30222973
30223645
30214038
32085733
25236023
32761085
30193546
30276711
30195518
30186909
30217980
30185922
32741387
24652051
30273841
30256618
30254802
30253666
30159199
33615697
30277873
30829157
26770122
30225098
30208684
30288937
30186398
30219259
30228784
30222725
24005627
30211095
30361297
30242722
30200031
30222149
30203464
30191220
24444832
30259511
30290755
30254642
30218533
30190558
30255327
30202626
27640734
30261777
30277022
30203317
30295195
30213469
30228440
26076602
38818017
30321495
30319154
30255280
30231840
30220783
26267962
30346980
30334675
30298004
30236091
30300411
21951647
30294022
30329651
30326091
30329484
30319104
30261642
27084546
30237140
30283004
30283204
30249285
30414007
29780129
30368586
30272302
30314855
30258325
21039522
30295664
30292096
30328933
30878028
30243955
30249413
21971643
30353586
30251206
30256160
30335613
30551793
30264131
30286162
30289731
27334506
30364531
30292975
30304218
30281213
39145252
30234135
30268150
30308182
24816881
30332077
30279967
30457978
30268872
30273160
30254140
30256467
30281699
33154576
30416315
30451220
30434060
30302031
30372323
30312331
30393004
19443366
30395411
30411502
30343208
30388889
30364602
30319911
30393682
30323324
30397155
30374099
30307519
30320593
30337359
30388044
30483326
21227289
30412206
30480613
30605973
30563275
30329922
30390754
30316071
28142169
30342990
30432422
30370091
30471230
30363213
30297038
26856931
30327589
30338931
30370662
29106741
29086874
19291973
29217812
29125739
29098692
29207714
29092918
30367111
25330836
30385624
30351439
30455195
30319593
30327493
23712315
30430616
30414028
30395371
30308676
30332798
25294044
45813067
30383331
30348251
30349393
19114966
30395900
30471873
30453500
30392713
30376348
25580671
30401050
30357738
30395131
30454086
24083087
30451489
30361761
30381313
30333731
30336087
22859882
30543808
30375042
30415344
30474240
30343368
30411713
19478137
30442930
30422507
30418391
29204717
29158438
29202557
29175409
30444024
26068167
30422407
30473573
30470299
43733567
30424689
30437064
30379862
26869057
30431281
30381251
30370678
30423727
30428078
33001647
30414895
24637314
30491549
30522335
30440664
29173063
29180115
29184829
29161280
25813025
30473541
30415453
30466113
30443093
30436461
30390610
21858429
30624377
30464153
30483498
30431000
30401124
30422753
20797232
30532247
30415217
30457177
30464447
30411146
30451232
22576706
30514735
30417427
30432302
30402682
30382160
30418160
28976732
30569322
30468176
30446189
30417151
30417376
25698625
30463641
31026567
30571509
30410010
30446569
26476931
30460588
31071175
30410525
30420762
19508820
30546651
30432928
30418255
30481788
30394617
30417042
21693785
30686318
30425317
30448533
30456773
30428546
30409760
30381437
25567040
30651377
30474384
30451606
30417451
33016340
30413817
19174824
30537084
30429201
30461662
30412966
30422810
30441341
30422719
30431933
38140281
29856784
30485001
30484913
30425131
30375708
30368769
30395178
30403142
21019003
30467093
30490637
30496645
30468931
30375671
30397955
30435844
30401667
29552980
30394630
31276161
30525527
30368111
30465342
30392429
20844459
30475051
30570293
30504606
30418315
30583327
30402526
30441723
30441571
22792362
30532832
30483666
30444402
30625986
30373402
30423782
30537733
30430038
22608573
30505751
30517375
30466808
30427777
30441795
30457861
30420058
30445535
30238195
30454900
30531324
30467249
30387381
30533023
30428011
30442719
29993662
30362996
30428800
30464696
30432431
30556798
30376200
21868611
30517266
30386595
30480795
30423892
30434004
30386574
20833166
30432833
30564111
30476282
30450473
30466628
30439224
20276117
30429433
30536018
30593914
30489417
30455097
30480243
22967230
30517540
30487748
30366620
30452064
30459442
30381331
30429533
25049720
30500371
30473361
30504748
30549646
30411273
30425637
30430809
27004137
30463138
30464077
30426691
30472580
30391708
30391200
24754301
30519688
30439258
30392051
30437844
30494364
30382318
23566235
30511370
30403540
30508215
30426192
30392366
31159864
28628321
30447615
30489391
30457330
30490348
30402762
23985200
30504955
30420042
30524326
30405826
30352113
23496482
30436460
30430508
30485744
30412771
30410033
30365292
21669147
30638720
30472984
30536555
30469691
30431408
30472064
30483309
30437793
24819281
30511358
30431459
30453015
30431764
30381820
30386424
30450562
30448269
34708013
30167965
30454433
30560140
30471769
30407461
30410115
30479521
30467335
30476047
29491760
30497295
30465493
30451097
30452191
30440642
30412107
30419067
23797516
30446966
30464288
30533629
30513635
30401565
30394862
30393999
21944278
30479929
30438586
30399377
30396935
30392133
30450736
30443667
23921601
30420519
30509064
30529256
30410087
30412322
30472875
30571803
26167662
30537162
30478329
30433871
30422647
32960422
30421684
25109854
30471784
30489050
30445447
30431779
30456947
30425484
26267411
30502165
30404289
30501086
30395881
30442879
22839764
30494173
30542368
30485139
30454395
30425442
30522531
29212278
30459567
30440106
30437621
30444379
30426766
29795934
30605195
30438990
30428473
30455640
21779503
30483862
30473711
30538491
30454151
30403340
27042671
30428591
30452826
30564946
30423358
25120846
30479633
30439531
30382689
30367210
30390111
22754617
30447088
30446115
30488382
30439082
30392888
30568418
30355870
27394261
30544947
30483917
30409964
30419548
30509457
30484199
30464525
30448882
42649414
30361318
30327526
30372602
30336084
30319748
30348478
30378184
23605481
30405313
30396180
30391508
30377133
30377758
30336135
30350850
21267805
30376969
30418619
30377864
30496933
30311202
30288260
30345857
21279912
46576865
30516077
30391553
30403933
30423595
30451099
30471837
30415543
21419774
30453872
30434466
30401940
30479884
30423931
30390981
30536553
30413839
30465794
25074238
30425653
30458008
30494327
30408864
30419044
30401620
30416496
30490446
23891768
30453329
30488630
30444421
30582211
30448890
30487211
30394331
30419148
30516788
39497256
21489713
30490366
30463092
30539382
30440894
30433285
30404910
30393655
30397687
30500797
36557228
43563565
27082955
30483454
30434653
30452169
30371739
30467353
30406689
30421613
30517999
34040198
22432262
30468070
30545715
30474168
30421670
30395694
30399386
30374031
30514540
30408534
36908562
27570288
32455608
30474284
30454245
30453901
30420835
30435998
30437740
30491910
22565033
30500469
30523344
30466890
30461464
30403999
30404099
30458663
30403005
30480743
27199996
30487720
30417964
30444613
30553191
30513064
30457187
30388911
30471430
29703138
30412489
30434220
30458064
30401826
30403833
30364869
30399448
25393156
30401167
30342525
30374693
30363029
30324959
30306693
30328027
25437852
30435724
30350420
30405668
30373008
30344935
30446473
30365833
26623493
30497968
30359203
30379414
30339920
30342833
30391862
24924509
30395482
30339406
30379009
30355921
30336462
30335969
23744959
30425389
30371175
30540391
30285511
30282701
30414988
25880716
30359962
30371295
30398935
30301751
30337918
23758960
30561850
30378910
30355715
30333400
30322393
23513692
30412748
30373895
30522304
30340388
30394149
30350424
30300870
27366548
30373216
30391103
30335239
30271422
30354382
30327573
27253953
30386181
30403733
30327050
30352642
30334784
21891234
30559620
30403577
30349776
30491788
30314066
30382435
30318971
21243577
30440337
30370744
30401386
30501840
30326189
30315566
30329012
30327457
30400938
24761083
30396595
30527559
30452391
30346693
30378902
30318222
30378711
30342581
30512522
40649369
43521630
27153866
30399720
30330624
30366480
30364375
30333788
30344370
30320036
30353616
34229944
43531136
26877382
30412357
30396583
30361745
30315546
30349780
30306673
30331851
30335431
30450155
23598948
30418352
30564079
30336758
30371400
30333461
30422891
30318691
30362447
30363602
23682261
30206773
30231442
30242684
30497024
30189360
30233069
30239665
30179720
30255713
26172527
30254689
30243549
30637027
30221655
30186453
30196844
30194262
30323127
24376851
30254487
30188504
30308180
30187758
30237214
30190149
30286753
30296113
27980364
30301409
30288515
30216764
30234743
30196458
30233296
30239176
25163203
30271408
30151975
30302740
30261286
30237109
30234180
30200064
25024443
30313791
30229716
30450462
30201516
30186202
30241145
23875221
30229857
30242660
30290533
30290915
30228162
30177126
30238195
28672176
30236311
30258397
30195169
30203189
30292109
18232202
30235835
30357415
30387833
30268013
30184256
30230839
30193653
30215820
25728131
30277365
30178235
30250335
30174064
30232442
30206247
30211796
30219529
30363610
26642106
30290182
39231577
30420453
30208429
30237559
30213587
30230406
30252940
30347300
31700959
26008851
30288109
30225475
30268880
30132160
30242584
32806983
30164777
30307682
30353773
30265675
24887703
30250201
30219452
30243367
30399674
30250437
30188802
30259555
30193833
30399175
30233640
28298437
30411977
30254618
30227137
30349144
30235838
30420185
30190170
30274995
30323448
26622752
31234240
31259090
30313880
30302588
30272964
30280487
30235027
30333026
22635678
30311415
30341280
30255882
30339835
30316771
32283861
30284052
30246646
30434924
27836845
30339013
30334698
30385955
30309242
30242985
30213764
30281709
22125843
30333840
30451655
30331633
30291554
30298151
30236613
30304491
30279306
26246415
30312507
30256431
30301995
30296531
30258278
30261206
30228853
26102527
30342678
30296573
30337087
30250284
30268904
30228150
21456584
30336626
30324744
30306734
30359098
30269026
30224322
30219233
30227053
30315118
28086009
30377748
30293388
30417611
30295384
30238909
30248026
30266322
22328031
30280089
30304313
30334782
30298509
30328979
30953152
30260842
30354962
26874607
30311851
30331675
30306204
30230762
30291972
30228998
30268939
27269240
30341296
30280326
30315449
30229685
30267870
30284254
23388393
30287533
30312578
30317033
30552706
30370166
30263992
30238429
29922702
30294447
30256882
30315460
30258580
30250249
21931151
30361024
30363784
30275178
30277386
30292695
30278927
24548300
30303080
30345387
30274395
30259018
30392700
22475580
30302551
30318482
30206351
29049323
29002716
29130296
29031682
24864748
30352148
30273964
30326048
30261628
30318815
30555531
30261902
30351271
24700646
30336840
30300893
30301189
30311573
30249570
30273271
30243449
30266540
26848159
30313133
30484302
32333690
30273426
30288113
30219824
30304340
25115598
30348520
30482290
30349807
30304698
30276757
30199440
30285847
25551104
30334780
30338331
30287726
30304938
30271771
30268711
22156557
30289758
30332215
30376644
30280686
30314644
30232380
30306959
27401621
30280609
30319411
30280237
30303942
30440166
30378700
29929464
30294731
30325489
30283378
30235402
30264809
24433999
30310844
30309622
30426564
30270227
30260662
22054967
30317436
30250604
30285575
30355995
30262104
22835482
30318256
30302742
30322617
30287697
30237882
30286587
30334651
29545322
30343884
30348097
30327089
30370322
30242107
22016380
30328487
30355409
30332969
30289914
30254899
30244894
24862032
46245355
30252646
30396790
30220445
30270351
23058675
30290320
30211955
30348975
30238913
30199662
22077507
30277287
30293602
30262439
30251011
30194744
30178828
22384627
30254609
30231818
30357371
46238804
30215445
30220104
30169440
30187050
24556219
30283691
30221767
30216571
30223673
30210362
30230080
30222596
30194986
30296004
21512710
30335020
30231891
30314805
30215962
30250384
30249486
30215706
30297438
30273511
30270533
23825451
30276682
30323735
30236704
30232268
34308495
30197682
30226110
30260329
30404731
23302517
30253890
30287972
30303164
30223871
30170683
30207344
30343820
30218947
30258440
22641466
30296791
30272253
30263223
30191163
30257220
30270426
30235506
30229026
30260087
30306580
27463167
30295201
30317986
30240842
30198644
30224336
30259278
30874248
30439860
30259686
26830819
30330907
30285657
30261928
30170876
30455904
30226895
30187757
30267513
22692437
30186629
30376271
30270911
30268604
30218367
30242338
30174549
30237790
30226649
30069676
30303686
30206865
30217595
30275553
30205557
30213313
30197231
23108820
30223804
30234162
30267751
30222117
30187177
30157075
30220037
30370797
28821484
30475029
30217885
30244160
30174754
30240800
30265258
30232539
29527478
30300053
30328951
30322470
30357091
30235724
30253617
24074717
30308409
30312911
30315148
30290596
30260842
30299842
22618653
30314076
30309051
30452360
30300159
30299069
30352773
23058586
30302939
30344349
30278104
30407465
30246085
30245653
24798421
30398142
30324798
30284293
30275800
30407064
30221577
30281006
24780949
30382395
30357230
30282537
30256189
30301124
30261935
30252104
30316593
22364762
30583777
30329699
30322942
30299478
30278535
30226193
30279380
30272451
30444453
30360261
22698627
30295631
30292839
30370349
30281846
30264730
30247742
30287945
30352364
30434419
23446282
46544036
30385932
30405292
30352470
30363921
30340573
30375276
30515511
30388870
20743504
30447535
30330086
30401157
30392270
30360377
30356105
30332195
30310851
30340771
27901906
30404553
30402737
30375766
30319082
30371728
30380955
30357239
30395268
29722162
37159395
30381764
30324008
30332189
30298292
30500344
30301339
23705810
30457855
30327870
30350302
30348141
30367684
30341744
30284922
21925906
30376328
30448180
30401286
30332092
30360367
30558668
32310951
24305865
30354453
30309838
30391647
30344402
30337869
30332556
20976193
30432191
30455705
30359339
30335136
30384035
30364369
20706324
30431226
30363535
30351257
30440946
30356781
30325658
22428338
30442239
30339282
32947141
30342616
30263334
30373939
29622358
30376333
30452669
30386744
30314184
30429455
26546042
30400224
30369424
30359024
30336495
30395027
31674758
30376622
30368961
30378239
30391402
22239606
30361753
31223892
30472636
30292102
30359084
29139758
30435334
30364042
30457167
30329221
26625626
30364022
30398613
30343872
30351779
27895745
30331522
30424619
30381095
21139725
30364915
30353571
30434533
30352287
25055501
30429215
30351456
30384944
22066434
30505862
30391783
30443430
30365084
20627530
30442613
30461777
30375628
30339590
30338954
30328153
29869729
30344191
30296362
30343871
30349765
18591280
30384656
30403898
30386743
30390871
30976226
30359320
30344895
29144334
30400748
30403749
30511190
30297777
30313284
30302671
30341998
22611098
30433397
30368051
30337744
30401484
30340655
30349323
30376262
20994049
30386474
30369216
30425534
30391905
30390306
30533366
30429624
30335911
24040770
30370575
30388995
30415386
29095820
30427984
30369064
30343522
30373016
33978337
26511031
30540441
30385529
30421614
30338239
30326889
30397288
30336555
30392957
23163410
30450366
30400369
30418582
30353184
30486826
30395660
30303340
30325824
24272516
30372413
30355382
30362122
30405177
30361444
30325104
30388662
30384148
33546427
27360825
30379812
30363784
30379608
30343858
30353059
30358898
30365304
30405113
25742854
30503310
30366242
30429835
30369873
30319233
30341298
30302288
30348300
27845288
30420759
30440763
30411304
30282366
30498613
30330057
30390511
25763109
30408988
30383606
30359124
30401902
30337853
30342850
30326293
25868036
30431702
30367900
30331644
30362107
30339013
30319281
30302585
29173101
30441329
30350195
30373740
30313601
30377217
30408775
26642638
30565375
30409791
30272552
30350482
30312218
30345398
26532303
30405616
30519153
30407664
42642304
30373080
23016866
30395308
30422978
30372416
30344964
30379438
30325729
26961308
30370915
30351917
30420795
30314653
30347995
30361744
22672382
30449482
30432297
30410360
30434497
30368357
30343300
30424202
30379502
21562996
30395357
30402795
30357984
30348256
31179879
30301627
30399744
30502992
30388806
21334527
30459144
30381659
30385357
30397288
30346480
30359447
30369198
30298526
30540301
24505361
30450837
30416792
30379951
30325213
30335223
30339995
47722618
30309144
23380553
30444544
30482740
30364846
30369313
30329979
30447428
30339016
30372020
25355827
30365168
30403808
30410138
30331239
30498866
30330308
30327193
23409853
30333570
30314622
30363502
30249747
30241091
30183140
30279229
30318822
31749625
23653070
30256091
30280296
30343762
30244664
30204173
30254702
30209497
30285560
32035288
43732592
26277740
30355146
30228644
30288597
30903966
30233140
30230742
30243960
30318704
36618163
25412880
30328733
30284540
30338198
30214455
30243206
30243157
30298061
30256193
30295037
29666222
30259435
30298255
30309464
30218433
30247715
30280241
30251975
30332200
26676221
30267313
30345482
30207659
30261913
30219313
30316493
30246413
30278959
30063469
30339442
30238996
30283690
30237877
30233186
30241095
30221510
25689145
30930011
30307746
30273900
30257001
30376419
30258036
30258469
25124556
30288631
30963564
30284483
30229060
30382174
30242000
19852655
30297815
30267651
30356390
30229857
30273577
30215177
30255686
26732086
30320531
30248840
30448002
30305400
30269732
30316930
27059104
30340011
30316439
30201048
30235077
30269722
22265104
30307035
30232723
30296230
30274868
30253688
30269259
27349706
30302155
30295904
30308004
30419566
30248571
27021404
30227887
30239753
30290986
30217197
21445209
30308842
30297536
30310407
30230189
30215497
24812194
30344991
30227975
30304578
30239337
23187913
30311389
30276382
30390817
30251260
30244640
30322516
27703214
30354911
30251804
30353346
30259871
30261962
30243324
21340453
30303462
30227695
30353317
30263493
30249113
30296237
30310091
30284322
22525713
30306333
30393826
30247858
30295213
30267254
30234396
30261938
30224450
30411242
30338229
23091924
30325304
30254066
30320082
30287722
30353444
32276434
30272650
30231590
30298088
21952309
30339002
30270875
30299008
30468078
30242450
30245400
30246709
30269248
30318304
21262116
30273737
30287680
30402006
30294667
30252132
30226444
30252882
30284840
30293540
43070094
30376589
30395397
30390378
30336313
30351666
30342617
30386823
30380401
30356829
30378420
30452180
30578773
30364689
30387899
30294360
30335252
23358482
30392044
30387315
30402021
30368353
30326297
30315839
30324899
22269764
30437510
30383931
30360391
30349100
30329038
30457622
30399638
24780552
30333860
30419164
30388213
30320055
30345597
30375299
21053192
30393607
30558037
30459222
30359560
30319598
30353155
20633498
30390087
30442949
30483196
30369982
30346140
30322348
22906587
30394528
30454568
30384668
30361208
30347028
17998743
31272846
30461699
30553404
30493606
30425069
30422040
27373366
30425195
30469560
30489307
30413326
30495036
30024953
30486488
30478199
30563538
30424084
22096060
30492604
30472821
30485137
30421108
30465740
30325111
30526244
30495131
30463056
30390151
27166046
30433591
30490924
30463521
30423901
29324036
30461408
30478302
30656943
21091205
46739059
30561862
30516835
30506659
25961951
30561214
30573334
30533606
30438653
21903792
30496379
30525560
30494995
34166051
34062402
34161486
27168953
30534581
30532886
30498077
30439156
30508971
25890900
31312735
31044788
30556806
30403424
30525538
25768545
47531383
30405378
30310207
30288938
19297893
30578213
30348453
30336333
30413626
30360520
25150919
31028566
30372220
30399932
30387387
23423665
30400695
30382417
30453060
30311927
23847344
30363737
30449462
30379337
30361185
26673906
30406442
30352773
30414796
21482220
30403969
30361033
30452195
30346346
29651053
30446002
33727482
30430333
26421716
30420135
30364487
30371448
26718267
30367918
31223386
18317805
30430291
30402466
30388913
30380984
22905888
30369739
30394080
52973824
30318931
30354708
29439815
30365540
30409033
30320735
30396264
30330437
22091111
30387658
30399384
30411442
30270998
30373039
19065829
30534541
30376375
30353061
30530281
30339646
18630560
30422833
30673513
30371233
30343804
30324391
22398493
30430028
30394248
30382233
30363095
30512535
26480977
30467663
30393635
30363558
30336366
23695350
30455989
30427389
30384866
30341004
23837370
30366397
30308482
30387145
30359624
25683108
30403395
30334953
30378403
20170749
30527393
30368944
30410729
30364868
30364451
24335254
30379476
30397007
30374606
30341405
21908122
32200398
32231875
30294459
30241695
30291358
30246731
30169224
30336462
30264267
30319533
30254695
30263873
29177131
30345034
30315467
30345242
30298920
19921182
30325953
30283392
30340122
30284765
30231582
30308820
20582556
30337242
30353991
30291864
30330852
30328050
30459964
30252091
29587827
30280211
30308316
30272713
30313548
30241851
18345321
30307851
30296051
30291737
30306382
30366088
30263764
30272087
30265799
26906759
32105754
30199619
30227687
30146969
30174882
30161746
18719437
30263444
30249699
30406769
30225469
30221798
30185580
30188106
24111222
30245477
30173713
30197614
30185942
30239202
30819934
23288309
30371887
30244841
30286209
30265437
30188640
30221722
25234142
30363081
30181533
30243406
30194324
30218446
20510731
30245157
30332255
30209626
30195953
30137839
18243225
30245455
30228051
30231254
30218425
30216548
19172293
30177670
30228658
30898908
30247660
30317579
30208775
30162528
30024675
30239933
30175809
30199851
30185719
30236319
20636543
30285108
30354700
30302038
30162838
30179574
30230747
25531007
30219536
30178133
30209439
30210157
30142651
23484721
30236658
30213891
30273356
30206646
30202114
24391554
30205020
30236897
30161536
30212497
30197513
29695147
30340933
30204702
30185753
30177943
23773459
30269022
38673047
30240442
30194513
22229126
30293020
30288117
30226166
30192684
30164219
20483023
30275371
30224280
30162754
30185706
30178352
30214204
19512417
30215251
30259952
30252260
30234177
30195306
30165189
22839296
30245845
30216778
30171984
30280164
30230710
30333569
28763757
30216737
30259853
30212684
30215657
30211384
25923878
30229366
30244005
30234698
30169111
30205153
42869855
30319801
30283244
30322480
30275819
21128389
30348802
30456628
30345708
30278884
30249282
27342668
30309582
30269184
30301675
30251885
25518696
30299437
30270637
30256395
30320420
26307300
30254075
30205924
30180940
19422813
30267786
30247086
30416361
30328544
24056619
30362391
30321215
30296260
21078860
30289690
30207036
30368893
30279311
19261147
30330249
30264980
30295007
30311622
30293076
30256957
27711685
30290791
30310755
30335584
30252446
30243327
24931347
30310680
30303026
30293649
30290313
30228369
25684464
30344717
30329734
30311799
30298775
18732762
30345244
30392257
30291803
30257402
30308535
18327646
30357665
30327353
30326536
30392212
30277519
30191384
22608969
30290606
30334855
30295161
30208315
30271933
30260000
24235825
30310944
30269811
30268961
30240834
30275549
30365949
29659692
30397567
30305818
30391464
30362583
30357388
26002286
30484702
30393068
30345506
30307378
30357117
41940740
30278965
30312608
30961259
30396780
30247459
30331351
25547771
30393358
30281526
30294216
30244627
30248189
30229619
30924151
27444603
30304788
30302009
30309280
30221039
30206349
30556734
22072191
30293271
30329671
30282410
30261290
30187080
30240553
20588614
30280056
30312571
30285953
30273292
30255870
30217929
22287946
30308478
30340824
30458092
30267443
30300320
30267026
27152470
30235299
30282819
30265447
30259188
30299004
24546869
30433102
32918174
30419959
30286166
30334961
30449613
20124948
46330373
30240147
30397162
30279509
30284362
30261943
19094193
30341098
30309366
30318378
30368961
30263374
30228875
20610936
46503643
30445974
59950242
30357715
30376475
30343898
25250687
30417928
30380540
30408984
30340480
30357706
23011614
30410347
30388469
30377728
30428273
30351209
23401848
30463799
30341241
30386764
30357967
30353697
26840137
30354942
30488493
30353267
30325106
23350675
32077841
30515414
30662113
30496912
30483076
31305288
28226607
30575357
30528984
30518588
30460813
30478368
25018776
30518695
30495624
30470098
30548512
31151448
30487357
26874694
30496195
30484388
30539855
30461085
30524930
21439530
30682324
31130895
30562524
30555218
30470813
18484493
30565490
30462131
30533006
30526895
30563504
30447049
22094558
30540584
30515335
30758842
30447698
30531664
52957093
30774153
27023739
30523277
30519078
30524433
30502155
30467728
30724469
42711844
43969318
44012167
43972125
40115652
43949440
46513973
30710364
31339126
23964526
30383655
30376504
30468737
30387643
31446926
30372275
30363723
30317088
24014699
55513401
36267052
32344953
30358111
30350088
30432880
30416221
30321422
26855026
30421569
30368371
30436935
30361366
30310998
30366717
30332819
25474558
30395700
30376164
30450986
30319222
32952501
30487137
30347048
26949135
30457178
30369384
30371051
31330610
30351873
30290443
23290941
30379846
30426133
32994438
30306057
30350525
30454141
23356008
30377504
30387530
30351853
30381622
30335593
30340139
23539710
30291584
30303426
30253997
30254471
30258622
30387662
30304511
23123210
30354737
30362773
30324953
30416138
30279771
32897654
30258715
22769210
32862086
30322037
30458568
30271368
30294480
31656486
30234120
30444802
21954082
30284383
30317875
30426046
30287017
30252355
30249127
30327506
30292242
30314062
41571953
41908901
32789147
30267021
30380047
30170084
30143476
30158878
30183129
30206713
36869027
31849208
30214025
30240270
30245836
30205026
30189841
30223471
30193593
30311292
25174589
30345740
30164549
30272827
30214738
30157742
30183277
30144409
30232562
25753298
30273436
30219676
30276564
30191644
30158686
40315529
30213473
22258621
30204779
30244308
30270335
30238691
30286754
30203380
30212662
30372438
29851438
30190169
31371198
30253773
30170838
30233706
30252368
22714233
30246761
30220602
30278848
30233582
30179394
30226133
30220980
29462101
30233704
30223186
30207041
30149287
40449245
30194595
26424683
30287364
30182608
32476152
30180469
30210333
30249980
29584129
30219155
30353558
30260369
30194796
30215935
24732934
30261049
30252520
30799935
30199268
30158691
22012258
30312640
30259930
30424518
30274482
30148315
30224175
30252929
29052135
30292955
33172438
30229073
30159342
30211602
30123286
27455773
30244261
30232564
30239347
30190417
30227489
30204144
30218693
22373058
30269107
30200612
30269736
30209153
30165724
30182140
31596050
21540469
30242500
31494430
30234663
30186382
30219356
30209375
30197130
30211505
30314213
24188566
30237331
30291124
30285619
30194829
30196422
30181215
30350933
30206267
21920993
40200559
30264616
30238886
30189442
30155220
30223808
30189929
32806765
30229757
23221475
30316948
30218104
30421272
30202986
54160928
30273491
30196907
30183391
30396963
30392408
23038795
30200498
30181247
30255382
30222728
30195871
30243624
30210344
30162560
30253807
30303215
26120758
30247576
30208810
30369673
30156905
30203242
30218815
30213903
30250786
30273277
30295559
25074757
30298143
30167137
30196234
30207154
30162860
30214478
30206748
30260835
30438671
30337458
24584366
30298084
30248142
30215659
30159202
30254769
30183557
30197279
30264199
30236548
30301364
27975901
39719362
30195000
30201363
30209623
30139011
30197911
30235198
30217689
30279718
27027912
30271544
30219165
30188484
49560337
30187090
30166744
30198227
30362204
22878817
30256753
30211206
30238309
32500863
30166887
30192936
30176444
30147897
22262224
30234853
30147711
29042013
30227492
30216958
30229942
30195046
30184220
24102253
30238895
30263175
30232580
30317871
30193633
30219176
30287107
21072756
47749120
30340822
30275628
30277326
30370748
30236944
30246815
22369084
30304795
30314459
30288543
30319602
30255826
30214535
30235756
24932226
46508112
30360073
30438764
30315311
30379507
30362984
23443109
30359893
30399142
30390660
30362240
31181152
30309469
24829404
32176317
30298650
30266728
30245044
30236046
30235338
30232235
21811946
30314033
30292315
31631141
30434066
30206309
30258688
30510066
22611667
30384777
30262197
30276871
30282498
63384344
30265599
30394942
25018227
30306907
30265224
30330226
30220447
30232037
30222353
24204304
30318385
30281744
30317026
30270673
30238771
30429793
24552882
30349288
30360864
30325512
30285491
30305186
30192419
30219736
22906449
30297427
30335171
30302699
30302266
30287994
30280287
30357201
30419199
30298120
23445275
30446042
30378756
30311916
30231093
30259843
30263539
30283389
30252613
30358682
30374649
37801455
23939019
30464564
30477971
30523613
30394887
30410262
30396399
30425695
30383797
30454244
30579646
38785168
30447901
30499350
30447121
30443752
30382205
30524829
30528249
30396407
30469435
30479346
23023013
30500565
30416740
30436386
30468277
30451273
30404713
30453266
30405151
30529299
30541173
28017050
30478117
30453044
30477059
30524535
30405334
30406806
30430888
30506615
21399987
30542184
30507944
30699702
30518504
30503870
30610907
30490986
32672017
30469860
26271396
30576870
30510002
30520206
30478964
30427795
30497284
30430113
30518515
27002717
30697306
30442313
31151048
30511966
30489064
30483160
30517635
23761133
30683181
30564359
30585377
30591271
30485533
30559724
31895129
21166052
30568320
30601449
30540486
30600603
30500197
30664659
30513659
24083401
30565206
30522820
30494719
30521609
30440629
30738583
30503537
27975291
30543605
30587481
30448130
30506589
30490253
30496478
27285704
30524119
30481448
30575901
30623166
30506571
22305127
30560266
30502897
30520113
30503250
30518663
30579011
25394000
30552824
30472835
30523091
30558121
30460993
30432104
30617966
27389791
30500342
30664655
30546478
30460302
30476958
30489695
24584564
30480624
30441759
30396249
30411224
30437739
30565997
24730814
30488351
30523497
30512677
30472673
30409500
30362335
25909373
30569358
30501333
30516435
30481818
30489006
23989114
30586506
30531017
30594824
30519275
30444482
29460579
39423417
30539251
30577802
30542964
30479721
30490744
30503319
26609807
30527809
30513822
30480220
30653717
30457411
30517900
25066494
30548938
30480864
30597204
29285900
29229889
29204271
26394882
29300215
30504778
30528991
30457410
30522615
24313932
32236370
30281012
30376725
30310400
30267046
30311844
30264141
25197851
30281830
30311955
30280082
30273437
30208906
30310285
22010265
30258148
30333146
30329482
30424786
30247933
30283522
21774356
30266118
30332528
30219728
30296500
30246646
30287093
23683648
30295504
30254805
30312568
31271730
30552082
30278309
30280528
23396586
30369013
30300166
30313949
30229287
30285718
30281897
30278922
30320542
30452380
26677420
30358873
30316841
30362290
30256287
30261035
30235648
30416922
30339373
30306167
41528087
30277477
30255585
30242175
32983914
30246002
30204462
30241234
30514475
30214811
34802197
23297555
30220118
30164320
30427557
30181067
30233046
30204919
30206342
30244013
30225968
30267753
24874598
30205182
30258118
30242851
30186640
30259334
30186982
30180073
30217518
30188846
30252537
24906889
30227782
30231007
30111270
30248753
30180480
30227302
30181184
30364168
30243231
24255437
30247047
30265220
30224495
30231939
30211056
30217279
30195091
30217209
30271802
27311679
30266870
30226978
30217955
30184422
30186849
30213573
30221123
40212607
26483187
30220453
30265579
30173151
30161037
30160364
30295449
30197966
30171276
29355556
30280055
30250195
30252500
30173033
30168309
30171235
30181736
25569933
30266681
30228255
30219073
30230933
30210828
30200314
30165755
25945494
30207480
30278038
30233293
30165238
30267449
30147429
23493002
30249308
30214553
30183151
30204258
30189064
30185562
30179466
27231979
30216645
30183258
30182602
30157733
30129922
30285340
37528541
30212273
30234631
30217682
30213110
30240842
23666367
30275548
30197133
30246527
30321322
30195524
30195398
30028780
30246290
30193574
30235072
30192611
30300838
30206302
25617299
30263458
30284164
30191079
30138266
30188500
30143468
30186895
30246535
24299085
30204850
30292375
30295162
30233207
30176630
30195038
30167988
30189190
30237115
30363129
26681931
30223058
30191935
30302767
30193679
30180933
30182364
30205884
30162156
30268262
23345734
30244827
30263755
30282677
30251010
30163460
30165264
30156219
30135778
30313748
22546167
30229306
30214780
30242140
30157966
30176874
32771060
30137757
30230358
30221844
24858551
30221735
30231670
29031540
28935133
28936321
28981480
28944256
28969105
24042708
30182077
30219653
30329864
30241388
30206767
30190787
30233938
30220911
25769765
30504002
30212380
29724527
29743280
28963476
30340162
30241640
23730164
30280951
30228824
30196584
30381279
30239978
30223171
30334928
24154883
30278526
30217280
30268355
30227064
30250784
30185595
30375668
26341473
30237124
30180471
30179913
30178678
30238844
30191293
25041320
30251890
30232351
30377575
30212680
30154580
30175131
24642828
30264955
30269593
30275124
30224170
30183042
30139622
26809217
30214195
30216008
30247454
30207033
30196387
25221947
30226969
30225426
30327040
30226287
30185868
25276268
30255948
30268444
30273077
30188891
30177138
25990793
30274324
30886681
30229842
30149074
30116381
30188844
26294287
30197820
30225628
30190120
30173511
30162794
22673182
30223220
30205942
30179495
30227803
30160091
30140878
30881155
23914763
30251622
30304895
30330224
30224818
30203689
30146338
30184046
30217346
30259393
26158702
30259307
30281041
30188925
30236754
30464468
30135833
30186394
30243492
25202572
30292365
30239582
30273657
30118097
30166900
30166376
30185922
30258218
27236773
30175157
30332406
30242679
30165569
30199956
30261457
30143994
25229771
30248440
30252855
30252726
30222177
30219860
30133611
30361373
25888809
30233208
30262011
30238911
30958875
30170295
30159695
23642505
30238322
30284831
30211031
30206200
30170232
30173106
30192718
29050292
30218861
30233608
30209807
30155460
30295997
23465836
30304935
30224622
30270204
30219102
30163698
30160584
25007577
30239837
30212838
30238239
32814617
30246013
23370236
30200782
30233966
30323193
30216504
30189213
30194198
30195111
26263369
30221544
30270715
30271573
30179762
30175291
30228013
24912950
30388327
30224497
30209881
30198398
30179250
30156093
30289547
30212019
27997208
30165225
30201735
28966402
28916151
28919185
28950159
28934968
26055280
30256025
30223909
30185233
30222442
30167153
30321020
30248420
26945028
30271598
30213769
30256219
30194258
30237454
30203179
24021537
30221673
30348830
30361439
30229008
30207542
30208878
22865090
30248275
30282458
30373342
30190102
30170430
30292787
24135836
30231495
30255006
30207560
28974983
28927356
28976930
39871163
21858367
30214048
30237751
30248378
30180273
30131364
30161782
30234777
30195453
30190353
23543866
30241322
30233727
30249387
30263304
30150809
30247903
30157415
31020195
30234535
30222880
26162007
30202150
30175180
30161732
28968709
28904449
28957663
28961545
28932273
30309364
24235352
30285748
30277304
30837675
30213429
30200616
30265660
30211291
30225358
36696307
23637179
46249713
30355425
30342682
30242430
30275876
30248828
30259452
30277944
30339842
26464313
30433753
30276882
30288166
30282016
30220840
30227939
30257138
30339953
25796603
30325366
30274579
30299475
30244719
30346426
30267865
30192698
30315388
29074116
30268120
30302279
30255071
30231856
30286948
32313925
30256695
25624880
30309605
30281766
30321775
30248448
30222655
30339968
30309759
26575575
30462342
30258325
30268911
30208373
30302538
30288349
23108013
30318476
30320295
30270184
30330299
30253908
30241642
30325839
29797267
30247497
30321671
30260413
30236335
30210180
22638011
30421318
30242014
30308958
30390211
30217384
30263673
30282832
30266001
27220959
30271403
30334695
30273884
30234924
30230715
30241919
30223413
29279556
30341876
30309536
30229750
30283544
30251542
30236675
24663686
30279927
30258745
30323048
30245171
30262131
30247148
24014011
30318777
30275409
30282386
30428817
30282187
30215438
24210977
30288782
30253466
30310993
30266782
30245993
30253238
27158293
30391852
30278429
30262329
30280887
30221851
25251549
30279958
33182644
30342697
30281843
30241641
25317498
30318260
30295006
30366167
30236801
30229104
28073332
30236397
30245357
30258154
30243520
24502517
30374638
30290606
30347623
30297215
30235504
30233082
27985050
30325186
30301351
30276711
30240597
30229953
25580265
30275891
30273727
41324202
30222111
30233991
25743618
30361264
30274220
30283886
30276811
30212557
28919403
30308164
30296066
30327528
30226270
24921794
30317649
30438095
30291313
30238638
23492886
30274400
30253462
30294382
30261704
23747149
30317659
30199497
30379002
30274457
30215288
24141068
30337395
30266931
30341586
30261429
30386462
30272436
30283795
30268253
30296346
30256942
30354146
30235066
30196340
22429414
30302191
30276851
30313625
30253915
30242106
30298261
25291100
30254721
30270035
30387711
30239208
30267562
23392552
30301804
30587533
30285306
29043485
29013850
29067301
29002959
26723030
30329778
30203898
30267895
30191479
30352108
30316130
24532009
30360686
30293747
30368838
30240545
30238229
30402501
30267518
30298367
45367822
30342253
30348773
30358671
30394098
30374506
30371788
30334695
25694283
30418065
30450222
30379980
30352391
30289221
30363188
30353482
27272533
30334460
30407498
30378316
30334262
30385118
30325897
22249886
30403953
30348733
30324226
30381171
30319269
30286755
22188767
30399089
30358810
30414887
30419470
31006706
30341715
30391948
30315342
24676443
30374907
30336059
30390599
30382984
30385342
30329073
30330302
30328226
30494124
25247416
30430879
30335102
30383651
30333002
30359502
30379357
30387395
30362341
30428746
21724698
30437379
30395913
30475665
30423635
30337244
30288062
30330691
30361844
30502095
30402084
28060390
30366355
30304411
30404702
30344871
30305363
30388256
30379868
30430162
22144985
30399189
30387126
30397689
30441504
30335490
30316647
30359084
30365531
30395636
26217413
30457078
30379719
30968503
30303245
30338595
30370516
30356057
30363773
26663373
30378074
30369699
30366191
30370797
30395608
30355550
30320504
24174883
30394464
30348769
30374547
30569633
30358241
30291177
30385356
22164327
30401891
30357658
30406942
30358269
30348560
30358293
30540172
24280084
30406424
30337559
30375445
30344577
30329760
30409082
30352388
28495194
30419829
30600290
30436335
30329964
30332462
30345122
27304173
30361664
30359491
30346755
30399382
30299626
22020220
30387107
30426909
30374533
30350917
30400151
30343110
25689436
30395706
30328989
30416684
30382926
30334175
25437777
30429404
30391042
30477675
30334496
30324311
25497259
30473575
30321669
30398457
30300584
30325655
28989947
30376949
30372525
30420769
30356991
27317375
30423302
30296337
30362953
30309319
30354082
22081090
30372824
30355573
30423480
30370924
30354984
30344991
30516253
23645575
30399282
30376566
30370231
30342928
30387517
30321969
30350935
30402351
30440857
30242373
30369283
30351387
30400725
30341744
30354474
30417687
30276464
30366300
30380789
37450940
42897498
30457364
30470587
30462191
30374335
30433034
30431270
30383815
30480280
30460448
24583223
30479226
30489086
30482711
30786371
30418522
#end
