#729a2951|blade-3-m620|jdom@54ed0cc8b7e8deffd5e088305ca7723dc0bd963c:org.jdom2.Verifier#checkCharacterData(String)[generators@bcfe6d43107430b2604e2e34b9151742941652e0:cz.cuni.mff.spl.casestudy.generators.ParseFileGenerator('MQ==')]()
#date=Apr 27, 2015 5:34:30 PM
#warmup=1
#count=4794
#begin
22550621
54215651
24500709
31287632
41022984
32379032
42701317
49689528
32806679
31486596
49505889
30534722
30571284
30663976
24593847
31431353
31075164
30632881
30637133
44715562
25320869
30631313
30559014
30619200
30624874
30540140
30635746
45393127
39047690
30531198
30609139
30554875
25624995
30656488
30599669
30621997
30586360
30553775
30695086
30531846
30581817
31381275
30537734
30543608
26385017
30574787
30976035
30577775
30621113
30603031
30779424
30632219
30522503
30489919
30611320
30567766
40936511
43588920
43511307
45479526
30264877
30498404
30494649
30549564
30630407
30594560
30502988
30605280
30681040
30547360
30608771
33534065
42849588
43642676
23310435
30508574
31310652
30517904
30504529
30505222
30561542
30540009
30584675
30572435
30516628
30538106
34649972
42848330
43667401
28814261
30490282
30847884
30611747
30495238
30491460
39667192
47130378
30579291
38067053
30578929
32484699
44046793
25507372
30574575
30601180
30516653
31504366
30537664
30567529
30579975
30580455
30494937
30532645
30648440
37265556
24721121
30542851
30573680
41765450
30565855
46319971
30515530
30548751
30572390
30586055
30527723
31251930
23334659
30557875
30546749
30645184
30596862
30578166
30498186
30576235
30552084
30501400
30574606
30592924
24767079
31937012
30581904
30547533
30550805
30500511
30529312
30498409
30563878
30585102
30567612
24005815
32274083
30293901
30426893
30423861
30384792
30393447
31259496
30358595
30399288
30375204
26635466
30377468
30427599
30492384
30521568
30623248
30363308
30478695
30463048
30504615
25423307
30412927
30396548
30372318
30357912
30373826
30471370
30443569
30377302
30316244
29605915
30382016
30349766
30415349
30337529
30385981
30373219
30440827
36284490
26733160
30445288
30420003
30429362
30409515
30501051
30393522
35216311
30424047
29582674
30458491
30412057
30319333
30464840
30388164
30388127
30396289
30412762
30352506
30584242
32998123
25900369
30457642
30405160
33460353
30410248
30465473
30438924
30372675
30541762
30331466
30408019
30411570
29181929
30390830
30344953
30373457
30516446
30378736
30392257
30378646
30341037
30739975
30386961
26663176
30416391
30394426
30392579
30375420
30396293
30334735
30342823
30476470
30323333
22610913
30312606
30337224
30331823
30383738
30489462
30343068
30364157
30320233
30387310
32835705
29379875
35954940
30387748
30422809
30301094
30314993
30298589
30476453
30384378
23529177
30387822
30370416
30415388
30392720
30420299
49605077
30384682
30387719
21987383
30341366
30395282
30368216
30326571
31002334
30412271
29013247
29030483
23080192
30351309
30528355
30383408
30399146
30440251
31223566
30566770
30366821
27090350
30405066
30376924
30402464
30405384
30381162
30370429
30425431
26823091
30397981
30422261
30375022
30446413
30410293
30361893
30413838
30547808
30377790
26861495
50641599
30353395
30310408
30330745
30360809
30373086
30361089
30354533
31289657
36026639
33341396
30388391
30333614
32561356
30368105
30385019
30427757
30377709
30386382
30329995
23263053
30384542
30293650
30337100
30428700
30318515
30407909
30383342
30399673
30431084
30402891
30552701
35713823
43971810
23142837
30380556
30354531
30394892
30409077
30395782
30428161
30406517
30496669
30394149
30392862
30377900
35439030
44071071
27683248
30323931
30332395
30407998
30384464
30417287
30422613
30377637
30409028
30364022
30409391
31941960
22252600
30359500
30432151
30396790
30408659
30556902
30554255
30375140
30416149
30427709
30545135
30396104
35060512
30359059
30356271
30322668
30475784
30414688
30436037
30384018
30422438
30417840
30462155
30386104
24469840
30451030
30372273
30367993
30299923
30353385
30395593
30396033
30563566
30451633
30385927
24307676
30411322
30356353
30453768
30381028
30417950
30362590
30452432
30385462
30377293
30388705
29160333
30421622
30396539
30384013
30341862
30429279
30392205
30417739
30330600
36848332
28585050
30334135
30385556
30392017
30551587
30443338
30424353
30277640
30379484
24143104
30361766
30416708
30445149
30728170
30378973
30409619
30420233
30405724
23281660
30370067
30390904
30422562
30405137
30366003
30382695
30338013
30377911
25102683
30442148
30420229
30419393
30406402
30378267
30404711
30424252
31811323
30348104
30387346
30345348
30359653
30577183
30400204
30573108
24015223
30365425
30380933
30366546
30440871
30410797
30409629
30506062
27068341
30392488
30346344
30532796
30417686
30383637
30437067
25614136
30356908
30368256
30338190
30497588
30415875
30405722
30384362
30355493
27620297
30402778
30409584
30478311
30343297
30351691
30403217
30382173
30414715
30335024
23612270
30371471
30399802
30507379
30392671
30420442
30390607
30444086
30411225
30370644
23455653
30465642
30443655
30338342
30362295
30413727
30996797
30420333
30390153
30405128
25690385
30339509
30328225
30356813
30377662
30365359
30333449
30384710
30413479
24986741
30485855
30550824
30295142
30363971
30395491
30463379
30556446
30376060
26680975
30400871
30701495
30527259
30377613
30348924
30431960
30398511
24308408
30441553
49181653
30351582
30372849
30318035
30345431
30398440
30391486
30350004
24435183
30410704
30369869
30313646
30404198
30383317
31583582
30379022
30365416
30362507
28044979
30354201
30353004
30672473
29112078
29071106
29057502
30381877
30431031
26962424
30396329
30366179
30401240
30475224
30377971
30387098
31314457
22725414
30402582
30404370
30402218
30511020
30555212
30399564
30561338
42728917
27409990
30494210
30346024
30347962
30405056
30417836
30398338
30454533
29460456
30354666
30415044
30416707
30454590
30412189
30421465
23438555
30384455
30400705
30328284
30550493
30374224
30431975
30359875
30434266
32047569
35949141
33801887
30357447
30372241
30316978
30368110
30472865
30391629
30388726
30590879
25077920
30442030
30482957
30413262
30437057
30407508
30445881
30489824
30363258
30375004
30418597
30407824
24860514
30354530
30361302
30510062
30391808
30368633
30379644
30378384
30546328
30419664
30357919
30407259
30141820
30461001
30556410
30375255
30443891
30434318
30412499
29947527
29055242
29036263
22586007
30364995
30564389
30405552
30405396
30560597
30387693
31611621
30433573
30460869
30534295
25881269
30421766
30365135
30340817
30378622
43480068
30403480
30349688
30409033
30382404
26618846
30356636
30397282
30358064
30378758
30393624
30422385
30374318
30503835
24066285
30368493
30358119
30371636
30522172
30325597
30330978
30507624
30454277
24285668
30385180
30427310
30342334
30466945
30487226
31028503
30415595
30510164
25353443
30378578
30356248
30402145
30338867
30426489
30457106
30404204
24150599
30379149
30343217
30323535
30452384
30432078
30400250
30375017
24792436
30338931
30437173
30355768
30354375
30355866
30351238
21183127
30387102
30506714
30534846
30433891
30417600
30471715
30500373
28063812
30354546
30437336
30346213
30754930
30381275
21673645
30379355
30378227
30385850
30409836
30460993
30352453
25216616
30391660
30365166
30413342
30488666
30385333
30395511
30438173
26514667
30460637
30350659
30394922
30369713
30427088
30534046
23348022
30359028
30424151
30381611
30374709
30319827
30361481
22968295
30381397
30405780
30445004
30358428
30589206
30524875
30409661
30401937
25096310
46126817
30387486
30456791
30537861
30369473
30439826
30411297
30368711
30414942
23448955
30338657
30653559
29935175
29102862
29054247
28999797
29029138
29145659
29052216
29023342
30462351
25165010
30424000
30593875
30427225
30376928
30412275
30546255
30420429
30404786
31605606
30357704
30391547
25957627
30423471
30360999
30370433
30398353
30467144
30453872
30422493
30428960
30410244
30341043
30390771
42870597
43847694
25005960
30366384
30387631
30401944
30334973
30365882
30361620
30442431
30434710
30382303
30425464
30370869
39883472
43859371
24475234
30394017
30356684
30454895
30410186
30384293
30346313
30403853
30380322
30438509
30365459
30404744
38178791
44018593
29340720
30337471
30413808
30373951
30389855
30384715
30419859
30392948
30425144
30414293
30404769
32912427
22251187
30370879
30399655
30371650
30406706
30420895
30459196
30348868
30334380
30422966
30432851
30440169
34646452
27436543
30340994
30530549
30339949
30447105
30360654
30405848
30394766
30397556
30392753
30352140
23225265
30430599
30404513
30411097
30354995
30437788
30440686
30605548
30432528
30423292
30460828
23097966
30356495
30323002
30345734
30356380
30416611
30325753
30402364
30389627
30338475
30362474
25108841
30433887
30348515
30406202
30369503
30370751
30385308
30402748
30396027
30480276
24751448
30369399
30363271
30400953
30426100
30350684
30411330
30374713
30406775
30451003
26882455
30350296
30361870
30478504
30356791
30366872
30404520
30405669
30535306
25232098
30436530
30431837
30346273
30443585
30389699
30426953
30569846
30451136
26967039
30391169
30356404
30427015
30452692
30377202
30426529
30392752
30368167
30394882
23701183
30331000
30345933
30355566
30357155
30343128
30377367
30458080
30336711
30378221
23517305
30380084
30382880
30430369
30554730
30359121
30414986
30398566
30432624
32374138
26394233
30378679
30339668
30347489
30712830
30406202
30390344
30366509
30385698
25396744
30393047
30530603
41436322
30398216
30420178
30414596
30429222
30407787
28359332
30340442
30439694
30416606
30349248
30372228
30354471
30407922
25441536
30416811
30407136
30352210
30346273
30382222
30366967
31037450
26166184
30444900
30357013
30373284
30390680
30448713
30405561
22749051
30408550
30350564
30555061
30319366
30356466
30404770
30423206
28759154
30353667
30406704
30379827
30376293
30420162
30353591
30377913
30355327
30357048
30336764
30363047
30433819
24555505
30418195
30374724
30326264
30312177
30354884
22579338
30394764
30494962
30362633
30353053
30476168
30365384
30345687
25470030
46585796
30354075
30381486
30416158
30425066
30458619
30382097
30409689
25402063
30396080
30375505
30444204
30402593
30398002
30399827
30447682
30473970
29150703
30428442
30459651
30409160
31267142
30369544
30468330
30420937
26174893
30422411
30394395
30401963
30453029
30424084
30431339
30472770
27166195
30392059
30351633
30477931
30334828
30413718
30493140
24399937
30451635
30414284
30414635
30400928
30421836
30447880
30493193
30395877
23803115
30366147
30383011
30445523
30433607
30516764
30439370
30406522
30394155
30403190
30400427
24962361
30487967
30357566
30407478
30436364
30573975
30481451
30483428
30447984
30398002
30858948
30467524
39311082
24780141
30369310
30449734
30458943
30406759
30395704
30524453
30402478
30422682
30479975
30406227
30438726
39599093
43980520
28832535
30399799
30402155
30373873
30415347
30507685
30428931
30395008
30374736
30406339
30464091
32602514
43962908
29328540
30395644
30686873
30584993
30443427
30367264
30508915
30465521
30610746
30350091
30485083
32984308
24931125
30521104
30334553
30414993
30530716
30395830
30416482
30428366
30564144
30412664
30413968
30380266
27454868
30397489
30469995
40942171
30447134
30571652
30428328
30441243
30416665
30330320
30589228
25143551
30415153
30409669
30324251
30381400
30412655
30400460
30433512
30372444
30351418
30438021
28416708
30406953
30413304
30430546
30437716
30409251
30450670
30374171
30365877
30397684
26373958
30404302
30416560
30362576
30462635
30403988
30431418
30549428
30395956
30391438
29629673
30393069
30414615
30434948
30366760
30447726
30409021
30618033
30467993
25751634
30364357
30374538
30384727
30388862
30416864
30372365
30447986
40161269
27492793
30451899
30563251
30445526
30393662
30457475
30515894
30408433
24134885
30395297
30415352
30354689
30399819
30474130
30407486
30469297
24632590
30490233
30368176
30442031
30417753
30381166
30540524
30483482
25929705
30588457
30426422
30464394
30459581
30457442
30582331
24005924
30389313
30391715
30373804
30540602
30478759
30372408
24674614
30390502
30403486
30472578
30464083
30434781
30428326
25892560
30408706
30376693
30439440
30420499
30441734
22497731
30389514
30545198
30419826
30460115
30474392
22365108
30373031
30378873
30394331
30388710
30485664
30418806
30413446
27167342
30612881
30399911
30441663
30428979
30354414
30627107
30405441
21714604
30407995
30316813
30423303
30410008
30453095
30431270
30417969
31041403
30431019
30384453
25057719
30400906
31083239
30510379
30421575
30398453
30392637
30296024
29146996
30464933
30387875
30499261
39055441
27202032
30412673
30451471
30347866
30403237
30386442
30430164
30487064
30456428
30378885
30489135
31255394
26731727
30442709
30466018
30350883
30368917
30415931
30434015
30527773
30400183
30427826
32421294
23706951
30457304
30444769
30394593
30426294
30363851
30414200
30449730
30391222
30406820
30510144
23281288
30403781
30594544
30424429
30338468
30427389
30366473
30446530
30416342
30423593
30381675
27500362
30422967
30508418
30490593
30435702
30418102
30417719
30461435
30443933
30380433
28207292
30394293
30427891
30366935
30398947
30404448
30426968
30425506
31218626
23681133
30381466
30375562
30454402
30390659
30543787
30393544
30420126
30468642
23892739
30419389
42424266
30439397
30421476
30448469
30426942
30379908
30439942
26364379
29175416
29205827
30328520
30407307
30470382
31593407
30450836
23912490
30427052
30411033
30388497
30428115
30435594
30427177
30832100
24737065
30366873
30443879
30431138
30392155
30471442
30348028
31895229
35886158
30455722
30411755
30407361
30487437
30639448
30488413
30439482
21571652
30442682
30350853
30474486
30328656
30401590
30411102
30351471
30392891
25415325
30446390
30367835
30402564
30435903
30464847
30407594
30419015
30389344
30397955
22317865
30405932
30379227
30416038
30453568
30419360
30401495
30571720
30432102
30550662
30554800
30421129
35149241
26721412
30487447
30439322
30437563
30437924
30427282
30391881
30412584
30400651
30443160
30412631
30382646
29882978
30436835
30433055
30433734
30417127
29185512
29150120
29093574
29216041
29112523
29024921
25344891
30429298
30409357
30516206
30403397
30559718
30416879
30382493
30451486
30484526
30494178
30169688
30399631
30424788
30441511
30423453
30468878
30494202
30375424
30489195
30374876
27101164
30412287
30526195
30389604
30539738
30426597
30410072
30398371
30415287
22095996
30396855
30348589
30418787
30432450
32488309
30429753
30413355
30402261
30449458
26785067
30586044
30402169
30407398
30397682
30478126
30549140
30403469
30427044
28245445
30414204
30726834
30411484
30375059
30411377
30490013
30522335
24541037
30455713
30409629
30390710
30447500
30413005
30478304
30749303
24241759
30404704
30367449
30391409
30472591
30456846
30418005
30472094
26014554
30619118
30377756
30393675
30322427
30351406
30179437
23752079
30409529
30415531
30451403
30440901
30434559
30489487
30557275
30474753
24810516
30449877
30383196
30394797
32863349
30446620
30456922
30398684
22460928
30370960
30335946
30469346
30402501
29107471
29200380
29053102
29110786
30445451
30374013
30083944
30458759
30467697
30490540
30471066
30437613
30447389
30439034
30485444
23790894
30575644
30434873
30444506
30549111
30519429
30647190
30467248
30767459
22609495
30438243
30473995
30509076
30479190
30659861
30450686
30477197
30468110
24190705
30432964
30516936
30454393
30471724
30468113
30440433
30471951
30373178
30399148
30477413
27914168
30526397
30604666
30561504
30517293
30557566
30705008
30593228
30570388
30540313
27500159
30574148
30524731
30540973
30539655
30584184
30528584
39011887
30516985
24327012
30605535
30549077
30615477
30589906
30561515
30568228
30535075
30530475
22823817
30599542
30563924
30715644
30660806
30560193
30555899
30661455
30556504
24702112
30569008
30538424
30554074
30523515
30510064
29290375
29247605
22836073
30578229
30516734
30509860
30570137
30518704
30600742
30469179
23295500
30525146
30597529
30632135
30476491
31351179
30521114
30491136
26369686
30521735
30508833
30512115
30509780
30537781
30583955
24857837
30561064
30528313
30503322
30525199
30471973
31360546
30539467
30545978
27221379
30547473
30566649
30555290
30527568
30568191
30624358
30552222
30595611
30551895
24409899
30542346
30560788
30521467
30570928
30537077
30572079
30508493
30566597
30576722
30539064
30599583
25647482
30522888
30549135
30560544
30492875
30532335
30547568
30605675
30549024
30533514
30524735
25048392
30550164
30555606
30541053
30514980
30522475
30561969
32615476
30542395
30607033
30490918
29054437
30514595
30556310
30709146
30582925
30814190
30518826
30554041
30620199
30515255
26390070
30554364
30604331
30545790
30525568
30475993
30581161
30590959
30532348
20139765
30539081
30482252
30510637
30514860
30547095
30496266
30505198
30482908
30527450
28724652
31172583
30560062
30568519
30572602
30694919
30553193
30577855
19608063
30560431
30550492
30599817
30544749
30606095
30561148
30565924
30474933
25661363
30388736
30461808
30503138
30482104
30419796
30512985
30466569
25725053
30492733
30491521
30387244
30418686
30420751
30466739
19560258
30594619
30478289
30462786
30464688
30454413
30533304
30446974
26188818
30490828
30505808
30428202
30552507
30550435
30522851
29681932
30574140
30577537
30567253
30531415
29209720
29435308
30471713
30489148
30526484
30509737
30497537
30542718
30465076
20848168
30476053
30479166
30489377
30491303
30609010
30541266
30485408
30558997
30522128
24252426
30496620
30512893
30591413
30527822
30579266
30510641
30515250
30546768
23483010
30543540
30460166
30560539
30536524
30551684
30528840
30500479
30643255
25857745
30539362
30517491
30496093
30419791
30495442
30497199
30512328
22764775
30501950
30667087
30503200
30495375
30550849
30572948
30518558
23412051
30511747
30468700
30518373
30470589
30517366
30579626
30506984
30528542
30530467
29760524
30456649
30558127
30496560
30451488
30538420
30524346
30456310
30532030
27892990
30469317
30517982
30474542
30489218
30552928
30739318
30524253
20693979
30444217
30505335
30610273
30497613
30483255
30447173
30483560
30648791
29463312
30509227
30500069
30513560
30516960
30524738
30466610
19237244
30524039
30518471
30578317
30543178
30569772
30530944
30483233
23615562
30505302
30432428
30481705
30525222
30486371
30565086
21998203
30454453
30484464
30522866
30523319
30539104
30522495
30436202
30457193
25697485
30431771
30557457
30544782
30481323
30418356
30557598
30455577
30565566
30472329
27406775
30397198
30527600
30452585
30490955
30450707
30505030
30673391
30527338
30483457
25012346
30453628
30472926
30459175
30412473
30425727
30479039
30457106
30463411
30472621
22512491
30494592
30558833
30506581
30459462
30446451
30543278
30539286
30420580
30502286
30443333
31889426
33978571
26755117
30491606
30651031
30419789
30465689
30453373
30506686
30445633
30521669
30439791
31573358
30546709
29016789
30723364
30517857
30446399
30458920
30429999
30455573
30495799
30437539
30480414
31480439
25957863
30464527
30414340
30549997
29165993
29193729
30533717
30449597
30567816
30477309
31568059
28411399
30441942
30477902
30396208
30454924
30523293
30467759
30421555
30461409
30556100
25837560
46678206
30529988
30686197
30503477
30533952
30681215
30581111
30477773
30548004
28065945
30931788
30568444
30485479
30509595
30546025
30567380
30588766
30572013
25116349
30502498
30663324
30513538
30518613
30510021
30582103
30523860
30551471
26844502
30526444
30568464
30541629
30578270
30495542
30474242
30540916
23737666
30544311
30557053
30537994
30557264
30605331
30552862
30527335
24051986
30542613
30572176
30551087
30552010
30564617
30571544
30562886
22699487
30548387
30484530
30686956
30579259
30535607
30506284
22287389
30571435
30489221
30511202
30544246
30521460
30546091
30556704
30098235
30602394
30546015
30619271
30515137
30570804
21323184
30522282
30528269
30564582
30527424
30664349
30566227
30517680
21007145
30551648
30667432
30542413
30531323
30649888
30593620
30596942
30579167
30564357
23992022
30537304
30538532
30482694
30567549
30599263
30549833
30549744
30586557
21836107
30547084
30496567
30549580
30540591
30520724
30521935
30542066
30466573
23857739
30472449
30438673
30529035
30423439
30437811
30445573
30472639
20180684
30583688
30533500
30574965
30635665
30653968
30540064
30511788
20183293
30514622
30452137
30577195
30513566
30549487
30540890
30562435
24432474
30579528
30536440
30584771
30594704
30504224
30576052
30552509
30551038
23352366
30772555
30604946
30644124
30576573
30599701
30720735
30578584
30583385
30578579
30518644
23530453
30725341
30595802
30585292
30557977
30569124
30514837
30631636
30662248
30658684
30821895
22954269
30624722
30657987
30595473
30652862
30637828
30616797
30640746
30600024
30594386
30679187
32809861
35373281
21959229
30645719
30771835
30659308
30653561
30746972
30613240
30769966
30580750
30651480
30674760
30587202
35275250
43552252
27083793
30752062
34925935
30633755
30614193
30545006
30738808
30648034
30679679
30835439
30606824
33210208
40325007
43224317
43399940
23732495
30616172
30544746
30640328
30670997
30649348
30610486
30556837
30599897
30636271
30721662
32511692
35454377
43615847
43304523
25621483
30615188
30569541
30614528
30621248
30570807
30594174
30712595
30628824
30605248
30630512
33140375
35820698
43604543
24017094
30653186
30651533
30628485
30647549
48948073
30840508
30620173
30635206
30580926
30649360
33022340
35079750
43571033
27535606
30638189
30666115
30582115
30682653
30646475
30573442
30601593
30656584
30634960
30666510
33110027
40769158
30412420
30618640
30717824
30623820
30591026
30665226
30627531
30624584
30629229
30618420
30577621
34621255
27085120
30653064
30600491
30805904
30666787
30624072
30588707
30567455
30641299
30612361
30587295
22620469
30612395
31209830
30708986
30628664
30631949
30584297
30625930
30722282
30557693
30589264
22535722
30577784
30519086
30588746
30588546
30579959
30596931
30639162
30548949
47544121
30710804
25926669
30579108
30512168
30550420
30642103
30547197
30781201
30544335
30538355
30647531
24176556
46819696
30466189
30530511
29190656
29199885
29178445
29152251
30615878
30569165
26999946
30536316
30573570
30563966
30548168
30577890
30507000
30582367
30518310
25549672
30549226
30531102
30511236
30454368
30544924
30575862
30601608
30523426
42831095
30450504
30414293
30435876
30533912
30396660
30515004
30714497
24892045
30396989
30433766
30399040
30458286
30444102
30405173
30466333
25054626
30427873
30417028
30466526
30454642
30423470
30528546
30426240
29804072
30425928
30437119
30575004
29216850
29073214
29104573
26349167
30767966
30474682
30404568
30517544
30463255
30637418
26912368
30389552
30440660
30459728
30423200
30442367
22883056
30474904
30436053
30414482
30445546
30474251
30451628
27529906
30420473
30389049
30399902
30394197
30342435
27888626
30408441
30438741
30413041
30464769
22857678
30445633
30415209
30356748
30368215
29129547
29199566
22311711
30404810
30351693
31011484
30549617
30436528
30430654
30477817
30384828
26920164
30443459
30406662
30495720
30486473
30445953
30457184
30486755
30443875
30385039
27168912
30405742
30493464
30482650
30594289
30418626
30502350
30435341
30444531
23598268
46486513
30438573
30448452
30434591
30440406
30409541
30430518
30464706
23039155
30418282
30401260
30358656
30407050
30420638
30536686
30472596
30455304
25320250
30434271
30403199
30362504
30422568
30432260
30509277
30395612
30385249
30386304
22906573
30417418
30435140
46666291
30399146
30398075
30679384
30392398
30407684
30404462
30430100
32056612
35987039
26426449
30410393
30353149
30366473
30439836
30459393
30417169
30405574
30453780
30356953
30400166
32956342
27349966
30425691
30435066
30446182
30457677
30485799
30425247
30448542
30443424
30376619
30435797
24840737
30454306
30434502
30511327
30409766
36814841
30423771
30421170
30433144
30431719
30415533
26798093
30505430
30414093
30409276
30406313
30544764
30384411
42209757
30438021
30385370
24769636
30450623
30413622
30415097
30372787
30427020
30431441
30362071
30392435
30414644
25734072
30407985
30475288
30434835
30472402
30431199
30394649
30393567
31050970
23650010
30500167
30435518
30414649
30428726
30392895
30476455
30452056
30373406
24118345
30393962
30400002
30457115
30599831
32469732
30364447
30429140
30457364
30431113
30450540
26038238
30456113
30445017
30371413
30386731
30449877
30441791
30408173
30438802
30392633
24666412
30401089
30436444
30395797
30440257
30435375
30439980
30463222
30460864
30695771
26485077
30387772
30394722
30416002
30514891
30377028
30436584
30432129
30443875
24654196
30402610
30422549
30518802
30541767
30420232
30454275
30449984
30393536
25304976
30395284
30404268
30395830
30478357
30361566
30414790
30416767
22450098
30607163
31065285
30452149
30441829
30425581
30436702
30432067
24475785
30339932
30381266
30429763
30417359
30407924
30381155
30374866
30409197
30403634
24229095
30499190
30361584
30382466
30444850
30402105
30583433
30405247
30417268
22980617
30454581
31127050
30414484
30447020
30435790
30386752
30432215
30451164
24465276
30507420
30378428
30427916
30442562
30486816
30586782
30407752
30463697
30311087
30405752
30458208
30483187
30419179
30534260
30423179
30401742
30155567
30358184
30442824
30449653
30336434
30425982
30432117
24064634
30385294
30383777
30360575
30315733
30468391
31083517
22286657
30441902
30426790
30413706
30463308
30401877
30440419
23882083
30340379
30490120
30442336
30432091
30436440
30430060
30436773
30377249
26578172
30409156
30430194
30419815
30492561
30397916
30403218
30410031
26771146
30405971
30355897
30437552
30414006
30391871
30371746
30408099
30411713
22938962
30446351
30511015
30493943
30529001
30530082
30539587
30514128
30462909
30478472
30488770
32171241
26399192
30540344
30517448
30503104
30626142
30509788
30506257
30519473
30547644
30512624
30506497
26782004
30675289
30489045
30480213
30570528
30571024
30669623
30534982
30473087
30612555
23510000
46492189
30444542
30512524
30413175
30402677
30509969
31064891
30439773
30342875
22274562
30516772
30397791
30463772
30445215
30430326
30567306
30467357
30400966
30469104
28217131
30415737
30429654
30414760
30450622
30433938
30421253
30445476
30492058
26706246
30453707
30410471
30397122
30465097
30401209
30393551
30411213
20553277
30346433
30377910
30299590
29152687
29164132
29014980
29132823
30515013
29666598
30457720
30423706
30414076
30443857
30443618
30451759
19450529
30405791
30426884
30396586
30539830
30359986
30411809
30446626
24281635
30388802
30388640
30418189
30397791
30414148
30447428
22852539
46712800
30421917
30666539
30489553
30509950
30537498
30524288
30661719
27397868
30525543
30488820
30560486
30577911
30561201
30506280
30486049
24785740
30514367
30523755
30542864
30541281
30620015
30561066
30531070
30531907
30622831
27051357
30444928
30459618
30478957
30493727
30489524
30516684
30506567
30536722
24233221
30437184
30511895
30515689
30437932
30538248
30507315
30702673
30543555
24637191
30506486
30649178
30531478
30469989
30493857
30472010
30579555
30450540
30518579
30494021
25871878
30510586
30630908
30535986
30510258
30518582
30492101
30653336
30782421
30516506
23086204
30457967
30540995
30516124
30514566
30500744
30536562
30525438
30531851
30485689
25529856
30480167
30496784
30494012
30513459
30513624
30493362
30490106
30506304
22316984
30505798
30618150
30473718
30480799
30500821
30448846
30504517
30435872
30528238
30582428
25376352
30661452
30494093
31105315
30458871
30504811
30543896
30484334
30477201
30490670
24186670
30436760
30484820
30470085
30512510
30567650
30562724
30546846
30554745
30499552
25009183
30472233
30464408
30489393
30514491
30467174
30552563
30488304
30492477
22623815
30493721
30449688
30444119
30538740
30532097
32548170
30439632
30516869
24488555
30516253
30634212
30531568
30510299
30519638
30535009
30533959
30535579
26334436
30499589
30539091
30512903
30506055
30496704
30585033
30521700
25639829
30488824
30743513
30403439
30534975
30448222
30473808
30405233
28941821
30491520
30529082
30547648
30457769
30511129
30555296
23650932
30508978
30488040
30548707
30489693
30498582
30456459
23376646
30620955
30676764
30449964
30511963
30562795
30435271
25939085
30410027
30368007
30477413
30508482
30622270
21629270
46606510
30297646
30336675
29118172
29119698
19791109
29119034
29079747
29059802
29093129
30500664
30492486
30458149
26114427
30412562
30394397
30429144
30565204
30406260
30378447
30402908
30466388
28699745
30383034
30331700
30382564
30389775
30389993
30382557
30413417
30345070
30394995
22976233
30399818
30514519
30396015
30537239
30370707
30424873
30356215
30406365
30519364
24262847
30411822
30304706
30451150
30333742
30396861
30398393
30387713
30388948
30390675
30138593
30369404
30376084
30380953
30393586
30482357
30381749
30354968
30412273
60339008
30424191
30444455
30609426
30394413
30415886
30404369
30434695
21335785
30351888
30369567
30380675
30364326
30390327
30369237
30384922
30579435
30392749
22226328
30343635
30362715
30428129
30421515
30422111
30570273
30426064
30303840
30327865
30391493
26197550
30380160
30434878
30391399
30353217
30402142
30392617
31001227
30390859
30370372
28446881
30325755
30431664
30385047
30361552
30350880
30538919
30406400
30387482
23369033
31234690
30386317
30400486
30322768
30416971
30343575
30395469
30416848
23196835
30466266
30413491
30452729
30425975
30373128
30569512
30431494
30408980
28483745
30431669
30493153
30710007
30424113
30696117
30418762
30414302
25822378
30398516
30431659
30428866
30398384
30455017
30471600
30372520
28831456
30393162
30421442
30384762
30345962
30391988
30493632
23487753
30370957
30402369
30370130
30362938
30440336
30394968
22496222
30547875
30532375
30465500
30430189
30416199
30569415
23977959
30365915
30422728
30368789
30406788
30473222
20113391
30411652
30409177
30410725
30411135
30366988
30397670
27441379
30357475
30389202
30439366
30404548
30393267
29317824
30406944
30419049
30415971
30479424
21429594
30491204
30433411
30390624
30399880
30424732
27732968
31045944
30384055
30410998
30391198
25348196
30416109
30420295
30433211
30442869
30426921
23433061
30459731
30431777
30439582
30402055
30575446
30398883
18644849
30420145
30388302
30408956
30422493
30483998
30552789
30453437
30595011
19272043
30392422
30420605
30476827
30445391
30424721
30396775
30585742
30402897
30389435
27205515
30446513
30431413
30403944
30454475
30441073
30460563
30426874
30364667
29969171
30374640
30432478
30459335
30611195
30452982
30407096
30427349
24470063
30490147
30433362
30470299
30419817
30421144
30442715
30460035
24423294
30385482
30406296
30377097
30377861
30527882
30558481
30453111
26857855
30428842
30411293
30363134
30423978
30509845
30434806
22989686
30430194
30372649
30534764
30407733
30398353
30462691
24368717
30535291
30579966
30411989
30412208
30474991
30400602
26711846
30343691
30524417
30419842
30408728
30380893
22972379
30462588
30434620
30409837
30457444
30411642
23215431
30392000
30430111
30419066
30436237
30456919
24007119
30438548
30396664
30411632
30394661
30344342
28389539
30414426
30345999
30403287
30551924
24924520
30375445
30406240
30428344
30529397
24339387
46658486
30458091
30620566
30620426
30539277
22197498
30534110
30400990
30493997
30467280
30477694
30483259
18386135
30511151
30422956
30642586
30515049
48971691
30547578
30489959
30488135
22176479
30439798
30598290
30547627
30501415
30529888
30484835
30547882
30503191
30477657
22544711
30488388
30498322
30504865
30534382
30558990
35507457
30513966
30492311
30409176
24542374
30532837
30552289
30525477
30450500
30427679
30513170
30483448
30659576
30520709
30758942
30417269
28205221
39895846
30557380
30593882
30608627
30622471
30640997
30650873
30573562
30733585
31192370
25308456
30630728
30591388
30573066
30606521
30551622
30548028
30573453
30618066
30616823
30919388
30673566
30609897
30633681
30614610
30572135
30754115
30589809
30562935
30779849
31021038
27422093
30569048
30559019
30729162
30601384
30608042
30634218
30616294
30744902
19547608
30636526
30717487
30614705
30560395
30550995
30608641
30741180
30558236
30594704
27862848
30553424
30592218
30650962
30625860
30619414
30587513
30844299
18612874
30595866
30584766
30579384
31238062
30584382
30575709
30658929
30630906
24636732
30607486
30606137
30606166
30576857
30614264
30611513
30563404
24264838
30593844
30508226
31581142
30577637
30641764
30565921
30594062
30752039
30555867
29597304
30569495
30588622
30524748
30586831
30584666
30589117
30596114
30610180
26449164
30627551
30574966
30602119
30593253
30632419
30603721
30686913
30613973
30070856
30611002
30748806
30738089
30618117
30662021
30655159
30635642
24986878
30549922
30570714
30597131
30557112
30584006
30562416
30584884
24791150
30577664
30602597
30604426
30635244
30579273
30625066
18504282
30598050
30511644
30689308
30601087
30619008
30605791
30892991
30692948
30671036
27579250
30581826
30705928
30690068
30611088
30565978
30662477
30620727
19799282
30591135
30555454
30574279
30607286
30583348
30569807
30629026
30562012
26740149
30584686
30605637
30593152
30652471
30608179
30614421
30624115
30561284
30724118
26921448
30580495
30560874
30599251
30547508
30614761
30565551
30592634
30568250
21702811
30634611
30636981
30601995
30618790
30606769
30617070
30532524
30705840
20823523
30606075
30751569
30540393
30632003
30573582
30584799
30614833
30582008
24505431
30741220
30610938
30559627
30624435
30610253
30527098
30684719
22061429
30571249
30619067
30590844
30585653
30606066
30600406
30639506
22739384
30682933
30596575
30500573
30585471
30570056
30533519
30616544
27982425
30566518
30631392
30706155
30571208
30595429
30620929
25737918
30730110
30614304
30577431
31307448
30747308
30594551
26849729
30625037
30671964
30541646
30549791
30732266
22087647
31650463
30579709
30617383
30566684
30590445
18774858
30584445
30584172
30543168
30629464
30639104
21528338
30602806
30514378
30644333
30563557
30680017
34778315
30633626
27269353
30547131
30583436
30555944
30595557
30585221
30559986
30612848
20761160
30600402
30544622
30607227
30589712
30587993
30583433
30583035
30554564
30558328
30693077
30551206
30592472
30594480
30668249
30601128
19995619
46812893
30631677
30670520
30610402
30613913
30570577
30657667
30595499
30680579
25958202
30732271
30650880
30588509
31207565
30677484
30764399
30672068
30665991
26178604
30608588
31495577
30656508
30593043
30651998
30774877
30576112
20550209
30672591
30642686
30642006
30688931
30658031
30651211
30631103
31247322
30622356
30138604
30645710
30597355
31202933
30626686
31387766
30684030
30629308
20139424
30663180
30638026
30643846
30589493
30672048
30643413
30664522
30682375
27985046
30637584
30597217
30581804
30624617
30553279
30640226
30620280
25988200
30697253
30650586
30693524
30646597
30590492
30642668
19405306
30719071
30618339
30562809
30569762
30630733
30761893
30595715
26570925
30619939
30585590
30569269
30629984
30747882
30626884
26880795
30655611
30642525
30716942
30717707
30588750
20489548
30609251
30598479
30639926
30625618
30718924
30665623
26760328
30644220
30648227
30602044
30671758
30593818
25983067
30638749
30609584
30738315
30664000
30653806
29427512
30571746
30794213
30636780
30651650
22578618
30621191
30559079
30624777
30784075
19428175
30621762
30657118
30663018
30613478
18104073
30635208
30594681
30678982
30715338
30664666
30684109
29135162
30629011
30657289
30620444
30594253
30610205
30686425
24910092
30626644
32490656
30616677
30604597
30638428
30637297
25291678
46746547
30557893
30524688
30549686
30557765
30712408
30032722
30559590
30607040
30640020
30605930
30620084
24468062
30580269
30585224
30587522
30604184
30596999
23552161
30881697
30644091
30866704
30582421
30594121
25665048
46776076
30537249
30514826
41085244
20138959
30521708
30477257
30512042
31359928
30539880
30547742
23289704
46485309
30341115
30392824
30322484
30331675
30353416
30370706
23318115
30444277
30328729
30384448
30419480
30444719
30335344
30403258
30540841
27452097
30374493
30417962
30378749
30432055
30407284
31075732
30421000
24711298
30450997
30396291
30409588
30533502
30340483
30372935
30417855
26192140
30474495
30427280
30396488
30416201
30400599
30392446
21481914
30408717
30382279
30352717
30347404
30353185
30392645
19578924
30408973
30379657
30425907
30406349
30415406
30497789
21574050
30369161
30394880
30437433
30454793
30393164
30440104
26023907
31278215
30404575
30407337
30393004
30333470
30432928
30347955
29112982
30395979
30424984
30509882
30623889
30435595
30461964
22942190
30426984
30519349
30414808
30487287
30459508
30391142
21656072
30423971
30404766
30418024
30372230
30454465
30512724
31180977
30534369
25854902
30460875
30368493
30374004
30406122
30427902
30445521
30433054
23918114
30384928
30431613
30377473
30404926
30406596
30449651
30414262
26018108
30452278
30350777
30442026
30403230
30437133
30379682
21753572
46659509
30480493
30547975
30495559
30469378
30518513
30559307
30528213
23152872
30513040
30521930
32551982
30706026
30492556
30479090
30495978
30455290
23657461
30541206
30488994
30560166
30518476
30504368
30529166
30530306
30492493
24204581
30444801
30471664
30498693
30596217
30480872
30487735
30474246
30502693
30523357
30626225
27360718
30460302
30526698
30497617
30484302
30464928
30440712
30486260
30460182
30519149
24624912
30535629
30505015
30520995
30503022
30553239
31153606
30675953
30697805
30582599
27830748
30481557
30551415
30561678
30440482
30511470
30548762
30497993
30535402
23865735
30601157
30512142
30403179
31130108
30522500
30633689
30489568
30570869
27293977
30527702
30478915
30532873
30526268
30626929
30550844
30452557
20891954
30543555
30527947
30539664
30515006
30522087
30518126
30476957
20029287
30541729
30489238
30494646
30564158
30540839
30514661
30517784
23910171
30520588
30475660
30471158
30466303
30508078
30530742
19445351
30457713
30475959
30733839
30505184
30570153
30490633
19283970
31649092
30490328
30462511
30503460
30441082
30661362
22009380
30458271
30487889
30464926
30480287
30504408
30511215
29217086
30500587
30532796
30501324
30514864
30571548
30556420
21113605
30501682
30530446
30483711
30538948
30530033
30659002
30550145
30462835
30583006
30383447
30461720
30545191
30574037
31142062
30556826
30492974
30497486
20546856
31464470
30505306
30483120
30599453
30501114
30459008
30486426
30521748
26472526
30511226
31103101
30504424
30481548
30644475
30552089
30464783
26187162
30544964
30568922
30498384
30449249
30521299
30515030
19651406
30514184
30504677
30522773
30516592
30532685
30569517
30577522
26683604
30513542
30510724
30495841
30584582
30548840
30531972
30467749
18816995
30458248
30505475
30490785
30529128
30655686
30552311
30476591
30523685
30463103
23570566
30549956
30505034
30457012
30501146
30480758
30534646
30474693
30537205
22678762
30507618
30463832
30493284
30763488
30475786
30471659
30519385
30643741
30545773
29936737
30522502
30512060
30588126
30481868
30541497
30489662
30543084
30505046
29924571
30880690
30487564
30452988
30465316
30529506
30489432
30460929
22045678
30493016
30515416
30488206
30478002
30640072
30537251
30517113
20466866
30482254
30445613
30509664
30554224
30626456
30499501
30511910
21965567
30632813
30626775
30496855
30557448
30533955
30543524
30563191
27474568
30496977
30530461
30495492
30494964
30528733
30555086
25765591
30500213
30530533
30481950
30502348
30538021
30497006
28964943
30459139
30474114
30519923
30490684
30544191
22730131
30563309
30638324
30462164
30490915
30541598
20611879
30648643
30509317
30537479
30542673
30487367
21245876
30530917
30564404
30672339
30566726
30590807
24241763
30585602
30550787
30518253
30544737
20291251
46800850
30580229
30608530
30607423
30646148
30262284
30608126
30637833
30813463
18198111
30616711
30557233
30644995
30616698
30707804
18913787
30553364
30596836
30593277
30536878
30552630
30619055
30609544
28830000
30513166
30552521
30622081
30573850
30570157
30628861
30605348
25332272
30579564
30607670
30630018
30601033
30680364
30555902
30631713
19436135
30601639
30651524
30593515
30586830
30753793
30633168
30635861
30617817
28650084
30582389
30587468
30570186
30542055
30533861
30553090
19243360
30570918
30553043
30557479
30567446
30570149
30579004
30544233
30566228
25726014
30579153
30527559
30555162
30517767
30596288
30545352
30537328
25982418
30531673
30537568
30612495
30498393
30617079
30566875
19683190
30535829
30466357
30515567
30652973
30564462
30528530
30577144
27325646
30597144
30542457
30619441
30617315
32606660
30582484
28998763
30527379
30560491
30570109
30564726
30586751
21515494
30506491
30518611
30571511
30568613
30602397
31319085
29752264
30502916
30492844
30503419
30558451
30567404
28663812
30507873
30621384
30550640
30568498
19770398
30516663
30524538
30584612
30542704
30567613
24390899
30664502
30614686
30625166
30592060
21672550
30603000
30625566
30774132
30568448
21365520
30585197
30623624
30746944
30615635
22775241
30660606
30589932
30567586
30613006
26698678
30662189
30632673
30593948
30577882
21024583
30618793
30558721
30644080
30623330
30632506
30587195
24286136
30644793
30761118
30608716
30645564
30605742
30645341
30618659
24497489
30614786
30757441
30626344
30725235
30616938
30634766
30783579
23018175
30591612
30647195
30604006
30590850
30603013
30635478
30598095
21761924
30612090
30619941
30636033
30697300
30589881
30621386
30670151
30606766
30626167
23739740
30640250
30660191
30650859
30592341
30756577
30652719
30645955
30592197
21283283
30637772
30643073
30790854
30993318
30559962
30591130
30619509
30753862
22022476
30622855
30747997
30567477
30582645
30744972
30513120
30650753
30548102
30620077
25335889
30621893
30562504
31329330
30559016
30796657
30617962
30571353
30708900
23403079
30619532
30573204
30595058
30596232
30615935
30608518
30591063
30622375
25523257
30634935
30551526
30589838
30588131
30609729
30606903
30600312
21860702
30504758
30502370
30537943
30676731
30542062
30579333
30545105
22177464
30543746
30555275
32121871
30586815
30513879
30495739
30616528
25760556
30510166
30503739
30602182
30587819
30772720
30575151
22992744
31353408
30489891
30522339
30553279
30592476
30571069
30526523
30584777
25779392
46827019
30587760
30555644
30579970
30642479
30783588
30543088
22391421
30570370
30487182
30684822
30586853
30571402
30564160
30566455
23724369
31485019
30506211
30523218
30601086
30605408
30533146
30548873
27277117
30423422
30541384
30568362
30478802
30569529
30495837
24472381
30577906
30504609
30546900
30587742
30559973
44947824
25586049
30556457
30554570
30626493
30731644
30590355
19531191
30561060
30445884
30529730
30553430
30695136
30547756
26371829
30484670
30575331
30548502
30680817
30537681
26036858
30519241
30565795
30636084
30508179
30565782
30418904
30608862
30501881
30545430
30536228
23276787
30553577
30439064
30594484
30523204
20649170
30411482
30394079
30619089
30430693
20325467
30386353
30449257
30479019
30410922
30451426
20609227
30421593
30469684
30458591
30548746
30449759
30464233
30631633
27851184
30475035
30382740
30413911
30586375
30464824
30376155
29578693
30491180
30464941
30493824
30460635
30666162
30444121
30502409
24705816
30498811
30436459
30425504
30423738
30395289
30440518
30469573
25485965
30516673
30531824
30466562
30454688
30457365
30455524
19763259
30426187
30425044
30447882
30442691
30545590
30479286
30490050
28412975
30417871
30400628
30456296
30439609
30408982
30536408
46454466
30550142
30521927
30529404
30599858
30542364
22618815
30472284
30545302
30529319
30517029
30510466
19618201
32263116
30442906
30419668
30380527
30487155
19781786
30448282
30398557
30378888
30571775
30466537
30501579
30518111
27722986
30561270
30454341
30408511
30476286
30460293
30520448
30009431
31972952
30454369
30449950
30475146
30491382
22504231
30546202
30402333
30423904
30481554
30444715
19520703
30435251
30405217
30443743
30520773
30449293
19575469
30321080
30414022
#end
