#729a2951|blade-3-m620|jdom@54ed0cc8b7e8deffd5e088305ca7723dc0bd963c:org.jdom2.Verifier#checkCharacterData(String)[generators@bcfe6d43107430b2604e2e34b9151742941652e0:cz.cuni.mff.spl.casestudy.generators.ParseFileGenerator('MQ==')]()
#date=Apr 28, 2015 10:37:54 PM
#warmup=1
#count=3717
#begin
20344677
55733922
24452448
49522716
41650813
34993004
43520363
49123258
24616525
30637947
32613838
30705226
30700208
30854620
24339812
44665525
43759088
41702768
31508023
30631077
24370605
44086892
61750061
30740761
30651335
30649475
30689635
30623186
30665313
30700913
30674044
31462844
25635685
30759253
30982032
30641119
31698436
30709782
30722319
31051515
30720834
31672709
30696901
31570297
25650344
30843266
30980626
56737086
35067751
35881592
30649199
53413275
30717353
30671781
30762413
64153753
42971594
46443708
61697028
47174748
30223560
46033004
30697964
32599405
31184699
30733878
30704828
61153791
32436162
30706587
59786000
37064977
42735499
43600019
23392435
30671962
47358543
31317765
32396579
30614539
30703713
30697006
31656050
42446112
33417613
30684894
36616062
45501550
61619676
28263885
56729717
30670502
30699164
31732173
30730846
31296803
30654421
30727686
31775647
30634524
34644417
67901239
23883551
30595102
31675312
30600042
30562502
30657757
30789549
30673342
30575376
30763253
30712084
30636397
39316312
25867185
30675912
31306265
30787102
32193532
30648219
48223649
44375742
30670423
30865568
30679186
30654986
22921773
30623799
33117413
30664426
30677050
30643194
30658655
30590407
31743654
30637066
57853841
45040605
27889762
30860355
31367407
30638295
30602264
30628411
30621231
31623416
30633971
30605904
30654308
24235922
30598291
30943943
30989335
30797355
30694805
30601331
30584827
30629683
30538013
30748688
26692902
31033224
30620815
30689607
30528385
35285337
30708333
30671258
30672550
30669055
25392713
30751162
31047181
30707140
30783198
30654714
30754724
30666148
30704797
30763219
29611427
31928330
30609763
30639215
30708328
30637037
30624335
30715671
30701897
26574048
31041702
30648105
30672022
30739649
30662426
30645486
30630962
30658944
29636067
30976201
30621635
30699446
30587546
30624378
31942712
30668155
25110930
30545941
31288783
30682084
30550746
30763831
30632060
30614368
25260127
30627625
31359470
30724713
31032339
30674265
30707122
30733113
29665075
31205328
30680857
30766615
30657763
30691306
30716410
25688807
30818990
31010287
30727010
30670472
30617681
37465557
26264633
30946891
30686580
30548512
29345598
29443131
23218009
30627759
31045600
30634564
30643271
30629995
30675642
26337262
30989511
30664641
30740075
30748872
30814615
25558023
30869806
30886011
30602666
30620064
37040276
27351098
30836075
30660473
30657053
30652166
33036048
30745601
31019417
30644557
30651262
30656466
30632953
24060925
37282729
30990995
31938535
30670827
30694093
30573367
29364954
29415249
26499831
30998628
30706718
30673105
31705759
30645155
30665924
43355803
24656770
30675565
31040699
30707324
30629748
30700055
30676057
30625118
24937694
30627317
31428970
30667539
30692726
30788157
30659761
30696603
30595655
30988502
30707012
30694075
30678088
30653864
30694679
30696225
30825777
25694206
30837008
30900781
44640845
30650521
30747550
30650677
30678613
30681482
30626195
30681287
31376237
27479588
30991506
30625171
30711999
30651233
30728466
30700464
30865706
30574004
30697278
30876458
34245958
42921303
43479843
29086412
30892697
30657444
30688655
30673395
30635842
30619739
30706141
30634473
30781226
30671708
35407953
43001995
25908196
46963456
30769899
30799443
30659510
30645019
30657504
30655397
30792599
30646184
30589564
31897983
43078759
30205569
30966755
30625882
30654955
30629493
30586849
30618059
30659693
30651063
30613024
30619577
35751929
29525757
30935395
30615964
33802213
30612904
30625267
30602062
30679129
30795310
30592866
30681524
24760356
30499871
31206480
30580224
30628215
30666006
30774557
30624053
30699431
30623727
30615090
24937891
30578839
31307711
30660495
30631688
30662719
30669317
30612505
30608982
30575692
22383836
30580528
30967537
30631271
30594993
30533511
30602285
30641233
30631847
30625944
24727720
30632600
30973655
30753475
30642699
30620317
31487651
30562941
30589479
30638873
25775540
30770984
30961026
30610785
30653157
30645573
30741706
30618971
30643120
25393958
30572522
31199210
30640282
30638210
30671264
30647355
30649070
30634677
29595636
30932015
30636831
30675748
30622613
30639729
30623191
30744513
26446809
30811453
30723819
30684357
30629655
42278850
30607435
30652062
27548024
30978728
30668672
30638058
30600804
30500979
30820743
24266477
30570408
31108504
30655998
30643278
30639911
30559979
34167856
36227245
36641834
30595967
30629877
30587346
30663479
30830626
30621982
25360016
30587126
31218148
30618411
30628546
31229877
30604240
30646161
23655858
32329961
32757288
30466734
30494806
30499562
30532290
30494069
30447442
30435837
23915737
30388080
30825993
30444700
30496358
30453204
30505837
30462924
30537591
30474026
30619915
30457853
24453227
48954908
30807244
30489972
30494444
30429779
30470382
30493310
30377711
30438479
30458747
30412015
40289250
25299085
30439420
31181308
30437453
45054224
30483362
30494967
30480017
30426737
31449521
30430853
30463802
23155109
30445340
30739668
30395935
30403540
30415053
30484493
30440728
30463669
30433613
30543846
30445616
24952591
30526620
31016524
30477297
30455129
30423762
30403338
30448842
30455535
30432682
30499997
24510788
30429900
30866942
30463873
30389251
30430662
30421573
31207468
30493393
30414526
30617679
25891714
46951576
30782110
30771746
30693895
30613294
30621378
30654866
30633033
30658621
25027745
30478840
31256372
30465932
30481931
30533450
30723986
30467235
30459949
30458453
26952928
30900801
30568419
30533275
30533220
30457993
30525455
30581891
30518120
25315149
30593253
31017154
30553869
30623704
30646975
30540697
30522447
30521695
26678867
30878122
39676055
30583115
30624635
30489424
30554810
30550593
24364343
30449668
31008432
30607058
30512350
30567574
30517370
30495833
24252505
30493746
31042397
30488930
30539597
51398138
30527180
30491387
26487747
30883111
30500051
30532105
30472472
30441015
30540837
24338299
30573875
30816828
30609854
30445973
30479957
30502535
24219154
30499249
30832344
30519351
30545677
30558866
30518015
26605364
30887858
29227631
29304502
29113054
30570340
24278788
30522159
30860500
31226654
30514096
30522342
30526820
30515501
26991025
30949473
31208722
30496757
30519253
30498579
30601505
24775303
30468818
31141616
30543744
30534384
30860183
30493940
30582688
30578606
26391735
30717295
30474646
30589587
30545672
30648480
30506805
30496262
30563886
30487933
23094038
30666635
30914357
30520619
30585892
30484246
30627287
30503864
30506486
30521498
24765254
30484217
30878017
30456910
30541490
30529926
30467356
30716968
30508759
30487333
26552442
30818612
30602079
30534126
30472049
31489665
30630451
30486022
30472058
25195196
30375718
30907231
30532189
30423410
30384035
30542358
30366911
30439159
28166421
30845806
30480895
30465728
30450286
30473869
30443798
30514400
25524127
30554975
31176486
30470304
32537290
30507008
30494645
30436005
26413605
30798982
30481142
30438408
30414620
30489595
30460069
23218002
30504208
30802173
30499039
30500488
30486039
30532651
30474240
29454618
30759050
30502161
30477593
30477022
30462780
22510294
30424269
30802026
30470018
30494200
30447439
30406950
30529717
30422550
27083033
30720049
30414301
30441686
30378162
30441417
30587949
30438078
29358721
30821506
30448732
30501020
30511440
30439740
30492521
24690802
30424782
30852050
30502982
30582091
30496215
30443814
30502511
30419466
24605548
30505111
30753009
30519522
30508628
30442155
30543415
30480157
30455720
27081131
30791057
30459624
30468933
30468251
30444973
30415789
30453647
25154482
30428122
31044129
30505524
30496526
30483921
30447406
30444049
30445255
31328593
26313419
30731653
30515391
30507731
30432693
41586514
30424032
30575400
30427496
30431352
30455691
32914310
28196763
30946806
30397139
30494048
30483556
30441489
30487766
30466964
30425159
30447980
30448677
35157124
25366478
30654573
30546195
30677446
30427175
30434927
30500177
30477828
45262037
30481355
30438751
31379632
28840769
31663353
30726378
30491764
30440848
30435702
30392935
30377520
30410153
30408333
30376229
25966429
30874379
30554935
30425168
30385990
30425867
30449283
30379372
30446366
30344486
23752957
30389648
30706664
30463893
30471412
30371262
30445346
30483345
30490679
30385937
30417060
30057768
30771665
30438842
30435127
30454740
30410081
30432442
30420834
30418019
22367663
30591010
31010570
30416950
30429567
30433782
30570521
30375922
30383349
22226101
30420490
30735864
30465081
30480701
30599334
30476897
30461322
30477324
23820144
30396153
30728602
30486665
30419587
30413490
30416984
30455890
30410193
29302403
30757611
30406848
30467826
30380735
30570921
30413193
30394810
29157262
30743077
30387637
30403397
30390537
30495251
30401893
23497337
30551513
42123983
30400064
30379033
30409940
30396327
30387753
30034937
30918342
30464329
30507970
30395593
30484464
19289957
30489777
30784895
30475686
30412913
30486626
30451213
24054988
30385418
30761475
37650621
30456550
30450876
30404283
30543116
30731759
30453357
30441640
30470733
30394712
29123838
30780224
30404773
30440400
30400795
19916353
30380815
30739755
30435924
30388693
30459758
30430706
20641094
30411422
30757872
30477644
30409729
30428905
30385393
30438458
30427055
26854438
30768120
30471235
30472880
30405627
30564515
30367613
30409431
30442303
30429808
26393080
30788619
30399698
30415220
30366532
30461397
30413970
30346806
30371884
20849814
30385204
30783180
30453335
30447489
30414493
30488897
30413830
30423588
30417400
30432470
23122133
30451298
31069834
30429799
30370585
30373800
30367677
30445284
30478304
30372151
21029499
30423020
30730670
30357996
30415956
30347202
30489228
30437702
30405201
30383584
23052782
30446688
30778290
30404617
30395753
30416884
30415358
30412184
30400347
19510033
30417251
30790962
30425161
30428011
30367571
30372362
30468362
30427875
22322178
30339802
30778743
30388904
30415695
30414118
30518661
30421036
30428793
30467254
30456924
23340937
30413391
31006715
30473420
30460928
30446664
30431235
30463693
30476027
30474968
30434415
21855269
30439824
30806261
30377583
30426176
30454347
30452978
30432333
30448603
30379314
30439388
30425475
41191900
24882603
30407790
31092830
30386735
30463930
30390694
30368164
30398404
30558678
30406135
30451845
31501454
42546071
26072084
30716446
30506122
30473284
30428141
30429446
30578764
30445008
30399355
30420515
30437767
32362867
24764991
30401093
30880608
30438061
30381209
30391288
30421522
30397746
30440618
30374119
30448875
30795662
27083759
30736426
30498431
30477497
30428871
30382093
30454633
30476691
30439849
30423852
30475313
26647653
30806828
30484723
31284383
30418348
30370552
30425058
30426537
30378466
30422303
22528904
30563931
30694851
30357642
30466575
30441666
30412453
45875451
30382764
30594816
30346587
30129150
30756052
30401265
30513395
30460819
30373223
30428066
30426713
30385212
24439878
30391475
30908226
30421689
30369887
30361864
30432142
30381408
30428701
23340947
30338555
30689737
30398166
30597853
30371666
30409738
30409535
30413273
25266022
30395200
31013930
30575050
30409968
30417610
30404308
30478719
23697008
30382004
30749167
30504293
30453038
30365308
30390321
30492663
24620185
30393364
30828920
30447934
30427495
30460958
30418286
30464802
26051714
30357800
31197788
30510397
30389189
30500873
30349982
24091873
30405130
33973664
30447209
30398255
30398499
30443754
23846310
46781306
30940159
30592888
29273180
30620018
30619649
26668053
31106415
30674722
30612522
30616797
30628458
23962151
30436098
30788631
30459070
30401890
30396507
30481595
30483975
27001379
30721002
30401629
30513862
30436285
30525168
30548869
30441593
30481109
26021628
30807251
30563830
30493979
30540048
30513599
30477509
30464693
30470063
45889399
30707124
30351055
30443813
30392382
30427326
30397675
30492728
26430019
30819698
30435908
30408595
30570173
30502462
30363462
30378040
27050830
30721433
30421968
30414603
30449744
30455251
30462444
30508551
30390582
23504622
30436713
30805412
30393049
30436902
30420393
30412153
31017479
30617332
23487240
30429811
30899939
30451551
30426026
30383027
30432469
30386935
30394443
25833672
30390986
30998928
30446431
29667249
29100482
29081746
29066609
24131863
30478042
30788195
39453647
30379077
30393527
30455471
30401562
25743582
30608477
31126900
30437804
30667840
30400731
30402134
30352088
29940894
31569471
30430715
30455826
30561622
30424486
30459697
27195724
30682011
30452795
30436111
30408353
30418451
30417824
30004998
30692602
30455773
30428737
30314250
30422965
24720403
30380229
31044759
30423571
30440297
30571529
22968980
30382786
30830993
30408111
30487651
30484977
23430745
30398219
30777055
30472874
30529293
30364407
30377716
23751717
30382856
30736255
30441524
30486864
30398275
30447979
30429959
30412745
25897793
30391166
31191570
30474031
30511541
30421284
30419997
30463377
43749365
30452246
23841637
30345782
30790713
30443288
30399744
30521315
30420846
30458026
30460393
30440151
24050742
30440334
30807819
30582523
30427313
30433798
31079309
30452460
30367602
30458715
29872246
31372204
30449085
30389136
30442573
30479675
30445918
30483589
21673678
30538352
30763390
30376240
30454932
30397389
30380394
30458558
30481569
30463657
30462462
23263668
30442135
30856612
30471759
30464875
30432591
30386026
30391186
30435510
30436015
30422530
30384775
40475996
24367383
30420044
30854992
30413783
30425113
30345787
30423840
30425468
30356822
30437514
30418686
30401191
22527827
32259492
30718071
30415771
30348366
30396843
30385073
30388710
30437905
30379849
30479928
30491604
25102242
30414930
31203563
30454407
30482444
30434571
30395411
30405822
30473055
30410882
30448681
23735220
30443469
30786072
30457743
30521211
30437053
30430686
30477094
30413320
30603886
30447651
26412138
30846757
30469222
30377015
30366161
30440171
30341275
29089012
29125716
29120705
25911303
30373057
31063422
30423906
30424215
30421296
30489209
30473415
30444022
30434328
28694141
30742895
30502422
30494802
30527086
30485760
30509202
30382689
30494635
26469851
30516863
30499100
29190433
29142294
29158925
29211972
30491140
30451109
28908345
30535682
30757754
30594005
30460069
30455379
30467524
30427778
25172290
30410311
30568373
30502573
46402770
30435282
30445752
30443842
24820190
30467512
30730942
30667315
30467675
30486655
30501033
30466500
30569824
30486281
29093167
30729102
30433913
30451540
30475823
30469202
30497971
30541695
30522971
30477921
30482355
24212014
30459889
31435467
30445635
30458769
30504988
30484666
30454382
30445573
30563848
30450350
30443606
23103704
30503403
30553486
30434004
30470263
30486190
30493707
30441077
30402305
30492846
30520914
30499640
41352955
43782030
25379144
30423755
30714462
30622448
30481397
30454966
30419408
30514319
30541260
30532045
30502920
31555702
43672356
23758577
30583964
30538960
30469688
30482797
30428009
30545236
30470467
30483220
30553332
30528242
30419246
41391448
35978853
30491861
30472748
30482675
30405453
30488108
30525457
30482566
30519745
30488251
32541599
34782041
28237718
30486835
30520471
30417566
30426177
31330030
30635572
30550888
30435659
30562235
30475347
24929097
30518627
30626532
30498395
30474722
30525466
30490404
30519248
30443707
30455340
30499568
25932491
30439651
30664226
30485119
30435038
30459206
30563862
30516266
30470215
30506635
23492802
30917954
30764971
30717404
30556951
30586697
30624155
30620022
30610448
30592190
24171279
30654075
30751024
30670479
30605669
30606033
30655141
30532104
30601050
30617995
30003446
30521240
30474526
30562916
30483542
30483011
30467658
30441333
30440377
30283146
30542650
30515562
30512788
30537190
30602168
30452953
30500591
24549605
30481002
30559813
30477665
30382687
30443211
30574922
30415110
23675025
46832339
30764460
30600893
30645491
30662315
30667615
30658835
25345542
30629126
30683431
30847530
30644991
30651259
30647971
21556180
30593141
30737444
30648775
30700750
30647222
30615151
30649280
30554410
22458375
30548615
30730356
30670564
30643894
30617722
30594793
30626833
30632331
30607317
30602257
24126894
30568482
30724452
50785427
30581477
30673008
30638039
30590731
30685004
30619039
30659931
30608708
41286716
25034425
30603203
30756955
30654707
36393459
30645563
30631380
31311946
30691522
30624013
30680122
31480684
23738251
30560737
30768691
32619831
30592991
54203800
30634193
30699085
30629984
30634737
30615495
30611462
25424263
30613460
30909291
30643304
30751046
30637122
30590622
30637184
30643086
30597777
30661878
24272572
30676446
30588977
30506377
30564997
30522446
30496422
30492442
30490621
30668446
30543346
26951336
30566579
30580592
30563051
30517455
30563643
30507775
30534676
30518037
30561895
26121860
30459095
30650397
30508344
30627508
30549473
30465870
30548202
30464265
22447777
30493740
32173234
30500906
30587424
30529571
30569312
30553557
30568936
30519686
27727504
30574100
30526348
30556446
30608033
30554937
30509215
30541578
22159472
30528268
30570275
30529904
30580042
30533304
30516304
30507790
30620640
31558385
30537208
30642586
30578781
30594533
30583454
30632422
30542818
26213987
30568991
30636702
30540680
30558181
30539680
30734382
23027733
30503285
30613500
30552817
30598386
30587266
30591340
30542306
26698606
30700925
30554462
30601680
30727072
30524712
30613233
27031703
30483639
30554675
30598029
30551200
30607406
30533950
30536591
24641927
30528466
30612528
30586985
30583153
30634830
30810935
30569359
30505889
30536271
24762452
30548862
30681830
30708606
30582151
30518924
30513584
30573308
30726168
30518028
30612874
30850622
25578369
30454044
30787377
30565597
30543153
30612953
30591555
30574518
30565953
30548621
31200906
23981937
30474119
30657746
30493331
30676055
30549125
30523329
30566724
30538626
30551558
30623599
30580322
25492900
30505412
30764013
30569806
30554428
30520931
30505857
30568544
30713268
30507666
30575270
31943530
27730370
30627511
30542182
30539159
30595306
30477548
30533106
30623828
31191055
30584080
30548584
26867017
30770112
30595364
30592155
30639528
30531170
30580773
30538566
30514990
30636482
22437095
30504062
30667293
30598373
30613939
31583615
30518742
30552693
30584207
30528822
30537960
27716530
30733562
30574189
30540464
30633606
30539946
30573016
30552484
30556142
23378061
30532633
30636755
30572381
30520064
30515121
30541537
30542931
30525328
30571515
29423627
30627824
30555288
30517728
30164682
30434159
30527624
30625297
23305306
30513989
30658924
30586980
30506749
30477792
29188518
29328356
32648558
26653328
30621371
30554493
30609004
30516718
30576173
30535435
30582228
26025573
30545050
30582853
30684124
30519618
30550953
30583720
22397038
30512751
30646704
30514768
30572655
30614644
30597026
30505088
26017551
30722175
30433433
29234752
30529117
30580626
30688486
26703102
30627324
30485278
30522292
30529630
30579481
22138769
30559145
30602702
30539439
30569350
30540306
30483554
26534480
30652515
30554775
30662416
30527229
30582202
30564165
29957577
38076742
33674118
30531371
30617115
30550279
30532666
30507800
30474337
30539357
27890164
30619253
30548373
30543056
30503872
30500779
30525768
30537778
30613246
30538732
30581349
52846836
43755620
43917016
33879007
30667350
30668419
38155154
50206302
30742496
30753319
30661668
70924842
22173662
34708091
30785708
31391808
30699195
32236763
30688882
30708733
30666840
30648950
30694479
30686099
40628051
25652901
31407204
30805273
48748592
33009931
30659430
30680757
30687639
32083152
30622872
30715444
30664094
38851546
30646581
30863783
30721233
30755628
30657823
30684473
30955786
30622486
30643198
30663949
30767244
24301251
31435565
30719379
30671743
30599316
32138403
30615444
30698737
30867435
30738140
30636437
23596278
30692124
30897768
30696884
31476901
30601851
30610033
31354524
30689941
30641226
30723566
44511316
30648796
36234472
41786444
36029972
30653211
30629354
30686372
32865061
30698510
25987700
31565078
31458916
30649711
30645282
30798386
30749293
30676304
30734498
30713155
41197366
57353324
30710193
32291785
30713355
30827211
31658112
30686630
30681108
27435466
30839356
30650297
30740651
30621066
30659019
35049788
30724506
22382502
30715995
30774691
31903423
30795372
30568937
30657804
30652150
30673728
27904883
30867113
30646472
30689915
30699115
30565799
30731797
39515762
27127177
30741682
30687493
30731720
30690988
30671413
30826764
23081993
38620312
31052524
30579564
30668808
30663780
30631431
30671261
29404393
30747913
30718885
30732604
30655246
30748393
43254992
30771586
24129447
30656652
30893972
30710868
30669260
30679791
30740351
30672195
30635922
30636182
30744348
27600908
39270359
30622184
30670575
30623971
30675191
30686715
30631226
30773468
30641427
27693586
30711978
30687402
30692422
30673608
42350982
30657567
30767255
30685759
24478372
30641057
30794950
30678011
30628481
30686391
30655007
30721873
30668748
24267419
30711100
30765326
30723247
30732244
30743420
30660197
30821869
30661188
25968942
30618264
30878392
30671693
30736008
30686495
30713439
30699563
24594705
30661652
30780554
30682522
30660690
30769253
30866582
30665462
25677740
30684248
30822273
30753453
30726916
47898450
30907875
30639401
30116434
30715889
30699003
30710421
30696113
30766446
30636058
28468385
30963210
30787177
30774623
30651930
30699911
30788587
29912020
30777644
30730002
30688286
30652883
30732273
24409863
30648691
30813253
30732731
30698366
30704265
23856894
30692306
30760588
30696699
30726183
30670853
23259872
30486398
34974630
30490285
30526340
30459717
24906270
30480009
30633519
30520479
37326389
30467215
30652673
26336192
30483059
30645891
30508026
30485626
30520388
30483295
30521372
25034989
31366993
30628679
30565779
30536159
30505877
30556280
30548893
25948132
30515406
30743117
30587651
30552060
30523929
30564659
22571648
30565742
30633204
30565411
30630568
30451522
30550757
30556417
30106524
32559241
30520597
30604824
30540911
30553429
22090474
30616877
30724753
30482606
30512011
30469139
30509133
30439082
30552155
30261035
30584508
30532709
30451037
30528892
31515417
30625288
22556678
30504375
30628016
30582591
30510253
30622799
30487942
30568851
32577838
30591253
27036186
30750873
30485130
30510228
30575118
30533004
30502604
30538716
33736998
30514760
30572399
25139059
30519704
30735204
30796986
29147483
30743908
30514998
30539551
30544093
30548504
30504633
27167943
30580537
30532943
30520173
30476339
30588079
30544831
30487106
30539210
30475966
25416632
30571533
30788708
30587502
30556217
30547622
30658388
30582431
30495422
30483248
27371740
30672482
30727668
30579160
30474931
30508755
30613762
30687044
30548837
24913710
30486449
30713338
30554187
30502751
30472751
30735041
30534292
30731808
26141599
32320868
30896636
30521201
30549487
30505359
30591089
30524746
23342137
30414560
31268750
30510915
30535539
30502055
51671920
30534717
22779498
30466848
30581241
30660461
30472002
30535420
30536811
30487961
24545754
30480197
30651302
30514073
30510630
30578784
30612610
22818468
30515126
30578438
30554956
30567720
30495888
30456933
30534645
30561855
23166671
30585420
30631167
30445567
31285008
30521389
30562157
30464811
30513166
30510313
30528644
25826757
30532925
30733821
30492522
30640964
30821235
30482308
30548590
30496000
30596098
24869580
30485193
30734590
30507212
30486928
30503555
30508386
30684228
30569955
30525531
30509809
31377319
24963822
30665966
30799266
30543953
30509127
30579758
30439742
30522170
30501317
30508657
30497224
22258042
30525233
30657684
30492193
30532210
30532970
30493895
30539386
30530644
30496311
30496346
23232899
30539911
30628757
30489258
30669253
30521979
30480394
30500453
30526737
30595642
30516564
27895936
30542445
30498086
30548404
30584309
30523048
37892867
30557235
30509608
30683655
30023062
30576341
30472382
30504760
30499117
30493742
30499666
30513004
30529344
25023320
30554833
30788463
30551033
30482806
30463287
29220274
30548302
30449642
25383902
30534606
30691649
30559377
30431179
30501799
30456562
30542099
30506390
29871396
30547944
30578275
30572237
30423111
30495864
30518453
30504195
26978519
30597644
30472560
30480651
30532761
31137174
30488717
30516515
29660788
30610987
30509817
30458819
30447031
30500701
30548564
25209685
30520165
30822872
30488225
30477589
30567549
30617971
23730478
30512512
30639944
30664106
32503781
30507846
30513435
24060628
43051874
30733207
30480380
30566675
30589320
20048488
30512328
30616357
30488680
30568066
30476582
30521071
27885893
30500942
30527897
30443313
30530469
31491779
29333827
30609729
30489941
30559573
30623292
21470336
30523508
30540797
30510171
30464488
30564320
27295345
30449548
30553044
30561974
30522964
25327187
30488960
30517181
30554975
30451254
30495471
23402641
30456240
31152414
30550319
30471357
30446313
30538868
30536218
30370911
31173197
30564036
30538897
31431474
30447157
30536353
28003538
30502335
30492371
30496162
30503077
30498430
19439378
30507146
30458924
30405260
29787860
30577101
30478637
24175795
30510579
30546117
30622180
30559155
30536326
30508171
30453356
26425688
30462480
30485116
30512855
30517886
30485512
30512244
22270102
30565319
30486633
30405751
30494797
29183298
30502943
30609088
30475017
23343351
30398640
30499685
30487840
30508091
30600899
30504446
30514999
30496469
30515283
30490510
28973696
30480822
30437628
30622595
30465133
30492777
30558307
30525364
30534597
30465760
28886582
30568522
30873582
30460201
30580097
30470080
30530797
30487106
30541551
23073809
30411488
30505881
31059844
30483036
30493893
30482988
30504837
30490605
21869209
30446707
30533001
30504136
30481524
30667161
30518071
32524403
30528333
24457071
30387507
30410813
30533104
30589712
30629782
30540204
30476069
22294422
30526353
30466560
30477029
30563369
30490575
30452846
30535150
22891887
30502610
30515157
30531267
30584006
30537411
30529226
30716069
28297225
30452699
30519047
30456139
30556690
30505317
30593624
25866669
30459020
30484347
30503113
30523009
30679469
30498737
26738136
30658931
30564587
30519802
30554322
30537407
21034145
30569535
30545549
30657713
30496755
30542051
30577990
30543282
22380576
30501584
30551425
30521587
30593526
30572832
30601490
30460264
30531175
30858435
29565016
30464020
30607675
30464612
30701655
30565634
30531197
30522101
30581027
28221123
30507199
30526996
30553799
30506946
30551453
30477687
30524757
21415527
30503265
30517110
30527019
30535737
30591151
30522288
30598675
19264884
30577902
30595690
30530542
30517706
30558380
30532602
30560462
21070311
30566746
30531971
30602113
30555233
30572035
30611468
30568227
26115060
30533033
30509353
30470015
30581361
30525744
30505375
24565343
30531680
30524951
30586919
30546664
30595091
30475262
26430545
30496128
30551307
30577673
30538516
31573336
21389671
30535180
30613529
30526182
30532814
30529487
30497692
30582655
23126146
30569615
30532579
31288099
48316420
30501757
30538739
30619319
30590211
22250439
30576764
30505733
30700506
30507850
30565032
30534222
30503271
30552175
21531766
46835780
30622660
30655746
30572935
30608342
30608588
30578562
30652897
30535508
30611733
22320538
30660481
30602208
30607487
30620475
30630936
30611911
30652077
30568577
30616800
30644224
23349415
30579840
30620584
30607669
30774019
30594037
30573486
30726531
30605551
30626035
19279675
30613375
30640340
30636402
30614424
30630062
30551999
30590046
30539244
30613595
21203683
30634713
30595539
30744322
30692146
30606878
30612535
30668004
30691492
30579973
25802638
30593613
30676020
30544098
33661542
34309813
34437066
34119926
34190681
25587714
30601304
30579617
30612236
30602166
30584742
30625909
30623482
19898614
30597438
30584065
30661997
30581593
30637900
30608646
30624826
30613122
28609405
30580657
30656968
30719882
30669000
30609331
30622735
19412188
30618320
30642293
30695531
30643499
30612579
30596306
30615299
24464301
30696603
30624409
30635841
30611140
30551357
30651913
23260217
30644038
30625018
30633935
30616355
30589864
30631123
25212739
30557548
30595909
31538846
30664218
30661357
20043977
30623100
30612211
30591217
30579723
30648101
30646795
41511319
30468930
30499554
30516073
30452016
30459360
30427131
30496826
30506719
30494326
30511810
21971823
30563887
30471108
30466762
30482907
30453362
44136391
30572677
30617669
30530551
30462910
25645141
30557044
30538255
30550106
30448779
26138783
30545880
30608502
30508838
30497144
30490706
30555846
30476060
32050034
23226599
30504624
30521073
30507654
19842695
30538035
30458341
30526113
30461504
29516847
30459940
30520682
30462412
29669716
30518802
30494567
19707217
30460237
30518355
30560950
30533239
23809808
30399625
30524370
30506571
30669500
18484218
30521870
30478506
30529737
30569255
30519693
30553241
22781373
30474991
30465246
30474829
30448326
30496308
30496111
30527329
23360973
30424769
30551777
30585264
30561649
30824457
30527227
30476877
30527344
30498235
29971079
30616745
30527539
30510037
30572599
30547004
30480066
30513046
30468702
30458819
30527788
26778999
30649807
30544390
30486144
30504500
30537415
30513275
30535038
30536076
30646124
20932065
30471788
30491728
30491155
30588364
30496499
30841844
30514028
30524681
30519544
19100147
30495769
30517642
30507655
30487595
30527669
30433891
30461633
30503402
48475957
22806053
30511231
30474759
30640848
30470975
30530020
30556025
30521376
30508050
20700734
31114235
30529005
30535566
30517724
30558622
30560346
30526831
30528173
22771313
30469639
30474332
30589872
30474960
30541811
30559968
30544595
18212109
30556899
30508388
30520741
30462878
31149099
30504297
30508746
19494429
30442460
30488133
30476414
30534781
30526608
30466009
30487201
22761038
30500457
30524211
30782901
30515253
30451101
30376851
19444604
31371779
30690935
30667750
30679092
30731610
30828077
19818919
30638013
30771046
30670644
30688441
30732714
30702413
30754870
30734224
26414411
30696655
30709553
30877094
30652469
30741428
30787883
30727879
26769544
30624140
30676697
30730632
30656541
30685753
30686434
20679246
30826853
30630559
30762984
30666769
30650124
30648633
30664040
29712618
30677489
30680739
30702581
30765870
31351497
18566716
30679604
30734599
30795059
30969188
30672496
30707395
22727979
30794148
30686000
30710684
30685679
30715240
19154751
30669117
30727184
30660909
30651940
30686771
30648589
30676319
23363857
30611738
30651732
30634471
30721219
30669275
30736218
21149074
30730554
30727235
30719492
30784768
30653107
30761245
22037194
30762935
30702991
31518974
30629562
30860618
30707455
25837152
30693422
30649104
30685966
30659584
30701586
22798557
30661895
30638362
30656997
30688786
30676879
30719864
30673108
27191315
30668758
30620233
30682531
30674864
30707412
30688917
24598847
30699741
30678597
30680868
30652231
30723503
30697668
25478232
46586143
30494489
30535854
30519567
30466984
30712108
30469169
22779635
30501867
30529855
30450909
30461148
30505808
30512151
30503427
30536068
21491327
30509011
30513028
30528568
30499773
30490693
30490904
30461587
30492748
23959884
30439058
30502129
30498753
31066004
30493266
30459475
30441893
21338469
30501045
30521129
30475319
30449775
30462671
30458611
31566049
22185736
30494786
30447995
30449479
30465282
30563119
30474635
30510315
25980803
30416308
30411408
29199005
29179736
30279663
30461458
23475445
30449306
30564896
30516804
30484688
30478282
30482999
24519674
30445411
30527960
30463935
30518844
30499658
17953380
30460772
30581029
30545142
30442715
30537356
30486835
30409544
19805204
30455118
30495344
30489775
30477322
30510764
30561576
30486310
30573857
30484390
24343080
31060823
30464869
30497243
30514293
30508159
30476368
30443880
30498408
23946377
30496046
30530604
30517266
30596846
30389575
30456178
30434617
30516802
28775154
30499480
30489387
30448761
30487688
30501393
30493642
30437843
25126912
30441748
30445651
30489568
30456515
30628804
30444302
30475057
26512893
30472210
30487359
30480958
30464917
30476350
30495138
21444762
30383248
30452604
30473551
30493260
30431280
30451755
19667947
30605299
30518170
30448178
30454667
30416337
30460477
21498629
30509969
30464704
30488511
30492113
30522044
30494308
25984784
30493888
30464287
30591804
30395911
30457578
23669979
30384101
30179504
30591717
30518793
30554871
30500606
18044166
30562908
30532911
30507673
30537204
30515942
30746958
30612352
30519010
20760719
30587853
30475451
30484174
30516068
30541476
30523958
30516945
30483188
20536684
30491827
30470897
30488837
30510898
30514115
30537644
30515846
30524306
20857066
30491844
30419891
30531897
42939414
30500370
30517186
30535789
30548275
30566692
30503280
22748651
30596682
30445690
30488673
30454750
30483569
30502607
30540448
30503099
30445998
30506384
24579670
30469569
30445760
30514157
30439073
30478404
30631584
30492265
30518706
30469158
22025018
30416506
30450782
30434446
30437560
30509152
51918600
30486251
30435395
30443433
23532627
30463282
30454757
30442503
30508878
30516511
30489928
30672602
30508288
20444864
30437022
30481129
30462006
30472774
30479079
30478286
30468544
30453742
21350505
30464010
30497875
30458925
30424900
30423693
30418402
30468775
30443453
26470013
30559880
30496941
30398335
31328517
30486985
30485691
30506517
25004458
30452982
30485923
30483408
30543497
30534912
30403486
30439462
27778719
30561677
30501514
30446584
30513588
30483659
30582333
23527091
30456181
30465393
30456550
30527351
30463171
30449616
23427371
30466724
30453170
30423156
30453706
30602435
30456262
25166328
30442731
30521284
30452366
30506134
30538045
20899521
30507381
30455913
30468573
30466794
30462518
19919119
30416324
30393012
30486432
30405198
30484842
20671001
30498930
31249642
30508220
30533895
30457842
30600848
19590814
30518682
30446235
30519184
30479191
30460599
30477895
30592215
30508653
25016739
30486750
30452599
30560048
30431468
30493764
30463848
30458257
30474971
30476435
23370701
30479386
30459224
30469480
30617719
30462795
30465459
30551378
#end
