#729a2951|blade-3-m620|jdom@54ed0cc8b7e8deffd5e088305ca7723dc0bd963c:org.jdom2.Verifier#checkCharacterData(String)[generators@bcfe6d43107430b2604e2e34b9151742941652e0:cz.cuni.mff.spl.casestudy.generators.ParseFileGenerator('MQ==')]()
#date=Apr 30, 2015 3:00:03 AM
#warmup=1
#count=3570
#begin
52379164
55872605
25829270
32603525
41888398
25745500
32400309
42003835
25841192
32465867
42044413
43685737
43575412
43553023
26700969
30284704
30297098
30410023
30270695
48746020
25939749
30340178
30294923
30314551
30323315
34039855
43521054
43738356
43647983
43616207
43668073
98589237
26053455
30338807
30367039
30274086
31166219
48343288
55283650
43587589
43737003
47434698
43608492
82933359
208854687
44174062
44148196
110167820
43950814
32040206
95578312
49054730
81945721
56157827
56532728
30711795
31648665
44048089
30700142
31522114
34817764
59100290
43315974
43323585
46839546
55584946
94514608
45342176
73792369
41325285
36028972
46137506
30737003
56344551
41463655
22151035
35207805
43401499
43460301
66430285
44057201
39564876
30675222
43077723
55539600
80791491
49315390
41113085
30682979
55625809
27417155
51301242
45518861
43385273
43296421
43292014
38574182
31464867
31707586
35686547
30662444
31957599
55521515
30709164
22590196
30799090
43410911
67002620
43528092
44417932
40769186
32438872
45328924
128405687
111901631
31798999
30659981
54851116
28502510
58930774
44158467
43295146
43371716
43381847
35525995
30798129
35473879
31521442
58102375
30775190
51994043
48093069
34139133
44367610
44042132
43265841
46901859
71612380
103394118
62927403
54556469
30820682
30704000
26964037
38073998
63292933
43300150
43504006
44154865
50398141
85067018
100305415
36385150
56791177
30646813
28318643
33107347
43474661
43335727
43334959
66956264
103708813
47748254
65870512
39512565
37341060
41571762
30503010
37037626
43267701
43257909
44864671
56314473
112834258
79721334
92598631
19765857
39419394
32261592
35728778
43357916
43282741
115148512
72419687
51737435
43427616
77037193
61892647
30498124
30467100
41812269
54162395
43475703
72544578
49575017
69221101
27592850
107036852
30491050
30258997
53791079
50767801
81792768
105517744
54689243
22731057
40820533
44144423
47730189
49081841
65548612
68861629
56915461
37527705
29333487
72386881
45000436
43336456
46958343
64619011
68968511
105684672
61504663
30103094
45873897
43373321
43424358
43486832
87771537
122254037
72711886
28903980
35012257
42662279
43680506
80304263
128714797
44264565
24664705
81731855
43335639
43471552
69365769
89726556
113648723
87442592
33498069
43301043
34066388
38792637
34499897
32878584
18634507
34390068
43321463
33082938
39619539
35419930
67040598
22482595
70887384
42322462
32289722
40907028
43161568
31049735
57908790
45154374
32970176
51032840
40631687
65443590
29890106
43241625
34263375
38645981
34794285
32822989
30819636
19115197
32064390
43715685
32731936
40083932
32821628
67257236
32870507
23770110
35847212
64620404
35393548
39254845
45877925
40148729
22156087
33185831
41785408
62042436
41518829
33176743
57519752
23596138
33545963
39475343
69769167
39708710
48295360
38335920
29523242
37629470
34350657
65531681
34851993
35308868
25297896
33645673
37499851
35665814
37742082
32156789
31045705
33817479
37224437
35911180
37651115
31950032
30223282
37015404
33834056
39133065
34421706
23560244
31684401
97449473
34129353
39554097
21783876
30499453
35856755
31209226
42084363
21565267
30545761
34796980
31226094
42003894
23542691
30537231
35041682
33956169
39498892
30496390
25279285
30481767
36736261
35214184
68415762
30696101
51557007
27212500
30604568
34156456
33841993
56455845
32270314
49756806
26157995
30560975
34617779
35715139
37046323
31844072
21397094
30570302
33655367
30596537
41652444
30709937
18878584
30569987
31445487
32298200
39172399
33266573
31589474
31011080
24292912
30611179
32147639
33457069
39377130
34209593
32343089
31945830
45198313
22977482
30661213
31888312
32538154
40127619
30581526
31842263
31287771
42726561
26495299
30588804
31996587
38944197
36787013
31899359
33025536
33944617
23520328
30581034
64518322
33802783
39396875
30575793
31874663
57542252
25463432
45045909
30749924
34407327
38528377
30529235
32918845
20555930
30548953
30613748
30508986
61133599
32617489
31688628
31046694
28547356
30585168
31061379
36428986
35444811
31618175
18491676
30611922
30701602
30627758
37578826
34102246
31644092
23142466
30692066
30634347
30783055
39979219
30702180
20529534
30664923
30669812
30578089
37863171
30630124
20945945
30708049
30692661
30596726
37784004
30794057
23688333
30650311
30659972
30596219
36280056
18077147
30625639
30664758
30668327
34771428
34138087
31805788
23076726
30636532
30832990
30685775
36128125
30652139
20549624
30649370
30697793
30631322
34987519
30803957
31638243
31049960
24918925
30661633
30698980
30542653
34835902
30666324
32838865
30958088
43082225
24643628
30635862
30644711
30609677
33730538
30741024
32922194
31087525
44956090
37341166
30801102
26453093
30653429
30617069
30700840
34345520
32099758
30773275
32725450
43537537
35669243
23984226
30522266
30603479
30648760
32395653
30773062
31775477
30953921
39256977
39121664
24214728
30578384
31263848
30603690
32353405
30632508
32811456
31164961
41915997
20540066
30623875
30591684
30658370
32935688
30799696
31647299
30994381
36374565
20673260
30763408
30691115
30711954
32267745
36210843
31587608
31143592
36926805
25041296
30704642
30602144
30679457
30649022
30704934
31479516
31038306
24085330
30523893
30437658
30405022
30520693
30472225
30932875
30838682
25586315
46695388
30491870
30520761
30612818
30505891
30927773
21336522
30502648
30430384
30604255
30477110
30470064
38834763
20486242
30504286
30437253
30530516
31346017
30361453
30385562
26578084
30478880
30505514
30512031
30678298
30716112
30448569
29124838
52810579
30453086
30463506
30462753
30471777
25879496
30398089
30474506
30462309
39099665
30435671
26927511
30544659
30460009
30402022
30429331
20726899
30558188
30484977
30429259
30427129
30420185
30561477
22526109
30491311
30426586
30368833
30523705
30447537
30423531
30498219
21421317
30461515
30430942
30417889
30654859
30460097
30451024
30418304
30385531
41222528
23593917
30469795
30434951
30409962
30544535
30455507
30445919
30710358
33400209
20553119
31905443
30423669
30381415
30474651
30374439
30360359
30418353
33539866
21657221
30446364
30396858
30441442
30420318
30547415
30434411
30345548
30420786
26877336
30399822
30489395
30418726
30401196
30414073
30402189
30499798
26077358
31557778
31239968
30538597
30534226
30539195
31138153
18476965
30453462
30445844
30536955
30521035
30539486
30616981
30487075
25246339
30482311
30473930
30462544
30497398
30494618
30464462
24829426
30465742
30654068
30505619
30496280
30472499
30497066
30768070
30530737
30489284
30473733
30482002
30524353
23615641
30447329
30495004
30475899
30588757
30493491
30516231
30572324
26725382
30529972
30489519
30468660
30460969
30547977
30501044
23286885
30473129
30533993
30484269
30532001
30468984
30491476
23084117
30459066
30474937
30500695
30601429
30494880
30533898
26146834
30467971
48583918
30537804
30512042
30444193
22100727
30461517
30454178
30680128
30501349
30503071
21484023
30489951
30470037
30478478
30457235
30492086
22602884
46661666
30489293
30440409
30488817
30483533
26679424
30436282
30441391
30620040
31338848
23370891
30474133
30476843
30521610
30444860
30593673
19233355
30517087
30509396
30485159
30509353
30498835
30524441
30485279
23013384
30624924
30504209
30497944
30470126
30455533
30546964
30477933
30417009
19921285
30470939
30546071
30416595
30631997
30485313
30529824
30482699
30468279
30463942
21003445
30436706
30502007
30568402
30449839
30464771
30458160
30489177
30492129
30543204
30458364
23069580
31536706
30482826
30467120
30520440
30426798
30437518
30457699
30487426
30500090
30477929
22400998
30461243
30467893
30432489
30478563
30534612
30431737
30525465
30467353
30489906
30621137
37925727
42684885
44064085
27101326
30486593
30464918
30496991
30485350
30406209
30510317
30489427
30517530
30513835
34728186
43110408
22344265
30474668
30488882
30483097
30545701
30564964
30507186
30549064
30535770
30484536
30636113
38671395
22341738
30517873
30504221
30477530
30468131
30479313
30574458
30462515
30533305
30481335
30461315
37832106
25312914
30472234
30433697
30471604
30440506
30461609
30405900
30495217
30517920
30482062
32297311
25690151
30456246
30624452
30415493
30465853
30533300
30498958
30504242
30450829
30447626
23400975
30450253
30487558
30472020
30483288
30599718
30487146
30480686
30446755
30498936
23205065
30481989
30402082
30503499
30596238
30468255
30479500
30489104
30461787
30609728
26649888
30486102
30627876
30375134
40997023
30491957
30458244
30467340
30438922
26185589
30686910
30488643
30524967
30491667
30475338
30446985
30619106
22096513
30445552
30475050
30512656
30442930
30466582
30531553
30516180
32420803
27024297
30622746
30480482
31027113
30500517
30430433
30478500
30619671
29439914
30461100
30551268
30510602
30489148
30723961
30524762
25240903
32633667
30543111
30560493
30549239
30543013
30545890
23536662
30513107
30559033
30577462
30509891
30504777
30531167
24740000
30583516
30745417
30571013
30600273
30492608
30603193
44180375
30660316
30696782
30717813
30605295
30666659
25849654
30697202
30651597
30646929
30673111
30696214
26205191
30724142
30675731
30677397
30605706
30648490
30070520
30713565
30921182
31297684
30689528
24979939
30619171
30683491
30591142
30970673
23842488
50268219
30615774
30870937
30725500
30707484
22696651
30697395
30737475
30667288
30639475
30825182
30642475
30656226
25194756
30660416
30617535
30641587
30571157
29327787
29421404
23229438
29451995
29325740
29343494
29412828
30628351
30602410
25650681
30661490
30687411
30668753
30670535
30746475
30702979
30494109
30726495
30697975
30642419
30665262
30652357
27188504
30611612
30613241
30718832
30613999
30658708
27074256
30640249
30642870
30670414
30562700
23594984
30776948
30601622
30680137
30564504
30686084
26235267
30572860
30576444
30748911
30626580
23127226
30609053
30656940
30639499
30629266
24891168
30657702
30579105
30603786
30635859
26313915
30639730
30783335
30620167
21293273
30633924
32594170
30678347
30664319
30642617
25707787
30627915
30752564
30608193
30755917
30595319
22302368
30713046
30648875
30622517
30628691
30633691
30643724
30638435
22998520
30664293
30605281
30622406
30621469
30543959
30672135
30692520
30615035
30652286
26550094
30641042
30715198
30635170
30605625
30667912
30601204
30667977
30632480
30629244
33356009
28272079
30631031
30643760
30639755
30665545
30761444
30712133
30620104
30665328
30622548
21333209
30617506
30667051
30660164
30805580
30667650
30702189
30591120
30653162
30656111
30635160
36839458
43465703
23001090
30740595
32645813
30636802
30997574
32358140
30676604
30602277
30781683
30636168
30585831
37212974
43478840
23414384
30630215
30630320
30631948
30584485
30603017
30654439
30508436
30635699
30601158
30641138
37265742
43525489
26619013
30580380
30593639
30612169
30555344
30602430
30713273
30569320
30579719
30695497
47109227
43587417
29382549
30605593
30551075
30520697
30636364
30604555
30559575
30589677
32996593
30597918
35643470
26507497
30617557
30608754
30551090
30619412
30595446
30586108
30643153
30683230
30552137
33082215
30119571
30589781
30536171
30544184
30616660
30860373
30607266
30634570
30634884
30657693
27205243
30537813
30551740
30575997
30612179
30609447
30611248
30630241
30782269
21502436
30607771
30624177
30615131
30611688
30560486
30610826
30699346
30605037
30565144
26935342
30589613
30613264
30738135
30619027
30718102
30627429
30654431
30667102
28492563
30578128
30610366
30596126
30654535
30652751
30620474
30601138
25127610
30582780
30609291
30567313
30736317
30621583
30622429
30496104
24194483
30594838
30577946
30645748
30588295
30633686
30631275
30559668
26491057
30606730
30598402
30550815
30574147
30632691
30608260
24045787
30635476
30603329
30631492
30559422
30632309
30551633
30637400
30602213
25523836
30530784
30629509
30627711
30656941
30519499
30629006
30781980
30598822
30588187
31059662
29894111
30526026
30577217
30630086
30594920
32659847
30603429
30602364
30725511
30645132
28090722
30569344
30660599
30541537
30580808
30649650
30572281
30647064
30630893
24082772
30630195
30572603
30617785
30553775
30558995
30610642
30580380
30598557
22807049
30732032
30535626
30648300
30598078
46706365
30646969
30619149
30536653
24211706
30594688
30753531
30596657
30637779
30637968
30652984
30615531
32643602
30368866
30586273
30702520
30499848
30617728
30730659
30628372
22154998
30579151
30617432
30677548
30555660
30642195
30710187
30657728
24718383
30589735
30630253
30603965
30545440
30606435
30634278
22701202
30569115
30572450
30599897
30587599
30629622
30584609
30605545
30536280
24887405
30660716
30591930
30643215
30586556
30576569
30628877
30597772
30659302
30531473
22326599
30522358
30643276
30604686
30630777
30608564
30574660
30606130
30736753
30611211
23643008
30564984
31362474
30538492
30423847
30514996
30536793
30508451
30499891
30540239
25515014
30490367
30503347
30540044
30484440
30450813
30481167
30488618
30485095
25474492
30464629
30466015
30486066
30494717
30632091
30505324
30542326
30497939
27446146
30546455
30572526
30511016
30510873
30482841
30498646
30470397
25551966
30494439
30600777
30544591
30531816
30498686
30504027
30517664
26722615
31166321
30621959
30565888
30564946
30485332
31131479
23212328
30438042
30599617
30448162
30502302
30556077
30495127
22599719
30497366
30539186
30589748
30495812
30649808
30501984
22615033
30481631
32487712
30455113
30494995
30457499
30462120
25660649
30479306
30550371
30505995
30573706
30518253
24422471
30478969
30502866
30532872
30510287
30509370
30607581
30518604
29216307
30504807
30496882
35253499
30485397
30467303
30484092
27033441
30575708
30453404
30498499
30520950
30724869
30517280
30471615
22968540
30507536
30464983
30434548
30465180
30501151
30483566
30485193
30642775
30492824
30508324
28041002
30791113
30468315
30561315
30421144
30543851
30428157
30488922
30519660
21952992
30500946
30480920
30827542
30499722
30452353
30509386
30482844
30445885
30487802
30539789
37402420
23288318
30520330
30484647
31138654
30515988
30507655
30628140
30509377
30479017
30492664
30477051
21856618
30469306
30430089
30487255
30446186
30517973
30505051
30471868
30487586
30470564
30485355
25006843
30460379
30400639
30460199
29658389
29157976
29206919
29208708
29066476
29128907
29165337
36716282
43756534
29699613
30412244
30528540
30453098
30524788
30454257
30504302
30508003
30516935
30481927
36020692
22501782
30486748
30465760
31433348
30535348
30497243
30514986
30538715
30409491
30490690
30432237
38679034
30052353
30441108
30515066
30510551
30455384
30473042
30516742
30451944
30552622
30496263
24181884
30476188
30554124
30442164
30575397
30608288
30605259
30438834
30467668
30498841
22256629
30420934
30548163
30635567
30554689
30461658
30506290
30442798
30492601
30541080
24187808
30623313
30497669
30586205
30450059
30514358
30503249
30497708
30440351
22919082
30531689
30487033
30472562
30538555
30507877
30515706
30500622
30478255
23768912
46529999
30414173
30477221
30465244
30452239
30488966
30469857
30497082
27709487
30473300
30486269
30448290
30471526
30453019
30412491
30587050
27269868
30468978
30457446
30491904
30483304
30437266
30491604
23189037
30629199
30579659
30453584
30474870
30419148
30426275
30439858
27195206
30435604
30430109
30381495
30441975
30458229
30451741
27135564
45067009
30452676
30470193
30411466
30479058
30472353
30560800
24399261
46570895
30488168
30634857
30494848
30490044
30498988
30460422
30485480
30458923
23925550
30585524
30499486
30539853
30482802
30394726
31072644
30502868
30423569
30683891
26592884
31475917
30558740
30483159
30491978
30551155
30526073
30514786
30535093
30493701
33540327
23860881
30504266
30497615
30520120
30510300
41820684
30552990
30486340
30509197
30535189
30551186
38730623
25528723
31347546
31282137
30471837
30535689
30475942
30472567
30589061
30428138
30456117
32130480
25192651
30525075
30475217
30454875
30548761
30408996
30392544
30393652
30466495
30423270
22481943
30455742
30463636
30440362
30420904
30525444
30501084
30449224
30440040
30485484
21339100
30453288
30435964
30509139
30449747
30423390
30471539
30406121
30460469
30427057
24761101
30464852
30442979
30484967
30538247
30475695
30601032
30473406
30485446
24311522
30433504
30408617
30425427
30445139
30436015
30452860
30492706
30497905
25954686
30457679
30449693
30425100
30467336
30473684
30464735
30462222
25505233
30614000
30564837
30606549
30431518
30422889
30437575
30432668
24974331
30391810
30517113
30461495
30393535
32927516
30451106
30468237
27395223
30426239
30511895
30396191
30476130
30465542
30410751
25789162
30470426
30535388
30487024
30551306
30474290
30601459
26677816
30468368
30498488
30443795
30420380
30462631
22902158
46488803
30429490
30434273
30473755
30438331
30987755
27820670
30455786
30433569
30399123
30392126
30508324
27899917
30433884
30484677
30499540
30427444
30527857
34630422
35176260
30469020
30467591
30429002
30442426
23570159
30451522
30421527
30382566
29051487
29152479
29151278
29116407
29092223
28557990
29093805
30875321
30503692
30541620
30456266
30375570
31069888
30428004
18999253
30462253
30357377
30452517
29781188
30483750
30521020
30448006
30514369
30417587
30465316
26270765
30484658
30452200
30484833
30426711
30488775
30441638
30461344
30500382
30470871
29478778
30555606
31276799
30475824
30474208
30486343
30479777
30603086
30484233
24982012
30442360
30389113
30445471
30418584
30450333
30516073
30490947
30448571
25871038
30457917
30481170
30444984
30432960
30456384
30444075
30433451
22044207
30489226
30422797
30493706
30444171
30447917
30444968
30447271
22100625
30451284
30400011
30450774
30449668
30478057
30494481
30443443
23131538
30492362
30458989
30421769
30469394
30397886
30424151
30491835
27845879
30388780
30375324
30507848
30174027
30451991
29121618
29109475
29097796
29907796
30469791
30427333
30473208
30483463
30413233
30498071
30417908
24618847
30447395
30440424
30486970
30460522
30478609
30419289
30520746
24806681
30503640
30495911
30476269
30571583
30472692
30501817
30501020
35968257
30575631
26639371
30484337
30416555
30547562
30539364
30487281
30439824
30573269
30495275
25035774
30631349
30520169
30456027
30437875
30499358
30467735
30534292
30453944
27653310
32364496
30488265
30430109
30427977
30630222
30469139
30444529
23801348
30424046
30520787
30457293
30448995
30466502
30512627
30515571
30462297
30454362
21675054
30462333
30503431
30461277
30522435
30464177
31091463
30468962
30562332
30545064
24899603
30481732
30473545
30461807
30495712
30520204
30443417
30456968
30567217
30488606
30456142
25561811
30495720
30539584
31063957
30509849
30628326
30490090
30428218
30485468
30512727
32287644
26810408
30496992
30577102
30480421
30475184
30468393
30458386
30510735
30498295
30515966
24292368
30480951
30563291
30452908
30488597
30502989
30468975
30531222
30510426
30492918
24858512
30498310
30578363
30607764
30473193
30489198
30439801
30521048
30499023
22695364
32823140
30562806
30589719
30596756
30598483
30552013
30601906
30601039
22484916
30618439
38192001
30694148
30642507
30549984
30555518
30612552
30555468
25143709
30555364
30731092
30577011
30622892
30593733
30600342
30607023
24297685
30638096
30654110
30571374
30586738
30678779
30572922
30545892
25911484
30551973
30552081
30502995
30583257
30583871
30569294
22250424
30546504
30597003
30657108
30581781
30599468
30521931
22102642
30691552
30685373
30576541
30595897
30586249
30525482
30560349
30564728
25099930
30764517
30605462
30542819
30630150
30561128
30659363
30529571
24101242
30519186
30546246
30571157
30660578
30622459
30567843
30583517
26063056
30602950
30523915
30640802
30692144
30591286
30531731
22964229
30649695
30607704
30503326
30551366
30546644
30605031
30575691
30825738
23696128
30566822
30554520
30587813
30561110
30532871
30583502
30626886
30569859
30539297
30694241
25694336
30596092
30568003
30565186
30525280
31447041
30559010
30546986
30552166
30585984
25341643
30571880
30556106
30561461
30570688
30531706
30575168
30534820
30733222
30599182
26789350
30585142
30557348
30621844
30582083
30585328
30649709
30534800
30562341
24977576
30627555
30600988
30598431
30540675
30571040
30606626
30630433
30620493
25954715
30598248
30628951
30473102
30577435
30544148
30552810
30561984
23508724
30566027
30549504
30520599
30601950
30655791
30615744
30528960
23491771
30574924
30574559
30601431
30547267
30539095
30551656
30489786
25475928
30598052
30585373
30554317
30616150
30579727
30525392
23539010
30550813
30748128
30591619
30575799
30580580
30601517
30597424
30572843
24251837
30578982
30676039
30512387
30638964
30542990
30580233
30573941
30554017
30592497
30625675
27784712
30562548
30535650
30535029
30608119
30611634
30569735
30550255
30519311
30545948
35027606
23067900
30606593
30530880
30622571
30574417
31169729
30528033
30527742
30541757
30594631
30542157
38305519
43768596
24986863
30498633
30514435
30577354
30696560
30441817
30481226
30507311
30502871
30465533
30751089
43934105
25029858
30532807
30512498
30575517
30470740
30465118
30452963
30471722
30564406
30574133
30488679
43443643
30007534
30468613
30476897
30499547
30452742
30544694
30449835
30658451
30460902
30480751
31181718
38586435
36058185
30462384
30466655
30500403
30467405
30517627
30449869
30517246
30501415
25407583
30560198
30481642
30507590
45671033
30451795
30528906
30526808
30529795
30407858
25728172
30439733
30526255
30472026
30523504
30445812
30498616
30523403
30506513
22398415
46728603
30539846
30611924
30609222
30620969
30605671
30626430
30540730
22751027
30554841
30560578
30581852
30555595
30566971
30580155
30607393
30567370
25263357
30608395
30565401
30559943
30615886
30513769
30606363
30577151
23471928
30557624
30569731
30522205
30562165
30599478
30511551
30549393
25025902
30513831
30667579
30658817
30592275
30846653
30502284
30528875
27910064
30551698
30589422
30538815
30590679
30569648
30561997
26997078
30616946
30582423
30598470
30480532
30705660
30581131
27784537
30594577
30548610
30562465
30560717
30595266
24175252
31468804
30608511
30580121
30529594
30521766
22198678
30559853
30551771
30522993
30562122
30593804
23510261
30590304
30727630
30636920
30535603
30519686
30589292
30558422
29812344
30443140
30530875
29092614
29204638
29192112
30265922
30536257
24542954
30461183
30500841
30545104
30522528
30578766
30458580
30467093
30441599
30456772
22023598
30521338
30465320
30505493
30589329
30529393
30482144
30464713
30539521
30502926
30451307
37039285
25636164
30443633
30549026
30643571
30428890
30298011
30399893
30525886
30515215
30500321
32151572
23004519
30460737
30451439
30472789
30471275
30478991
30458181
30483280
30452412
30465007
30492568
23637295
30476826
30462149
30481619
30478331
30508107
30528862
30459140
30460483
30555391
30465991
28084063
30471906
30596132
30460553
30475024
30523168
30463759
30469486
30483249
30515964
30081917
30462773
30504235
31199557
30399844
29799705
29242910
29192883
29120925
24489406
30486589
30504908
30477883
30494733
30487782
30466571
30503533
30480808
36311916
31458794
30560008
30547578
30534272
30569320
30699817
30531092
30584135
29104750
30560344
30583564
30500624
30589720
30559168
30536931
30554675
26409493
30623621
30482654
30616226
30593049
30618091
30547961
30594884
28165079
30569484
30593382
30600437
30532668
30557975
30569998
24478098
30664033
30538092
30564266
30612780
30617831
30581825
23210205
30649819
30567818
30537434
30550515
30588250
30492418
30552946
30499679
26624279
30583476
30489769
30570609
30575848
30602742
30549502
30592597
30540089
30516487
24448303
30606784
30551142
30546894
30583346
30619763
30714193
30610928
30572906
30589093
25945456
30674319
30656332
30671839
30636351
33683391
30657952
30655166
30660990
23260133
30603849
30724897
30807530
30674181
30624308
30697033
30663019
30631306
25568518
30676729
30642267
30648465
30684353
30652569
30645206
30649748
30617142
28461064
30553093
30542821
30595195
30537842
30581444
30553315
44078494
27132243
30552135
30569359
30603060
30564406
30522322
30545628
21612056
30556957
30644870
30594975
30551250
30557024
30576636
30527009
25991109
30526858
30509630
30550863
30621213
30539419
30614103
25204750
30583814
30558531
30631068
30606303
30529692
30642444
30576386
22955222
30662597
30607125
30567310
30573426
30596229
30746097
30832359
30644385
30586560
30622706
30081381
30551002
30572850
30596848
30544801
30559837
30540137
30610722
30572188
23061480
30682186
30633327
30548164
30576913
30517837
30577806
30581053
30652880
22094113
30516775
30521011
30575418
30585074
30553315
30622158
30750540
30537855
22962062
30598968
30589142
30577562
30557986
30545741
30526184
30660718
30532222
27399922
30565308
30544768
30582735
30606675
30574272
30616653
30639589
27272128
30556829
30592437
30589826
30691668
30777148
30566764
23020859
30456191
30861075
30631118
30622173
30569886
30627291
30642984
30586999
30568179
30005239
30518484
30553284
30541676
30556428
30542806
30717049
30567651
22882011
30527882
30535197
30576193
30538404
30548827
30536720
30557739
30570962
27439052
30584548
30622331
30582873
30545015
30576226
30506502
30546606
27961521
30648098
30583963
30530270
31430224
30571784
30552126
23375337
30543139
30699999
30637310
30566731
30579940
30552334
30567021
30594549
22756493
30540744
30537475
43190163
30668351
30561493
30563007
30535172
30558451
30598426
30533230
23142480
30629495
30581643
30568799
30789391
31223222
30559360
30576528
30623882
30548626
30516724
26384453
30682833
30595127
30567131
30679243
30562586
30524168
30580957
30553498
30595651
26658517
30560573
30688539
30596640
30576637
30586795
30526439
30501457
30581608
23530852
30531601
30560524
30609962
30568870
36099596
30595133
30551524
30579144
22455440
30565224
30563227
30632649
30544558
30573768
30711953
30624248
30578060
24945211
30528753
30527400
30568502
30540655
30662062
30554110
30601909
23440771
30576292
30562542
30531144
30664868
30631603
30624389
30578424
24345594
32582343
30624761
30564024
30582944
30571788
30625802
30531482
27506212
30600663
30590755
30733481
30555313
30597224
30577398
26051329
30632542
30584453
30533842
30657928
30553793
30574935
30543808
22631989
30552964
30585022
30587118
30531678
30606773
30597155
30561453
30588641
30576499
30471537
26714396
30593886
30690035
30550836
30587234
30722512
30484346
30515980
30910211
30577480
22544817
30569500
30558707
30600421
30602680
30549452
30595658
30579891
30532347
30487293
30541284
24399604
30580864
30533770
30519067
29324647
29322229
29864710
29272474
29250869
29280539
24943973
30704539
30665191
30604135
30719831
30651189
30663223
30633742
30617615
30632481
26838082
30794579
30662559
30670546
30573516
30689323
30694150
30665990
30684244
25832720
30662539
30667321
30656446
30675062
30681746
30625518
30686323
30617179
27355457
30726424
30871841
30707506
30655019
30662029
30768323
30672767
25093399
30673982
30578812
30629319
30693999
30658817
30676233
30714674
24622867
30608773
30873782
30682433
30659641
30700401
30662295
30657044
28761825
30791784
31001217
30684944
30636913
30841128
30692131
25565738
30661860
30671289
30741161
30715493
30636246
30869804
26617143
31578746
31546681
30663197
30716358
30585699
21711063
30575131
30655482
30567747
30473940
30706504
30687237
27041411
30625606
30641302
30580704
29245367
30566808
25912240
30665777
30693093
30679520
30562516
30938214
29327734
30697590
30674335
30682406
30676350
23828434
30683383
30650768
30654044
30648246
24173882
30620264
30665667
30620917
30595471
22580520
30676526
30673337
30650797
30628828
30674255
30765917
30484706
30581251
30626466
30624082
30571953
22459813
30617627
30632141
30555657
30626271
30644766
30625718
24070232
30682846
30601813
30617066
30554744
30579148
30596004
30597395
30655389
28974952
30680642
30677791
30643592
30639655
30801679
30663508
30633108
29676399
30682975
30662276
30874615
31368691
30662548
30660875
23821428
30652802
30524206
30629133
30624493
30621590
30663707
22605773
30618044
30650777
30573633
30581962
30405695
30604248
22824146
30623524
30638115
30672700
30608232
30681161
30683148
25252263
30701154
30612180
30624857
30699935
30661386
30634295
30578669
25511717
30551333
30635872
30788069
30701337
30629812
30602219
22192362
30674389
30607459
30625768
30667728
30588494
30701933
30644248
30664179
30694151
29944696
46703789
30599392
30645153
30625270
30615653
30607902
30611971
23914247
30854263
30685757
30647670
30589260
30579542
30715993
30606816
21144713
30593589
30608084
30615375
30637931
30606799
30754109
30562515
30553270
30662020
22226721
30630827
30626550
30624146
30660537
30620051
30605122
30599756
30618055
30605823
30613463
24726510
30663192
30758034
30564256
30590309
30546193
30602220
30566285
30623200
30604018
23969908
51645760
30671184
30659844
30641810
30578244
30615144
30613870
30683402
30577853
26103046
30708129
30597824
30654156
30650297
30559984
30613630
30617806
30633769
25348969
30574493
30636993
30779413
30598862
30573848
30593166
30597226
30563013
26145070
46668326
30492810
30706078
30520926
30520944
30486935
30466090
23441390
30543010
30500986
30542191
30512889
30557499
30602536
30504401
23848448
30550528
30558102
30459458
45969899
30503891
31135026
30448804
25420987
30767614
30514637
30457305
30478219
30480649
30554827
23991246
30481706
30559598
30541304
30530671
39553819
30513637
30487622
30546535
25178312
30530902
30539498
30552277
30468210
30507768
30502061
30509473
30528116
30511896
23020097
30538612
30511935
30499711
30547094
30518229
30500557
30604432
30455959
30524720
22011647
30502593
30482226
30518186
30485700
30470724
30583182
51045875
30532464
30512889
30485418
36106467
27598879
30496847
30517079
30448997
30516750
30731808
30549676
30539866
30489451
30500613
23814332
30634181
30506398
30619540
30539174
30495384
30574311
30501871
30560947
30496342
22974046
30486875
30510435
30489815
30642975
30516041
30493242
30440679
30519129
30509369
24228212
30539482
30544517
30517632
30503944
30649442
30473701
30480598
30466995
22615249
30509346
30476734
30498229
30646037
30511342
30505601
30520601
30542153
24172021
30793730
30490157
30531547
32564979
30637851
31148112
30529484
30452184
28931458
30532206
30441703
30496916
29105562
30557313
30463080
30648113
28482929
30511539
30514186
30521442
30460051
30475175
30477271
23738514
30529968
30483797
30651598
30633438
30502595
30529906
30494244
29648033
30472582
30522797
30480806
30511431
30491188
30457799
29890691
30507166
30499251
30499582
30511833
30539248
23950930
30474124
30489042
30493707
30534302
30431479
30416825
28170961
30496462
30554026
30569740
30512851
30504106
27710568
30503119
30437581
30488960
30496605
22100742
30485151
30539628
30472713
30523880
30500955
30507084
22474500
30506308
30652942
30577428
30751464
30472311
30493761
30420408
30483444
26538091
30492549
30506566
30632044
30590837
30529800
30514602
30515075
30500420
30528408
26156766
48765451
30566006
30435490
30522497
30528851
30518515
30519142
30508050
30462520
22391086
30519522
30481044
30497024
30519657
30525309
30480346
30545529
30523291
30541598
30497247
36514307
43783619
29942329
30545364
30518931
30455577
30508112
30460364
30559748
30453552
30496152
30519104
36128600
24802487
30509562
30541903
30465124
30493271
30492204
30529811
30563968
30459573
30475588
30771937
25163625
46792406
30612086
30600261
30612997
30606497
30599201
30677711
30651635
30623713
22814862
30568100
30566442
30597224
30631408
30605688
30593359
30762151
30587989
30655500
22972644
30591680
30529658
30573690
29225933
29318338
29240647
29294760
29219956
29205147
27014551
30666228
30597410
30583492
30641400
30540500
30633385
30579711
30609708
26488215
30589953
30594790
30647160
30628473
30676127
30547392
30659128
22983377
30511279
30534877
30495299
30547717
30496195
30511608
30555053
30469779
27837072
30576534
30594208
30526731
30590891
30533239
30529851
21800534
30470915
30464562
30542812
30609022
30516664
30480843
30734355
25170080
30508677
30466316
30511026
30518495
30515600
30401981
24081212
30510744
30484740
30494817
30541355
30487124
30546324
25013339
46793136
30745326
30593226
30592984
30648388
30723918
30676353
24525452
30610119
30788301
30661628
30480585
30566770
30728402
30654406
30656839
30748297
24635512
30631806
30608444
30531191
30665529
30618664
30608166
30653443
30630550
30578391
30786384
25287051
30620929
30619369
30641719
30607173
30585986
30642793
30618552
30622886
30623779
32840058
43567132
27523179
30605971
30604848
30645052
30607120
30620077
30596051
30624177
30652847
30607702
#end
