#729a2951|blade-3-m620|jdom@54ed0cc8b7e8deffd5e088305ca7723dc0bd963c:org.jdom2.Verifier#checkCharacterData(String)[generators@bcfe6d43107430b2604e2e34b9151742941652e0:cz.cuni.mff.spl.casestudy.generators.ParseFileGenerator('MQ==')]()
#date=May 1, 2015 6:48:17 AM
#warmup=1
#count=3809
#begin
22381042
45085997
26634335
30321671
30312702
24127374
30338946
30319169
24376459
30345133
30433330
30387622
30545629
30446355
25379369
30499023
30388388
30383706
30418206
30369052
25332887
30479497
30430519
30349873
30305580
35331321
30866670
39999578
43568087
45321592
34703657
30360000
24158784
30361176
30330735
30364161
30490719
30289661
30310402
30243257
30260738
30253404
30473876
30429049
25614059
30360105
30287942
30362477
30369750
30201526
30370177
30300297
30318253
30311689
30352101
30347438
36337249
43635980
43645860
38190270
29750344
30432722
30360203
30279967
38301562
30245165
34720604
30252055
30218658
30287084
30232695
30350540
41440066
43755379
35113944
46316005
43636168
43722214
46827856
30469604
30493562
30557739
32633693
31681005
47260281
30517166
60551526
39180700
43425825
27732881
30619081
30535150
37044269
53978565
30431144
30549797
30508011
30446827
30493573
31198953
30433164
43333517
22378601
30588104
47229312
54364174
30478167
30389470
30414260
30481981
30483711
30475699
30554784
32628709
30486098
23418955
30532695
30429311
30498648
30427375
30402959
30513977
30512035
30426729
30465918
30467390
30461720
20588888
32107710
30684022
30452166
30418760
30483035
30497806
30432824
32688299
30504446
30486338
30448771
24402865
46499540
30467793
30407400
30347642
30379544
30294576
30391895
30343786
30405736
30401704
22476287
30410991
30301982
31183157
31585821
32012061
30355397
30363631
30402391
30382773
30502441
31761450
45621006
30357786
37356427
42160417
30305660
30352180
30348198
30424387
30403242
25173912
30431724
30681898
30413817
30355626
30383980
30506244
30448656
30507839
30462902
29128952
30405679
30385193
30434673
30349356
32478688
30353359
30413607
31000699
26298998
30412239
30404676
30432378
30339351
30341416
30333025
30519417
30380789
30298729
30378691
30384288
30402213
30404477
30437944
32873470
30349177
24954821
30453531
39935803
30473333
30370297
30360122
30372570
30352636
24957099
30388206
30443962
30427984
30396642
30305087
30320600
30321541
28495440
30440725
30404446
30349106
30359853
30310226
30420980
25579546
44851767
30391014
30371637
30501829
30347644
30334671
25984874
30428862
30388426
30451104
46490911
30378371
30349866
30332255
30336795
30380526
30340402
30297109
30343053
25929224
30476055
30386267
30338782
30400039
30322030
25323590
30631193
30407082
30415657
30349484
30389439
27108354
30472346
37224711
30428815
30355366
23402233
30506804
30387927
30370001
30433537
30332417
29829660
30519504
30380193
30414007
30358003
28414192
30445062
30430536
30388040
36930845
30403172
32378108
30580966
30407357
30354973
30487448
30065052
30403466
30752542
30317827
30504815
22763624
30379297
30401926
30385533
30329907
30326440
32519262
30312776
29454318
30399871
30364477
30415353
30380070
35117544
21446305
30402778
30379721
30437561
30314757
30346318
30342173
33420283
30381344
24021893
30485049
30404047
30375908
30279956
30324299
30489166
30368584
30390793
30664034
30383435
27260284
30416486
30425182
30371520
30384046
30422943
30331946
31025777
30374642
30402918
30378175
30420871
30296315
29926176
35434246
30332617
30477460
30329602
30332627
30343164
30393258
30420278
30416619
30394313
30332868
26129521
30469468
30392759
30399138
30332175
30303413
30346689
30436870
30363756
30347133
30371009
20704776
30380144
30542095
30349467
30410933
31135174
30364208
30376542
30423064
56197668
30356304
30518395
28657754
30369156
30378353
30394260
30488129
30315771
30374026
30418230
30361253
30433392
23605553
30418842
30372022
30387582
30388156
30476016
30347149
30403720
30403744
30455303
21594278
30367175
30418084
30370633
30398219
30381913
30376113
30436192
30399624
30385109
24999009
30420836
30431075
30340962
30344813
30326107
32775027
30413055
30369143
23703642
30469113
30369813
30412491
30385391
30295804
30385067
30977745
30345586
24976019
30411925
30445759
30440469
30386235
30406315
30354144
30404437
22537029
30390362
30399048
30420131
30382893
30393086
30293393
30427782
23048171
30473526
30457850
30388929
30527613
32132072
30368364
30376814
24905310
30412221
30392104
30412527
30331969
30328331
30373046
22010609
30382556
30320044
30349604
30307733
30371397
30323154
30358462
30358953
24877291
30393640
30387936
31846643
30369375
30474872
30366167
30421383
18698024
30299807
30315116
30277854
30319273
30297780
30314524
30302774
30323953
30351743
30348956
29290222
30523953
30243144
30302457
30331115
30445934
30355189
30316761
32832183
21960783
30348953
30313068
30635944
30248531
30253000
30288568
30358822
30329391
20331270
30292057
30348637
30299577
30329946
30384244
30323213
30589435
30311168
22926437
30373565
30296685
30360464
30292153
30246035
30295870
30444830
19067861
30302076
30335686
30332369
30336684
30232994
30289116
31864721
19705437
30377928
30574764
30376982
30317376
30251042
30321075
30333899
23611048
30335897
30293404
30359228
30264966
30343825
30351576
21080090
30331375
30343735
30342606
30284320
30297184
30273798
21183080
30313829
30234679
30338122
30294166
30264998
30303535
30337637
30291528
29526305
32348129
30374842
30266849
30245613
30319615
30274775
18474865
30516102
30320137
30291542
30323313
30305347
30299294
30353962
22905599
30307137
30378482
30219367
30302117
30251050
30333607
21368911
30441664
30346511
30283298
30329060
30265235
30410982
21402859
30356648
30470949
30323199
30301250
30267122
30303256
25362961
30338595
30315804
30343289
30295381
30322091
22851942
30317662
30277671
30384655
30279786
30290862
22152071
30311686
30300074
30286831
30244638
30286495
24435236
30353757
30272662
30263709
30246285
19470457
46488406
30460573
30379035
30376215
30357949
30395442
23357362
30371393
30384502
30363162
30384567
30349147
20635156
30453575
30418120
30367687
30343979
30306633
31201842
30418213
24682092
30599473
30400295
30451908
30357895
30360844
30360882
30379428
30376104
23825121
30394973
30399148
30432178
30332344
30394078
30375621
30366727
30412717
28386329
30420248
30331484
30392493
30475779
30343658
30398681
30417289
24772495
30593133
30343646
30365917
30332858
30359593
30359961
30384375
25822238
30418266
30380638
30440618
30326067
30338993
30345769
20574971
30391113
30366146
30426520
30342327
30348393
30415137
18235045
30439488
30357057
30479019
30392509
30392994
30347210
22358655
30459322
30406995
30402806
30369879
30479946
30383493
24397092
30433802
30482757
30408888
30355472
30287064
22018367
30371864
30419075
30540721
30355342
30334264
22288096
30378862
30492403
44270894
30407191
30344093
24733894
30345683
30325295
30330220
30385779
20430554
30267053
30368601
30314197
30311922
30315458
30246679
24448595
30367370
30388595
30284849
41057805
30311031
30318288
30294957
25872215
30304374
30359910
30265882
30322906
30279367
41469245
30343271
30458273
21431444
46425586
30307642
30327731
30237533
30224762
30273170
30172691
30264742
30289251
18172566
30365904
30272004
30230637
30422137
31047415
30263673
30214031
30245115
30210320
26472631
30259630
30212733
30275993
30192482
30235333
30230098
30293484
30258971
30264442
30305996
29224798
30322077
30226160
30307362
30509353
30185104
30229193
30222273
30253020
19902212
30283171
30266562
30236724
30285746
30339868
30308553
30263731
30252806
30278147
18177205
30379922
30249897
30265687
30257713
30204700
30349684
30251229
30199709
30203576
30256367
32446967
34204542
33905268
33761045
33945885
33866051
30237675
30236702
30234324
23389839
30305831
30221771
30307855
30171720
30317071
30179351
30168116
30287291
21259952
30383510
30244713
30256469
30314022
30202290
30245871
30205912
30281611
22795960
30248413
30316287
30244100
30267851
30253254
30848913
30253711
30252840
30370589
30268789
26077526
30320438
30252932
30259051
30213673
30252091
30229506
30254542
30218353
30262282
25549836
30282993
30255677
30382186
30226877
30225504
30209371
30274119
30334933
21652269
30246815
30217491
30249513
30239500
30193351
30253604
30285879
30243496
30238527
28608912
32421501
30285086
30183727
30222373
30181655
30241401
30245435
22866339
30343446
30446347
30371438
30331789
30284396
30323298
30313386
30319738
27380601
30319115
30303479
30295421
30319138
30255711
30287128
30320729
28987958
30242513
30500627
30208871
30198899
30236518
30241784
24163765
46314872
30294421
30329788
30310439
30287086
30273615
22589922
30325471
30314122
30373185
30290681
30276699
30275199
22919813
30339584
30279389
30338614
30268192
30238259
30291266
25867132
30329152
30273945
30252931
30245131
30228557
24567267
46594369
30418279
30425842
30437883
30377695
24611787
30405250
30568447
30378211
30379072
30341064
39300269
30419345
30462907
30431359
30408121
20760081
46537062
30508666
30455006
30433104
30587734
30439773
24266956
30507609
30533503
30484439
30502324
30458769
30464373
30495250
24464208
30493070
30520358
30535900
30491053
30490946
30390742
30486751
30455386
30481584
30017357
30564681
30559631
30530622
30525331
30544599
30624353
30621910
30558181
28980489
30589127
30583340
30628796
30546506
30476258
30570235
30553114
21306060
30523898
30556648
30570742
30535246
30661413
30547086
30571970
30537751
30327106
30504717
30555722
30428273
30409835
30401275
30453555
19617088
30470859
30463359
30440520
30390758
30415420
30373858
30404373
30458544
30457505
25045716
30605239
30491715
30504735
30469004
30446041
32639501
30516517
30670376
24776632
30517401
30453597
30431306
30444678
30408395
30406220
30477615
18361000
30476954
30452364
30442663
30674590
30408902
30449124
30578813
30508731
26894245
30514151
30601808
30592088
30418320
30418462
30451262
30484790
30747994
30465615
30479068
30407505
30438593
30416310
30451653
23637547
30464561
30470464
30534718
30448984
30475464
30419055
22375411
30461242
30404878
30478478
30457936
30439036
30448971
24045726
30444942
30471150
30609473
30437885
30393348
19104262
30460135
30595160
30536742
30419632
30404064
30478312
30476288
21035090
46372800
30302402
30300409
30285661
30274458
30360636
31207197
26352344
30352847
30348661
30362726
30266864
30343828
30330961
25101555
30488506
30316991
30306987
30301649
30282632
30425356
30301771
19736791
30337504
30339351
30327747
30434690
30372637
30262271
30285835
30345957
30318719
28941912
30298337
30318570
30310915
30295355
30321675
30336247
30338067
19573473
30294802
30339997
30324287
30277524
30293119
30510898
30291764
30354480
19326089
30279227
30446796
30272895
30333622
30274717
30443995
30358217
30340279
30255602
30203864
30260589
30270097
30310070
30310404
30265738
30328351
30344830
23875208
30314002
30289482
30322220
30228302
30266455
30264931
30299858
22095692
30329964
30298288
30310117
30278485
30320995
30276797
30324243
23215909
46203615
30225974
30378138
30213492
30216560
30194348
30268344
26106030
30351360
30231835
30241461
30234795
30222417
30240006
24647535
30285455
30257668
30241344
30207231
30152826
30247175
25779676
30329593
30222549
30283882
30234811
30169198
30310919
30239626
24407366
30247069
30276364
30321711
48333844
30183436
30197446
30211809
25211490
30299426
30339525
30344869
30155273
30255496
30266362
30245964
30233064
22956854
30239127
30290789
30313393
30216879
30224397
30256579
30340173
30377527
22815640
30276633
30229766
30240062
30325535
30216246
30143493
30287108
30241505
25282928
30312820
30264722
30243136
30194297
30189246
30211109
30228564
24541483
30214217
30241157
30252447
30208274
30155133
30209639
30285949
25364454
35984425
30343452
32034121
30303333
30246908
30287596
22415451
30290480
30379884
30309671
30298837
30227636
30303402
21877869
30250189
30342210
30284480
30287415
30251242
31102906
24922154
30335306
30248362
30273663
30289118
30278247
30274139
26675799
30300657
30366191
30338485
30360522
30278315
25224829
30331519
30355342
30528108
30319144
30317697
25871491
46616956
30390520
30410449
30391033
30359495
29964424
30424325
30433234
30417392
30344122
24995345
30434567
30418242
30413017
30349893
23618548
30376996
30424135
30440507
30364209
30378475
21112640
30452201
30396410
30356091
30370311
30496724
30393848
30561662
26364413
30496337
30451381
30436352
30373662
30329406
30395727
30455913
30416128
26265210
30439588
30567628
30515569
30461886
30474351
30604351
30494042
30520488
25206911
30548031
30508639
30551468
30505167
30465218
30448092
30528712
30503977
32280721
43654237
27351409
30513071
31153999
30476968
30452491
30642641
30451775
30454919
30512517
35012611
25208116
30559779
30474724
30512103
30468904
30497567
30458971
30563368
30501353
32392390
27136402
30524280
30499910
30516031
30481479
30470582
30615698
30478182
30510687
24670958
30514084
30587445
30513299
30520572
30560358
30454896
30479485
30463500
25347330
30469223
31298906
30513611
30474815
30458160
30463766
30434002
22484331
30477820
30465660
30447031
30495578
30457542
30546824
30499642
22843031
30445213
30528432
30511433
30516062
30451954
30495733
30598118
25653634
30472687
30547227
30446563
30464615
30394326
30541974
30470704
29759327
30437071
30491222
30454515
30459678
30418551
30526413
29258204
30759619
30518586
30531548
30557644
30533944
22932771
30603308
30546242
30530164
30555177
30513764
30536309
26946431
30555120
30537677
31145622
30481646
30510755
25869046
30663953
30569838
30554235
30559667
30556666
26940479
30868146
30547259
30536449
30489277
22915328
30561635
30602011
30563306
30564655
30534442
27459372
30478829
30518307
30463093
30433326
26367175
30606653
30543798
30505251
30453625
27226969
30414686
30521417
30447812
30497002
30475902
31314297
32338804
30402751
30497367
30389151
23562330
30536533
30392262
30446746
30344533
30327775
29628190
30345502
30390786
30374133
30358872
42097474
30329675
30307360
30380498
30282613
28135610
30315878
30345937
30353075
22704808
30305579
30322227
30328578
30348479
30363266
23624089
30331117
30363995
30311531
30260096
30215502
30274536
26061484
30368582
30297550
30332675
30239824
30267176
30342822
32321529
24676427
30387224
30296046
30326925
30256537
30316131
30279813
30326826
29066153
30275591
30342973
30303969
30289062
30247071
30275846
23081944
30373971
30384520
30406460
30275362
30321529
30327593
22387563
30450839
30354336
30332090
30273946
30193456
30278173
24799478
30367261
30327615
30337751
30313520
30274678
30283132
30299244
23697120
30345162
30326956
30347457
30460082
30264714
30550671
30294153
30303073
25306996
31405463
30307731
30262415
30235341
30285278
30266962
30313618
21454541
30319702
30294875
30307449
30325867
30220462
30279297
30318038
20305566
30344002
30419373
30286776
30340695
30294866
30291022
30436848
23160751
30345095
30470055
30298202
30308691
30270698
30346575
19846798
30337953
30332053
30340298
30297120
30242680
30319483
22213006
30298755
30268331
30338631
30285220
30287366
30387215
22769613
30337913
30347253
30328384
30292896
30247191
18547967
30293912
30366002
30254378
30288429
30237976
30276035
28897210
30320672
44922384
30307633
30221888
19395518
30274137
30317082
30334059
30332021
30254935
23425539
30363742
30373420
30315546
30431623
20334306
30342438
30300493
30252444
30428042
18705865
30333844
30317720
30288127
30306473
21133498
46280376
30241784
30339128
30196870
30301542
21551002
30301348
30286811
30282960
30256500
30263202
30298852
21168210
30289102
30331417
30287290
30333077
30278891
30461477
30281838
21794096
30339493
30280713
30440326
30348659
30294027
30306819
30328613
24234897
30382078
30452997
30360497
30319613
30273882
30303781
30306582
32105543
43811820
27503901
30330005
30247041
30270966
30323729
30345220
32277754
30482616
37326543
27038568
30355464
30319093
30473711
30302931
30295795
30425119
30319291
22441996
30300155
30317387
30297002
30294653
30276004
30522453
30339375
30296442
27034987
30309983
30315971
30369117
30302485
30271679
30306685
36404351
36779675
24850990
30379380
30358186
30295727
30350803
30310680
30334809
30317706
33717044
25832383
30464891
30381916
30327077
30336723
30284269
30290358
30292862
22945935
30334877
30371827
30274095
30299284
30301289
30283422
30438786
22488598
30275698
30921833
30272058
30370113
30268183
30344018
30338910
22857490
30320493
30315204
30297206
30322136
30226729
30311738
30316788
30269755
24152111
30349029
30249565
30368436
30348906
30246850
30595713
30270268
30327129
20646087
30262916
30341991
30283938
30363605
30327156
30344317
30267135
30323329
30363662
29135280
30379982
30384449
30311566
30309158
30327759
30260509
30318995
30423528
37244018
43857313
27195610
30353055
30277711
30368963
30263300
30291411
30287827
30302013
30300966
36321067
23569506
30440675
30323362
30297900
30293729
30280598
30262742
30292151
30309718
30376503
22901991
30372979
30297216
30477770
30317987
30283439
30335175
30301786
30311922
30351679
24936045
30366051
30302301
30332561
30317598
30266642
30280570
30287708
30300911
24449844
30486449
30434095
30475619
30463202
30620369
30460075
30471370
30481251
25898434
30497548
30499788
30449313
30673002
30408469
30428471
30410056
23581221
30473224
30435231
30436980
30402811
30430337
30425628
30479506
23902155
30454886
30479999
30427991
30433293
30471122
30571619
30472938
26543896
30498149
30408617
30467394
30430442
30410980
30403644
24584728
30491800
44937186
30435206
30425197
30395303
30473647
24929424
30447820
30467857
30437861
30564622
30462793
30425660
29817071
30461822
30525929
30457782
30433686
30429380
25477127
30555142
30580183
30433038
30467966
30604551
25254770
31307453
31306510
30341615
30366343
30374315
27203697
30403688
30349187
30376569
30342836
23399383
30542535
30493874
30371864
37554280
21231136
30375926
30344022
30383698
30487262
30343817
30389147
26897046
30404315
30383421
30363131
30360715
30350538
30339694
22339316
30415922
30519453
30389248
30424490
30392846
30368082
30414113
30414216
30393553
30134768
30374484
30379528
30361238
30326573
30401751
30398152
30441913
30380918
21354922
30344832
30474939
30288398
30411395
30341524
30366255
30405597
30401778
30395791
22383916
30420355
30410259
30425551
30385897
30805106
30388968
30408983
30372980
30327515
39192349
43455409
22039480
30366984
30531186
30401099
30389588
30370080
30299353
30361537
30402233
30454906
39796252
43540050
26864887
30393582
30346986
30418375
30333763
30398178
30345510
30353177
30400499
43799205
43552040
29361882
30398641
30475716
30411759
30368811
30508280
30442455
30405942
30364816
37246133
25308372
30377127
30375289
30344942
30348357
30386708
30321732
30387735
30397062
30366698
26521480
30367766
30400557
30394957
30504802
30341976
30390657
30415189
30398823
23948258
30388460
30350986
30351990
30404114
30436678
30386631
30351447
30386487
23959815
30462791
30388457
30369017
30364273
30335390
30354267
30359038
30381053
27142813
42890261
30255604
30786555
33820917
34051780
33878520
34088835
24933394
30334040
30246608
30337967
30202358
30201306
30235931
30200437
27605142
30879138
30193696
30142851
30169022
30170044
30239924
22913388
30266264
30299735
30284450
30306248
30306926
30418088
21881916
30330561
30322335
30233426
30417364
30200271
30257340
30286505
30305646
26641585
30325109
30323063
30319715
30387191
30253553
31382408
30296817
30314931
30356629
24361877
30428355
30434348
30447399
30423415
30323645
30523931
30407057
31016598
30428538
27160780
30578009
30441881
30450022
30411598
30390793
30531988
30399096
30410227
24103532
30434035
30442518
30373699
30429422
30366858
30389047
30446759
30390987
25325445
41949620
30391777
30397300
30391373
30397928
30560015
30402086
30406184
30457708
19331706
30386184
30418179
30434275
30433388
30425585
30353269
30394476
30397283
30388435
30452531
21879691
30453475
30507877
30436648
30410253
30437190
30411831
30551866
30431482
30438850
30403693
25163641
30679086
30574479
30504704
30635870
30525203
30469773
30527801
30595573
30677295
23403509
46715417
30574431
30522393
30529067
30523059
32759455
30607422
30500337
30550169
25036229
30518339
30584841
30709733
30538051
30473267
30537161
30573964
30559233
22825198
30594375
32525903
30550775
30547704
30507952
30502797
30499880
30558265
23368839
30685022
30589015
30564890
30666315
30567597
30659072
30565713
30555153
27098195
30555771
30594379
30577908
30536615
30686795
30560886
30590206
26412323
30604350
30694548
30531641
30520468
30551646
30531164
30488838
30055624
30581375
30579869
30541179
30519911
30516260
30487795
27032207
32353002
30507317
30474533
30398209
30441027
30408613
25054829
30586724
30511855
30455740
30717241
30499682
30530411
27171930
30467346
30485275
30492408
30444875
30449688
24205265
30463222
30475955
30475382
30404754
30395806
23435017
30424231
30487093
30415125
31243041
30432666
24103995
30531878
30480745
30465959
30399227
30431351
26974255
30502908
30494499
30560308
30419791
24492363
30479319
30480228
30597228
30424475
23785214
30441329
30491558
30495144
30472126
24110841
30616549
30450617
30480395
30461684
30496226
25105465
30463006
30548739
30477973
30407324
30550772
30379974
24691269
30529263
30469099
30434433
30482134
30410029
30448964
30442255
30496542
30417086
30491446
30401920
30409216
30368417
30426344
30425872
30643292
30429915
30494956
27331683
30517909
30361984
30346593
30359411
30362253
30486853
30385475
30351484
21106338
30386413
30393873
30413893
30369119
30347182
30380320
30371397
30420360
30371513
30392744
32207081
24972224
30395450
30448549
30499435
30400324
30416017
30385990
30460451
30449411
30446332
30386723
24392087
30400515
30408946
30537129
30365653
30350667
30384173
30403454
30412693
30389291
30430846
27509592
30402582
30417291
30364793
30384177
30359178
30395912
30424319
30367635
30429304
26908015
30397057
30496631
30391516
30982015
30365373
30358522
30537604
30435546
22678711
30542790
30402229
30417311
30393113
30381747
30373015
30394727
30378439
30397588
30412987
41200919
30427606
30431331
30523096
30402795
30391975
30394264
23274381
30414197
30414024
30396230
30474982
30327157
30351142
30408269
30362662
29409645
30627324
30359164
30354439
30340179
30327396
30440024
30444486
29878667
46305103
30378588
30341097
30273659
30325944
30339937
23846721
30351090
30346086
30299144
30330897
30305408
30280631
22180191
30281875
30316134
30299068
30294028
30402887
30415778
22725515
30283364
30249400
30218844
30232604
30169255
30216722
24042845
30219523
30253409
30290746
30222419
30229345
22933824
30279091
30235417
30244973
30190955
30191893
48460269
30281651
25412647
30362702
30232948
30253606
30224061
30262336
30203574
22989971
30268607
30245095
30279266
30183240
30251163
30209066
23683531
30272305
30268695
30246643
30229582
30332055
30184284
29453714
30217877
30178394
30187846
30200460
30201075
24729214
30344028
30230374
30286106
30324204
30281404
24465833
30301044
30271921
30304820
30179022
30218956
27658320
30276497
30278506
30239817
30230282
22138264
30345026
30334153
30308888
30912570
19722656
30301887
30303593
30275917
30301113
30301440
30300120
26336736
30348760
30281108
30254271
30260159
30277659
26016848
30300984
30340408
30340404
30249040
30441744
30267751
23334347
30276768
30337813
30356108
30246080
30272937
30271758
30283660
30361924
26705573
30285073
30264261
30236951
30276068
30282564
30278176
30344291
30333606
30356762
26383187
30393811
30349362
30268930
30233046
30281062
30276194
30371893
30399176
30312883
23601062
31293503
31308721
30416350
30360402
30425062
30437242
30483190
30476691
30405166
30419829
27522935
30546724
30427640
30475680
30363966
30359395
31031395
30444734
30409950
30413975
28838091
30441540
30442130
30420170
30353533
30372610
30426897
30435643
31123368
24320137
30426287
30435426
30490736
30465259
30354848
30398104
30442306
30429366
23913866
30375327
30432817
30432532
30364977
30417028
30362327
30421262
30413933
26520962
30446440
30472848
30376589
30455915
30454430
30398613
30356821
24890515
30392005
30368240
30388829
30358601
30391290
30398024
30364257
25708979
30491738
30424222
30407903
30442330
30373469
30347955
22122087
30501100
30427864
30365913
30391611
30332067
30416644
30346348
29905962
30384495
30595564
30431200
30409862
30330790
22240396
46486716
30467733
30441458
30421764
30457633
30441817
25282027
30624283
30477955
30451095
30399608
30418702
24226821
30489913
30496136
30405349
51365341
30413568
24344508
30496613
30555764
30492051
30463028
30443780
26225002
31167899
30421444
30497242
30429324
23336459
46709203
30465126
30477086
30541168
30497877
30496501
26288569
30690066
30678124
30547684
30474794
30493684
30576220
30665604
27636137
30663989
30555137
30579510
30522580
30509646
30557288
24128024
30624855
30517102
30483773
31331038
30502082
30544824
22980655
30572022
30573764
30481379
30544900
30603726
30496863
24209270
30572697
30509847
30644977
30493677
30597709
30504018
27605146
30561384
30484821
30517157
30662102
30569231
25775518
30616591
30542635
30530993
30552640
30550793
26169763
30554053
30542068
30595626
30530777
30511627
30061210
30537328
30529788
30558926
30527082
25157050
30603824
30535809
30720956
30548537
23824104
30572076
30573932
30534611
30639972
23952248
30541033
30482837
30529087
30522438
25493598
30578177
30512700
30441137
21869414
30541191
30545073
30549431
30566957
30517544
25118826
30579433
31220366
30584666
30530721
30521348
21529156
30739971
30542082
30545862
30502159
30471564
30464344
30545199
22503871
30533326
30558171
30544726
30507522
30524439
30538471
30528206
30531949
30571088
25993745
30615149
30639306
30538774
30497042
30503240
30431501
30672777
30515583
30527179
32224122
30467553
30502977
30561575
30427311
30415744
30458601
30515660
30618655
30461640
30461103
27230354
30448570
30425592
30390100
30406921
30424519
30458964
30469629
30470215
19970248
30492267
30431792
30450295
30415368
30440363
30514003
30468787
30626966
30461910
27393390
30563024
30439604
30507935
30425990
30456487
30685364
30578960
18316934
30479450
30484293
30447557
30419848
30417160
30453091
30474053
30474729
24234052
30644688
30478332
30463015
30388469
30392873
30429968
30463459
23670848
30482570
30406481
30459017
30411629
30398203
31022116
30515893
27647454
30456064
30436002
31116288
30403195
30463444
30543051
23663183
30493426
30486706
30479708
30378140
30545718
30427720
23666660
30483906
30508928
30523594
30441927
30495039
30400836
30472991
20143265
30476095
30434013
30492437
30461793
30471611
30529244
30418346
30514284
30550365
23749323
30326737
30328737
30273968
30275815
30294602
30266553
30420957
30308991
30333124
29707042
30320191
30348606
30373023
30262175
30240302
30302529
30327033
20892045
30473533
30346429
30378428
30329311
52737633
30286138
30335602
30335276
23228397
30369095
30409107
30338417
30310500
30442438
30556213
30343667
22277179
30318416
30446551
30265322
30279340
30258368
30313550
30300992
24369672
30304775
30487560
30291419
30271340
30406924
30361081
20623399
30312944
30270642
30281262
30992748
30318284
30256500
19702169
30311180
30282435
30348130
30330984
30329153
30368722
30303404
30397324
24866172
30379200
30318251
30289242
30268167
30409100
30256435
30322644
30492182
19385705
30365784
30242308
30294013
30433013
30321075
30300595
30298348
30261051
30407584
24955756
30288542
30334962
30266978
30198666
30328330
30285640
30277073
30328682
24607006
30259371
30241938
30286066
30212550
30210057
30250243
30240947
30272375
30284836
97321271
24921214
30391857
30300626
30252896
30215431
30306884
30228771
30313886
30307704
30343948
22596809
30328904
30319905
30357422
30268231
30282244
30289144
30318102
30379184
30324673
22902741
30364946
30427443
30359397
30364760
30259116
30374142
30338722
30331869
30338153
26203298
30362122
30305268
30347162
30330664
30277911
30304865
30272697
30356868
25649823
30353573
30338575
30386603
30225367
30260693
30273035
30314166
21302356
30346422
30306078
30382188
30278253
30216726
30215204
30366664
30353229
27070932
30368694
30307215
30288635
30201174
30252653
30224956
30332600
29738949
30410682
30542929
30249418
30289510
30260326
30317457
24680679
30947731
30325442
30310390
30429831
30250615
30256286
21909447
30342252
30407493
30360226
30238622
30273617
30325735
30548478
30363535
25853479
30307682
30317484
30338246
30262035
30328267
30272044
30308533
30321737
30566930
23007480
30359279
30315471
30330049
30291071
30315199
30290931
30324144
30374068
30394550
30249462
28634036
30333393
30322899
30289662
30333191
30256598
30282397
30323654
30289868
30463729
27268964
30379213
30364635
30268198
30273440
30284845
30261467
30469092
30328581
23021229
30252351
38990113
30309290
30310839
30297316
30427495
30308708
30306662
22122978
30341571
30274350
30281967
30299796
30239624
30232960
30348186
30294459
23926057
30377126
30325240
30381848
30233353
30256478
30239089
30282951
21413796
30338785
30275256
30275917
30318989
30296282
30390253
30317775
23108366
30336727
30325164
30446053
30285457
30340525
30437513
30294102
25099728
30370652
30319717
30269536
30240529
30247462
30234068
23285019
29107269
30347849
30264435
30334109
30286475
30293351
24022277
46462706
30476606
30387300
30466344
30291734
30394971
26645522
30444996
30459361
32182964
30506475
30328437
24581908
30509407
30367275
30477438
30362907
30326282
24416026
30467454
30394224
30426336
30386924
30374513
25988427
30504974
30421267
30370975
30397512
22461583
30388155
30412673
30457539
30464666
30358164
30450449
25021785
30397669
30428426
30386498
30406386
30379680
23013609
30418426
30407924
30411635
30343279
30332016
30369320
30452893
25672849
30464453
30438062
30385273
30301674
30373515
30408270
24226861
31724155
30597773
30485746
30402590
30376413
30385893
24772856
30384306
30405510
30414915
30433073
30380838
30411999
28650701
30398463
30442603
30493111
30383401
30367024
25480095
30473969
30471110
30416625
30400817
30326269
25033927
30426804
30469577
30384915
30430285
30393947
27152440
30464819
30377833
30334949
30312685
23802359
32489145
30515888
30490235
30517133
21128219
30623839
30529326
30452379
30441393
30409771
30622065
26763928
30557626
30529613
30543297
30421949
30456231
30505415
20192117
30498173
30459477
30447754
30464279
30424311
30400878
30494580
30450786
20823392
30423364
30551081
30516411
30602888
30537673
30438563
30449542
30449090
30482562
30507693
22709131
30524492
30481982
30464597
30562902
30363205
30476455
30611932
30544673
30610804
30499784
26785364
31107037
30494397
30494316
30508576
30504475
30502851
30473726
30723160
30521100
25535248
30544761
30484171
30517786
30473710
30470669
30511718
30514488
30498097
30532689
29459033
30493550
30595057
30463324
30454644
30458236
30455610
30483268
30475244
26434497
30538750
30527941
30525558
30520530
30480831
30534662
30489799
30538551
28850785
30534137
30519513
30488950
30465308
30429639
30554064
30545571
24841740
30593704
30559511
30659471
30455504
30493331
30497864
30519482
24770302
30575924
30552899
30638320
30537824
30585584
30573113
30608613
27528603
30536175
30587939
30580771
30541858
30585853
30543897
25095509
30536309
30769464
30529884
30523193
30498502
30515122
25313005
30634188
30582602
30580693
30573093
30559269
30568284
29319643
30561464
30543969
30612360
30555522
30531388
25241269
30604404
30543442
30547311
30555753
30555991
25021161
30550722
30623840
30556933
30607321
30785351
26285407
30607802
30636495
30541771
30614705
22192602
30607132
30534911
30605626
30575361
30454537
30620600
24793395
30522344
30568331
30587278
30457726
30568536
30548937
30531341
25113620
30569435
30543393
30515708
31362333
30589197
30558624
30532462
30556269
30646984
28721190
30629857
30620766
30647463
30495842
30484364
30575315
30522729
30673805
26796933
30607083
30591373
30558224
30563699
30534172
30524999
30560977
21768173
30517939
30567664
30559033
30665656
30612908
30517167
30548113
30534146
26447018
30634324
30511799
30642360
30511078
30521913
30582524
30492319
26724313
30597413
30565856
30560633
30548182
30504610
30525084
22863461
30658583
30566555
30559399
30533750
30474462
30586021
30570104
29358367
34611573
30459629
30483065
30441050
30393393
21300123
30372210
30419655
30426488
30337700
30360437
30380726
24528404
30438562
32410319
30403170
30371838
30350550
22360256
30390820
30429964
30396825
30356129
30501397
30348322
30413552
24913043
30380905
30376835
30346333
30296397
30329424
30338842
30390497
30420537
24651323
30508286
30411917
30417564
30351668
30343564
30532514
30454682
30370650
26934103
30382418
30490842
30385084
30356503
30385891
30365722
30528061
24824281
30440083
30427251
30556984
30455998
30404267
30339777
30392921
25889431
30407102
30400333
30397716
30402119
30351702
30378544
23488022
30376759
30371841
30415872
30452985
30354071
30372059
30389377
51901152
30353318
30410435
30334399
30337269
30320511
19650046
31846987
32235781
30355596
30271204
30282620
30265927
23392852
30297049
30333408
30287889
30276153
30306553
20897014
30442408
30424983
30361531
30271589
30269031
30269571
30319746
25656791
30568771
30286840
30268384
30300808
32493352
30474686
23592600
30304075
30305649
30383516
30247880
30278785
30320345
30320352
30328013
29270480
30309421
30318339
30276302
30282540
30256898
30350891
30345042
25615416
30660788
30265967
30411850
30404920
30359600
30277184
30246874
27995526
30349148
30343064
30293442
30326733
30330862
30326148
22397302
30351595
30321669
30349990
30290362
30292127
30257282
21049053
30296254
30483233
30340548
30303010
30645158
30279587
30454598
30305520
25206002
30396148
30336372
30409873
30336509
30346720
30408791
30267598
23437668
30285660
30356555
30318800
30269460
30276322
30256806
49787899
25373825
30412713
30376829
30265453
30232937
30289570
30297726
20893045
46258302
30224638
30247527
30256851
30198186
30234279
19733940
30249694
30242096
30277083
30160947
30215780
30293820
21804500
30393943
30255304
30244275
30228916
30211393
30377334
27049711
30219062
30258966
32008083
30341663
30213645
24780663
30333195
30221630
30364293
30230271
30178596
25706936
30264278
30245577
30237228
30229804
20056308
30259875
30270180
30265430
30217327
30220587
24951214
30254814
30300312
30181961
30395714
23266065
30244396
30206693
30177971
30287855
23538595
30274215
30301266
30256864
30222718
26407692
30243321
30362777
30226980
30231680
19526675
30249253
30243764
30212164
30207697
30225793
30184654
21621847
30314951
30253508
30536193
30259126
30311951
30277204
30356379
21178747
30323217
30351169
30460320
30282602
30240598
30307319
30357461
30317797
18199685
30277346
30283406
30240823
30290755
30250290
30219253
30329884
30270382
30269873
29262249
30255628
30286484
30218996
30266953
30262660
30278758
30322786
30303091
37409580
21557592
30288250
30301624
30247990
30314699
30605019
30205755
30376795
30319728
30308413
38598885
27168996
30358662
30314378
30335109
30286153
30298442
30224967
30299098
30265393
34070286
26270136
30390679
#end
