#729a2951|blade-3-m620|jdom@54ed0cc8b7e8deffd5e088305ca7723dc0bd963c:org.jdom2.Verifier#checkCharacterData(String)[generators@bcfe6d43107430b2604e2e34b9151742941652e0:cz.cuni.mff.spl.casestudy.generators.ParseFileGenerator('MQ==')]()
#date=May 2, 2015 10:33:49 AM
#warmup=1
#count=3832
#begin
27897014
45459561
52883393
43884082
43676307
32467269
43770627
46638316
24097626
30259322
30310450
30309838
30437055
30577727
24202446
30350121
30253146
30372392
30394962
30512664
24310303
30348624
30219670
30324157
30407259
30449606
30408413
30447124
30446255
30374345
30425908
30457128
26767149
30498599
30244706
30323209
30492845
30407226
30525794
30467051
30410338
30355155
30452608
30442324
24378738
30324519
30225774
30394999
30424348
32396083
30422226
30417331
30473035
30390476
30407141
30432887
30445855
30697328
30081653
29111133
28686039
29052299
29085056
29241598
29249754
30481638
32508936
30405707
35298629
47620190
30401857
36964925
37247811
30440587
30427804
23190955
30354539
30285304
30277133
30428240
30401393
30524051
30457268
30396355
30395684
30414053
30369973
30547672
30509066
30389137
22841087
30334091
30217933
30306642
30372064
30387462
30381717
30413000
30495984
30390840
46738523
30380804
30519867
30544720
20908381
30326136
30338966
30245769
31273677
30422064
30361529
30431515
30426713
30564117
30433640
30474816
30538333
30604686
25468736
42007715
30381244
30270597
30431176
30407768
30444653
30425360
30398213
30413940
30438960
30730865
30417866
26610802
30269885
30353075
30280881
30421847
30365937
30449837
30387891
44811005
30418046
30401586
30437049
23610391
30415477
30213593
30449255
31337953
30396907
30533971
30364402
30364250
30363130
30463053
30404635
28278312
30228782
30256907
30508502
30397739
30388388
30470204
30413861
30518339
32976836
30570767
25273412
30291701
42034535
30266127
30418522
32944796
30413222
30425637
30402958
30394629
19037031
30329139
30241804
30293834
30432804
30455768
30429238
30452053
30413186
30422203
30418257
29305243
32429841
30291981
30353778
30408371
30422813
30482506
30426586
30587126
21271363
30238450
31267519
30312482
30378908
30410168
30420342
30566140
30442131
18968822
30359173
30216173
30316459
30402935
30490348
30408886
30449211
30455172
21845388
30287359
30288164
30387485
30426417
30407322
30397406
32955269
30396356
28477398
30293485
30273607
30403940
30424275
30483795
30396615
30491940
28380483
30217028
30287434
30374560
36788125
30701003
30423864
21096565
30229486
30179680
30272346
30331325
30414151
42867013
30412544
45670139
30102502
30123067
30262778
30288461
30291972
17952196
30237428
30070988
30120789
30424796
30289928
30305720
22069422
30096243
30150055
30118320
30251510
30278251
17941569
46418895
30194166
30228575
30398882
30395284
30290704
30321524
30399004
26208469
30241482
30201260
30231206
30346079
30361051
30372071
30411851
30368133
30327816
18478056
30294448
44488814
30242609
30397220
30385764
30365833
30419744
30363580
30362195
30381988
30387595
30292070
30305980
24275325
45999885
30070478
30085120
36927105
30228111
30220760
30188829
30209584
30158908
30200004
30176713
30375093
26617926
29945200
30100543
30063543
30213788
30190295
30166371
30181820
30202418
30499756
30222700
30201830
24903959
30071993
30016993
30098619
30297158
30222071
30164829
30193920
30178555
30226618
30190698
19057909
30187571
29994160
30055309
30399693
30263880
30182962
30231153
30258957
30195360
30192077
30184731
29896855
29960373
30072494
30228731
30167053
30156480
30242693
30174347
30212109
30189571
23382328
30002664
29976214
30122787
30252668
30200463
30207501
30213589
30229077
30299580
22311816
30083074
30111267
30216648
30177160
30197820
30240867
30201733
30324725
30191478
38031835
29975592
30047307
29990460
30210733
30239347
30173088
30186166
30200231
24882427
30074831
30018114
30069936
30232733
30294104
30251360
30223746
30174242
29089892
29988060
30114742
30150422
30224510
30219229
30206465
30339482
24416007
30088204
30006351
30142500
30146976
30217004
30209979
30355064
25076527
30104420
29976137
30103507
30199362
47402036
30155529
19483331
30228988
30017335
30164181
30186771
30222831
30185365
30196342
27193104
30016898
30097303
30126964
30242590
30241753
30164756
29514718
29996016
30100058
30141814
30195182
30200096
22081311
30200459
29985531
30072957
30209888
30198774
18956585
32111796
30050108
30132185
30293460
30295417
18316840
30213073
30074115
30170002
30361464
30253027
30293057
30260179
26249744
30314191
30188666
30225260
30324922
30311219
30375740
30346577
30344434
29085338
30176206
30239409
30445966
30333242
30393764
30376476
30366171
23241900
30154249
30071728
30284302
30634797
30352300
30317760
30414847
30416850
30304533
21689673
30201188
30106493
30231846
30381187
30397795
30330050
30350241
30369244
30351526
30345751
30386769
17903347
32972985
30337949
30251386
30338604
30361315
30380677
30315500
30324780
30336867
30309033
30371275
30352144
23426793
30278771
30159795
30267831
30506906
30357849
30375535
30349764
30386973
30489224
30343115
30388273
24273936
46135776
30013934
30149221
30244067
30287189
30272456
30263817
30380590
30257419
30296784
21038072
30122835
30042539
30118716
30307037
30314473
31903068
30287508
30260582
30390186
30237824
23035386
30164522
30065642
30258222
30284951
30262158
30358875
30292764
30287971
30271977
21019843
30132543
30078391
30108747
30255522
30281353
30873606
30251437
30269524
30281937
21596747
30149432
30011861
30203673
30310902
30280520
30273498
30234468
30271057
30343006
29137416
30085976
30196592
30318032
30282127
30405909
30282827
30259431
30381151
30295186
30206456
30179708
30209215
30271155
30239225
30267971
30262231
23717988
30174080
30133960
30134560
30284106
30333071
30302455
30321917
22139650
30151920
30018173
30164819
30298509
30289813
30293984
30254016
24061061
30127951
30064375
30200600
30264295
30410124
30290762
19913177
30100970
30055136
30118879
30199443
30264720
30554298
18950162
46310802
30116510
30269413
30284026
30312175
30281419
30260161
30256105
24095230
30124073
29999682
30179812
32859445
30242173
30225169
30327871
23203757
30124168
30053686
30182568
30275915
30296633
30299988
30241826
25889068
30268969
40569534
30106020
30277048
30252883
30240353
22178727
30210771
30264573
30139424
30313290
30367069
30373931
21632632
30040303
29954082
30052458
30223624
30278103
30215594
24164015
30057511
30005982
30077508
30213023
30165954
20358726
32538978
30011595
30095415
30184051
30168726
30259203
30201789
22983678
30022631
30027300
30082362
30254175
30272569
30233698
30322688
30383475
20540659
30103975
30087191
29983860
30188327
30197698
30182338
30251968
30259865
30191535
30186526
19770206
30186109
30008444
30062874
30203258
30326709
30191120
30212390
30217928
30260456
30178230
18166144
30152819
30164324
30052906
30175719
30189277
30225713
30228269
30241371
30191023
30790779
22890952
30085805
29965386
30137410
32319687
30220400
30205598
30296884
30367204
30194613
21985620
45807243
30004682
30143615
30256051
30218004
30405313
30309460
30236842
30378357
25909345
30155467
30077628
30177953
30402033
30291149
30316620
30302208
30296762
24341981
30074891
30040149
30186410
30302040
30284562
30284698
30264826
30417423
26858542
30114871
30121642
30138311
30420616
30276454
30297898
30299055
23401743
30172409
30086096
30212864
30254044
30292147
30284000
30307253
23996618
30169264
30065158
30082112
30250308
30286193
30256441
30271422
29078828
30900504
30181935
30298677
30213354
30217548
30903592
25336282
30306856
30409123
30072765
30255186
30237211
30382357
25866316
30088789
30104973
30163596
30265420
30208575
19963164
30276083
30056317
30090058
30305868
30228324
30433366
26609706
30075026
30085354
30177803
30410616
30279340
26230792
30099858
30118398
30378220
30307386
18143858
30275145
30094973
30131066
30257015
30289524
23262780
30129797
30095542
30191084
30294122
30205618
30303826
43731528
32783974
30225760
30310878
30379004
30343195
23947193
30169898
30113153
30331091
30327934
30358597
23573110
30173443
30213251
30347362
30305828
30325262
25968983
30194496
30214008
30325605
30453756
21055142
30337450
30063738
30201762
30329738
30596979
30383104
24450147
30191820
30092820
30277353
30612251
30396113
30415211
30374708
25950404
31683330
30130415
30100367
30323388
30237051
30404895
30354918
30378035
19744122
30082914
30103457
30120171
30307273
30320980
30286959
30356193
30288364
30217224
30273297
30369852
25256991
30082451
30059459
30122744
30247526
30272531
30287062
30262296
30356077
30320291
30280738
26091047
30044833
30069717
30074327
30276624
30308090
30296337
30313195
30300128
30194760
22130362
30189139
30043217
30165737
30434639
30218986
30214382
30339826
30253701
30271971
22957720
30108457
30025838
30139900
30199360
30277870
30292767
30362408
30259049
18400860
30276502
30063493
30145307
30261600
30270768
30278587
30218960
30282400
30294524
30020286
30090213
30095429
30294799
30248175
30247473
30306372
30238822
22335815
30158898
30019698
30164476
30460499
30236949
30313604
30276162
20384219
30082658
30029075
30104800
30327286
30353229
30368341
30350091
22020304
30109962
30030902
30185113
30304495
30263090
30287904
30309057
27659805
30114976
30172128
30308229
30251766
30238249
30249725
25751944
30942249
30120600
30083355
30277762
30314580
30275878
28854194
30034814
30138416
30339052
30318773
30273817
22629480
30298279
30068176
30218498
30320053
30191524
20408776
30133718
30053468
30111109
30330731
30286233
30234011
30294909
25732371
30153202
30079569
30250155
30301588
30254625
30278342
30315200
30269191
26155074
30101308
30112290
30088364
30289257
30261499
30275291
30276735
20830323
30281773
30056233
30141302
30263364
30292957
30389401
30285973
30515725
30272482
30262764
29906111
30034863
30107364
30227518
30314905
30279226
30287298
30283417
30364204
20708475
30174489
30031974
30118904
30283538
30251777
30268415
30280694
30285224
30278071
27826549
30067551
30132427
30195708
30241298
30241515
30316670
30286651
30242229
29982744
30083042
30225438
30268246
30250946
30252869
30304704
30249862
23239412
32286294
30072354
30195878
30293846
30288671
30391275
30303795
22692506
30160240
30088053
30090314
30401741
30303651
31025125
30230718
25201309
30154671
30118695
30086182
30270088
30241722
30278666
21659349
30131367
30138364
30154095
30243522
30258188
30283618
21376461
30144586
30040004
30104180
30550424
30377768
30328064
26095101
30123080
30029846
30164028
30242034
30223386
19549886
30170924
30084215
30124122
30263464
30275796
30230964
30236375
22650315
30167691
30030194
30147564
30264020
30241667
30333447
18894918
30211868
30039353
30179431
30317809
30259106
30199238
19412073
30280304
30031373
30178088
30357261
30281568
30295824
22065225
30231864
30080235
30143672
30290789
30382008
30293275
29029611
30120166
30169697
30416880
30252904
30241539
26465004
30104758
30100013
30170329
30346472
30247963
29569889
30144242
30120636
30264615
30222800
21991383
30115194
30051287
30128797
30404278
18306989
30205113
30094835
30108700
30364874
30242818
30208900
24247765
30135509
30084469
30227334
30272183
30236752
30277935
30262898
28693514
30048951
30149297
30207851
30317939
30297772
30294453
23812641
30131271
30079246
30207897
30233149
30247591
30273475
23555270
30359958
30120598
30247326
30459419
30339217
30375980
30391511
19470810
46345935
30257857
30326916
30409826
30440464
30461246
30756509
30419146
18617269
30349806
30229673
30351288
30560833
30431482
30408820
30439722
30483599
30449173
30410431
29691115
30244193
30302993
30470714
30440959
30410822
30509126
30429264
30519082
21994312
30317427
30233313
30298827
30399689
30548815
30479989
30440347
30464324
19984302
30317292
30162724
30315002
30415026
30427975
30429088
30435515
30456564
30454693
21330016
46182839
30167859
30407688
30356567
30359886
30355962
30359765
30522477
30331578
28271790
30101255
30226500
30279491
30390871
30338747
30396469
30415427
30323251
29064515
30187348
30219980
30323040
30287375
30343204
30330873
30334535
22162695
30194996
30129015
30232727
30360072
30436654
30399333
30632686
20718276
30219837
30147568
54842736
30363564
30449962
31089332
30348986
22775415
30231978
30153054
30276931
30400131
30378093
30422399
30340531
30043780
30276651
30260120
30376491
30408020
30436091
30381163
28193357
30091254
30255231
30375263
30408919
30371780
19710484
46313199
30243549
30319106
30445426
30546758
30410228
24829901
30306931
30196117
30373293
30433635
44402480
23054020
30322731
30231855
30311044
30383275
30416587
23728656
30275111
30198091
30313780
30568016
30381382
28498667
30228684
30273920
30388268
30425879
23367371
30416240
30285611
30374328
30443699
30447899
18415818
30365484
30595237
30400786
30462895
30419951
30445580
26752765
30259911
30303718
30329987
30456148
30435697
28710737
30181019
30489375
30358995
30489056
21054862
30283754
30232600
30417094
30388193
30431202
30433046
23125050
30290284
30213635
30286519
30439749
30469859
30431800
29902641
30214834
30378123
30580544
30413086
30389709
26254679
30249520
30158557
30196863
30362281
30330368
27269537
30152869
30167089
30294928
30362504
21337558
30215901
30097951
30247062
30362966
30339450
26555456
30189511
30189011
30205022
30392024
24602012
30230659
30251126
30195648
30387397
25140150
30216998
30211840
30157015
30344620
29258582
30156415
30205437
30378182
22705222
30185117
30150931
30234165
18730949
32120822
30031645
30148331
30267837
30284986
27513681
30051827
30136611
30188272
30236062
28303681
30070815
30178438
30165791
19527644
30152398
30040789
30138709
30451664
30271415
22546419
30127682
30012129
30106348
30221977
30258600
30244914
23899399
30109620
29982069
30174803
30273175
30419246
30245953
30293151
21852693
30019733
29982162
30114962
30173204
30226724
30261507
30221818
30333406
26054245
30012597
30033398
30067253
30204715
30210335
30206817
30155084
20580128
30166402
30034130
30076195
30227140
30227559
30205811
30254157
30233964
30212149
30348293
29089452
30122857
30172000
30174991
30239118
30203115
30208549
30428855
30281649
19763291
30106708
30093747
30068433
30206640
30178182
30178633
30206226
30298653
30187599
26319388
30018893
30028071
30051951
30189780
30234430
30277426
30182617
30238564
28366166
30034567
30073851
30277077
30222363
30236667
30223277
30224282
22432440
30085120
30037820
30051002
30134013
30513480
30195268
30202326
21501831
30074912
29972706
30036275
55470378
30352230
30292691
30219400
23623159
30088413
30012313
30079058
30228693
30194356
30219520
20353306
30069827
29992773
30217985
30194306
30169802
30162949
19609588
30217367
30006378
30036453
30194758
30164729
30268536
22325329
30080691
29991165
30064319
30247373
30226710
30218442
29320943
30001798
30035380
30200871
30147145
30151731
26312828
30090053
30201682
30075540
30242608
30482783
29052538
30077804
30125931
30253104
30380626
22215676
30174971
30021271
30151176
30217751
30311896
29424108
30017813
30134820
30220636
30306731
26548141
30197600
30139260
30157686
30239041
28636139
29994429
30114995
30177780
21019723
30215245
30189864
30122318
30260344
25489973
30129029
30090129
30296393
22980476
30382755
30072258
30178600
30231317
20982743
30198693
30044093
30191371
30262749
21658469
30129942
30064255
30167127
30252138
24111708
30131002
30010884
30120951
30254603
30252180
28834800
30021306
30164355
30271042
30316929
30260451
19356046
30182584
30048007
30135975
30266750
30259633
30305720
30277387
30363177
29575445
30016881
30181964
30283642
30241793
30267635
30251426
30283406
22827330
30147009
30022677
30153878
30357984
30269438
30327812
30292602
30410244
29236423
30069804
30136155
30216407
30272879
30251946
30317990
30257687
26648923
30700677
30067085
30140416
30331692
30274687
30293515
19104849
30229412
30070593
30237486
30219578
30310838
30250371
30296042
30293914
30290704
38306048
30094353
30058100
30096168
30259239
30296208
30410768
30287219
30284695
30223193
26211144
30070520
30205626
30195901
30295616
30225633
30300934
30324061
30896879
20717027
30157211
30088811
30114527
30251427
30285929
30304346
30295058
30331504
19531434
30230455
30021033
30142295
30270778
30258513
30289509
30302119
30272076
22548727
32717891
30093362
30115200
30335373
30290889
30303522
30965884
19692681
30203764
30115449
30124386
30305715
30261125
30304302
30288258
20493919
30152011
30020259
30140644
30412773
30301545
30312823
30266451
30302927
30413166
25232027
30142979
30135736
30108209
30303567
30291258
30295060
30396927
30270782
24462468
30156058
30049051
30137042
30296133
44866617
30281887
30317500
30325202
29801184
30086742
30140491
30262320
30254740
30283490
30293122
30306449
25618380
30102717
30889733
30098250
30249022
30287311
30222080
30457693
27246759
30053904
30127468
30207551
30397944
30257043
30289020
22113871
30120353
30069969
30154537
30265591
30302873
30283948
20377875
30102138
30117311
30081962
30377695
30332726
30434095
21800418
30084964
30046730
30189782
30273799
30261459
30266857
26423035
30096545
30133226
30133204
30320653
30429075
23649290
30072777
30035551
30200362
30399235
30261944
24104681
30105187
30056933
30148973
30243818
30290119
27773228
30081878
30181313
30245213
30300391
22781460
30175086
30021916
30159766
30255779
20854576
30139117
30114226
30163589
30227560
30402409
30330882
29730127
30022612
30160314
30194097
30259552
30336140
29878231
30077307
30135069
30258025
30300715
21342094
30097196
30049428
30088064
30331484
30243332
30276607
22664532
30106920
30686085
30173029
30276671
30291049
30303306
30231355
20391539
30916077
30846997
30053865
30241191
30192380
30220999
30238240
30791199
30175288
24627270
30071867
30015011
30113664
30268684
30231391
30206688
30212393
30189938
18928471
30121756
30022129
30209788
30163352
30210906
30285037
30183469
30325571
30270709
29189990
29949795
30026411
30181357
30215922
30191141
30187802
30199346
20839344
30090305
30008042
30032674
30183988
30185726
30185237
30188429
30340031
36863665
29937187
30018005
30177718
30207151
30217266
30258279
18352944
30150335
30024876
30047440
30229880
30186348
30199993
29000148
22524029
34312614
31418763
29104467
30410699
30298780
30394475
20836361
30253700
30098057
30239999
30401136
30530173
30360360
22019507
30265346
30122037
30310373
30430462
30419542
30435017
30470523
19397228
30370263
30179879
30273502
30425802
30453880
30398320
30456987
20608859
30322144
30210013
30261601
30443402
30541919
30434731
30443986
24844308
30351124
30141108
30400934
30436631
30422884
30388757
23031491
30371449
30270494
30359024
30505078
30495901
30607555
24227610
30375040
32524361
30361355
30517466
30563424
18502642
30442104
30233613
30335633
30530416
30523951
30473286
26242278
30356824
30347008
30392664
30493227
30563175
26117884
30441320
30343957
30333489
30525436
18668471
30457844
30325435
30360937
30592817
30564422
30484171
20396261
31211654
30206343
30242571
30448015
30491213
30394387
33519465
30408351
29200329
30367289
30336725
30485002
30496798
30542582
30498784
19038854
31070755
30397704
30374051
30495432
30520889
30506699
30566946
23840768
30318091
30202884
30377781
30518766
30495707
30478720
22513557
30391126
30255662
30380252
30516555
30459041
30473379
23934902
30339742
30274113
30451396
30534111
30489619
30509241
30531877
21857036
30335853
30222791
30370536
30458817
30531776
30534613
30494921
30490449
30525695
24459410
30359519
30236398
30499002
30631390
30499131
30463815
30520220
30577127
30556700
25987558
30410689
30564328
30272327
30480238
30475988
30539677
30707524
30523735
21961168
30340835
30281653
30467870
30469112
30518995
30484175
30505542
30663375
22220716
30443819
30447963
30454882
30479320
30503588
30516835
30544820
30518331
26776014
30308719
30363541
30357644
30476320
30565397
30538287
30513875
25208941
30431561
30316011
30420591
30519469
30612139
30494673
30464867
27698788
30262395
30375393
30411650
30564656
30452510
30564764
22801008
30341755
30281615
30484374
30566312
30565936
30626029
21825953
30354560
30292955
30380158
30540528
30559446
30494300
23850117
46879403
30251044
30418113
30443424
30477131
19087473
30452213
30289836
30300553
30520402
30517655
30482416
28321083
30244953
30397980
30418579
30467239
30501911
30012231
30335013
30341172
30486436
30401138
21791827
30397273
30233275
30366298
30616589
30528790
29251505
30857713
30336168
30439688
30509215
26156128
30312245
30356269
30407766
30487795
26794737
30296889
30340369
30332002
19342278
30545358
30378690
30395297
30540931
24046462
30323452
30266516
32471478
30489902
19771198
30402738
30284413
30478455
30443291
30443094
30504706
24562156
30350710
30229405
30351950
30470681
30474519
30504904
30613002
26465077
30325449
30333537
30494071
30486937
30495204
30518837
30628069
21582678
30319989
30326698
30357548
30500735
30503273
30513691
30556012
30476206
30541170
28775586
32404474
30369513
30469337
30487675
30468692
30555159
30504893
30542904
29775385
30279285
30581815
30492972
30501112
30455967
30453055
30450380
22615282
30494570
30291420
30401993
30502439
30523264
30534870
30575735
21188394
30335197
30226934
30380757
30458895
30559777
30523566
30485447
23309833
30380546
30323592
30380813
30506055
30492795
30483054
19039011
30457342
30343653
30321279
30539639
30517922
30495687
30437673
30530770
21152820
30329275
30253235
30502619
30504004
32793505
30493642
30429381
30580846
24996499
30519567
30375208
30366426
30480808
30535975
30536866
30604413
23677806
30374571
30220704
30378133
30458051
31099988
30453124
30529350
26557904
30258732
30253657
30430661
30526657
30497046
30491368
30468437
18746382
30433922
30297135
30364378
30485482
30544318
30498935
30505426
30494090
21506883
30440311
30346636
30396230
30452420
30538993
30496455
30466317
30525306
29237592
30425127
30391215
30527575
30552946
30452264
30637529
30490253
29950350
30339188
30360400
30446206
30504235
30499758
30541098
22030044
30619601
30289423
30345011
30642898
30569681
30531550
19343007
30385093
30317567
30352302
30463153
30498187
30511882
19991895
30261280
30131157
30230261
30314640
30370951
30345619
30381164
30327733
26684299
30185631
30319473
30266991
30361767
30344744
30326833
30438171
27979167
44405884
30185130
30286015
30373628
30343784
30383181
21389972
30214466
30148784
30318408
30338722
30355782
30336235
18914013
30291322
30148810
30209546
30309395
30412722
33015207
30395008
30352550
22340045
30221157
30167737
30208835
30346210
30375244
30389170
30330007
30371080
30348346
24074640
30177911
30157466
30256426
30337204
30378681
32862318
30353453
30327765
21285141
30233884
30244156
30195300
30289820
30330686
30363884
30391293
30360213
21876102
30237717
30133893
30185538
30379253
30348526
30301106
30389993
30370093
27023402
30122081
30223514
30223944
30447050
30370964
30391544
30347964
25796156
30224289
30232331
30232394
30372128
30481753
30499353
30490912
30245248
30981559
30150338
30243944
30267464
30257266
30272510
24372710
30128353
29942313
30095680
30265324
30183155
30156671
23870483
30042313
29923060
30233506
30855719
30269937
30186497
26593656
30005900
30118095
30077867
30233521
30194119
22519945
30019529
30019921
30072758
30248858
30225418
21240032
30134535
30046157
30153168
30278126
30223038
22273164
46173069
30241658
30386122
30384837
30365270
26142563
30155133
30206082
30200397
30395552
22451424
30235665
30129682
30246878
30365728
21317465
30189460
30106144
30197666
30347657
24394726
30235070
30115845
30180780
30322417
25155067
30225306
30230935
30184051
20839401
30384136
30126367
30170168
30386665
30333793
41283074
30254431
30234853
30234408
30921335
30470764
21844764
30238570
30181680
30414242
30426437
30401867
19555191
30352646
30225162
30277753
30427313
30452421
30418347
30419964
25442889
30348959
30259356
30307660
30514444
30427707
30410937
30414180
20756767
30414371
30302255
30233160
30465746
30439176
30419847
30422995
20183797
30351404
30257033
30284416
30984955
30480292
30428112
33229386
22513202
30216588
30256209
30299918
30463773
30445079
30442884
18267982
30364244
30210413
30502695
30411496
30443416
30383464
30445561
30431460
25902902
30328015
30274744
30235827
30586046
30410937
30388231
30453426
26911279
30241186
30238075
30317909
30482724
30388044
30390420
21478752
30310644
30149085
30293762
30426399
30452558
30413910
30475466
21011578
30308382
30218196
30265857
30390653
30616860
30476666
30416475
30455919
20663146
30297825
30152693
30258071
30562140
30450046
30492746
30477548
30364691
20262361
30301098
30162828
30330695
30378224
30436501
30333747
30370530
30427393
30448835
30452782
21547620
30283660
30175150
30280753
30492935
30529488
30439093
30403495
30430587
30457897
30413321
44966672
30289527
30376504
30454153
30515438
30516615
30494544
30530990
30525620
18899424
30442916
30300518
30336016
30472341
30534008
30490157
31072066
30476373
30530739
24708081
30336898
30252051
30401129
30482626
30495218
30484913
30533659
31122900
25204979
30364628
30289342
30386124
30454047
30631201
30546833
44945408
19394500
30393666
30291272
30393939
30505624
30565337
30600402
30561039
30608083
29058332
30290018
30341120
30489872
30526437
30494222
30533554
19727197
30448862
32496691
30342158
30510070
30505390
30495553
30579375
25344067
30367478
30316709
30280318
30537788
30516149
30563247
23894739
30361770
30268466
30380177
30644722
30448093
30464064
28051258
32118553
30233930
30237158
30412550
30394604
21554011
30294664
30343400
30296028
30528402
30407922
19682808
30356848
30196722
30316801
30443773
30434513
20505641
30320851
30216044
30410283
30468128
30461210
23402606
47922407
30141844
30276336
30403900
30377202
30941288
25733633
30209331
30290617
30201475
30363191
30357508
21006486
30170413
30074220
30274122
30362200
30313624
18883833
30230122
30027659
30104747
30227060
30287291
19639454
30185189
30110959
30120333
30256626
30282093
22894497
30079508
30724344
30800308
30270413
30331644
30280429
24943416
30207373
30112369
30151011
30311137
30308457
20606988
30160202
30048716
30376977
30280264
30326020
30251464
29934744
30033767
30111788
30314002
30218533
19070994
30206513
30080899
30136189
30246049
30330166
22617131
30121304
30040507
30122720
30225151
30400477
29937007
30045360
30134649
30303842
30242713
26455740
30035351
30118875
30121018
30403922
27184746
30043695
30174949
30178642
19410039
30399153
30093769
30127320
30275284
30305758
22727486
30114046
35812768
30133198
30301337
30308522
30350490
24462030
30791140
30055646
30190980
30270361
30309191
30319371
30288304
22808337
30125536
30042613
30134395
30293460
30238839
30267805
30304108
30289822
27030044
30079351
30181319
30301689
30273646
30289366
30264764
30299214
24985112
30090315
30101562
30056333
30266057
30280874
30332574
30265983
27587837
29978247
30172615
30192575
30260386
30277839
30315800
22600013
30203746
30070622
30168082
30320843
30257378
30419588
21863558
30175526
30337237
30180891
30234711
30274797
30257197
24003888
30129087
30000825
30231600
30353960
30286238
18426671
30230653
30129376
30819717
30252729
30263493
30292441
26754656
30035846
30200098
30198428
30316391
30281930
28924059
30024622
30130967
30259215
29034114
20630772
28894197
29583451
28882583
29026162
29193498
26122295
28797445
30231632
30194064
30542108
25260367
30132505
30065944
30073900
30275020
30252644
23050817
30107039
30072562
30140449
30256415
30260675
30214911
18247614
30286873
30049955
30215424
30254259
30243401
30301235
30275744
21679296
30132244
30761728
30156966
30225789
30317531
30345371
30434664
24418850
30100780
30044460
30143275
30264991
30290286
30229457
30360766
30286751
22313166
30097489
30018965
30192085
30279966
30275941
30300342
30273933
30365586
20062792
32200335
30115865
30120229
30260755
30281055
30315160
30251191
30405511
30287370
30234757
18822422
30166314
30034369
30096364
30254113
30284167
30467342
30312533
30312244
30352826
30253715
30405800
29739494
30001256
30212502
30221153
30219503
30308393
30224045
30415411
30478802
30263574
22479675
30151089
30023400
30151264
30279740
30262694
30266116
30248104
32823986
30278920
21822207
30163438
30049898
30153262
30238346
30295382
30240264
30327804
30269809
30283684
27446266
32045298
30202671
30563771
30348178
30302348
30357331
30389033
30378095
23858550
30241856
30275557
30297665
30351620
30357796
30376910
30381602
30407673
26768293
30152529
30200560
30199059
30676788
30332591
30351229
30310979
23438390
30266344
30130946
30360377
30320038
30363593
30355148
30372978
23699095
30194935
30132501
30228955
30321040
30331909
30671006
30321553
29430693
30155144
30257460
30406380
30352800
30344699
30391936
25420816
30228776
30152262
30203853
42690041
30327321
30484346
26116017
30217180
30146933
30178681
30391125
30335420
20442866
30191904
30996561
30197534
30341303
30361202
30503580
27114452
30206771
30199365
30264176
30490417
30377755
26615206
30121506
30092160
30165679
30254682
18849891
30232700
30149271
30143808
30254630
30412713
30198386
19719037
45958813
30017624
30068148
30231493
30215680
30258464
30210290
30224361
26677047
30032849
30080229
30127515
30230379
30241114
30131355
30198647
28541656
30268316
30090222
30130427
30170700
30253639
30201258
21938762
30085482
29989482
30076444
30225137
30184338
30238352
19774709
30090631
30007431
30037320
30225512
30199647
30217556
20880447
30081032
29999744
30087089
30229240
30247978
30191709
24793527
30109754
29934720
30191417
30197947
30208127
22000180
32360589
30040150
30100882
30218391
30289458
22009454
30054417
30002233
30040464
30196358
30227096
30258458
19985709
30741572
29985297
30065542
30159709
30195631
30355799
30234557
30237695
23285184
30064745
30031037
30125038
30217293
30253145
30219462
30247339
30220107
30213446
19537246
30272441
29996225
30068386
30167038
30248630
30327417
30227290
30198151
30217179
30185235
30258906
23198139
30074429
30139859
30098633
30250424
30284515
30252615
30312840
30276376
30196293
30202133
22284201
30071425
29957642
30137684
30440259
30174935
30198619
30235626
30207678
30199520
30180804
28072312
30028482
30289775
30057077
30213655
30228535
30238926
30235560
30239142
30244549
25732624
30203588
30041502
30085829
30184784
30215788
30285468
30222857
30216700
19581235
30090537
29972677
30038105
30268268
30218372
30212780
30174756
30259029
30198540
29579061
29989698
30066040
30238531
30187566
30185017
30217264
30199576
20682070
30083425
30086626
30064584
30212818
30281082
30245917
30252282
30264837
27770083
29941329
30045698
30143115
30165457
30232400
30188409
30183049
28730712
29969771
30023645
30272013
30244566
30197833
30164397
21613756
30052493
29987895
30061513
30330121
30209187
30179333
19048282
30248004
30115433
30165330
30316533
30242668
30304497
19894562
36347622
30150510
30316680
30326299
30306113
30326195
23447402
30168984
30109776
30203533
30255073
30255384
20827078
30208090
30044042
30085167
30297657
30263031
20284403
30149973
30176942
30156737
30289883
30255843
22432758
30101612
30040933
30157466
30418378
30386122
28095025
30064307
30188662
38705988
30237048
24417352
30201029
30094504
30693264
30275388
23922937
30380706
30108051
30095196
30279953
30275191
23423384
30092273
32157631
30149352
30407853
30301485
30290524
21021932
30129345
30037528
30093091
30274473
30433918
30246411
30290003
30268947
23601167
30143616
30094936
30194949
30284526
30290745
30277898
30223780
30311671
30300097
21425767
30127297
30005342
30237721
30268069
30267508
30286236
30243742
30247491
30300345
18967689
30203300
30069884
30109542
30282624
30233324
30286106
30287690
30260326
30309002
21848974
30299704
30045559
30122926
30294173
30428599
30310904
30277731
30223453
30269997
29982128
30025722
30143417
30538310
30310393
30264360
30238035
30317348
19539740
30199320
30043991
30191482
30277881
30289065
30237291
30246413
30279007
24776752
30154587
30053204
30161675
30365115
30238397
30214156
30283645
23833414
30290798
30059058
30118515
30238713
30254128
30268942
30294097
26828257
30055014
30137119
30171371
30261991
30297997
30245284
23219220
30083913
30046142
30125145
30275537
30248973
30302945
23084135
30096123
30089329
30146131
30295871
30328702
30254786
25861464
30206180
30124971
30144117
30225275
30298835
26035914
30114987
30169028
30177680
30245098
30274240
20626283
32108794
32003285
30213629
30328818
30296730
22066550
30180891
30098842
30186982
30340291
30439778
25973566
30193365
30325973
30196293
30339948
30353755
18980176
30346506
30122926
30270239
30361239
30411576
30401368
30451900
30376922
30110613
30125799
30209295
30338909
30357007
30932981
30395531
21666597
30197402
30145279
30374108
30375311
30389527
30358855
30347075
29764055
30157057
30195513
30289531
30365600
30417427
30375457
31680906
30500504
30306881
30444354
30493035
30443140
21464914
30332689
30232155
30391104
30405644
30441986
30425319
28073686
30262084
30360520
30566031
30592468
30432764
26270771
30185846
30267928
30260960
30454214
30407634
29511349
30182401
30485984
30438038
30452075
22382780
30300138
30176388
30415213
30398771
30448902
30433828
25223194
30441397
30250275
30240657
30509715
30476040
21336626
30352753
30154587
30306498
30445267
30414713
20491836
30330266
30211819
30272124
30406621
30482435
30415684
30377677
27254368
30194916
30355398
30324506
30431172
30427835
30459843
27439856
30255582
30323910
30363093
30414269
30414173
20444001
30414078
30339555
30243011
30411103
30467908
30457079
26576515
30188648
30214324
30301276
30471631
30419319
25411367
30341795
30240398
30318222
30424205
30393264
27654884
30171544
30294475
30307713
30667249
21707138
30293432
30184416
30308151
30397415
30370184
30415300
24552145
30340553
30281848
30242205
30493727
30492304
30436514
30485831
24328190
30335529
30219165
30921006
30443487
30425686
30553772
30508484
30446824
30415629
29855789
30207482
30276998
30365306
30435551
30447431
30385759
30414293
30415359
26262982
30152949
30217949
30247051
30459673
30384962
30472751
30512924
18463909
30428990
30368758
30243661
30387031
30495999
30394584
30457791
30459276
25081870
30308808
30225317
30256669
30385508
30443396
30427044
30397365
25311412
31823616
30288504
30359773
30411213
30377458
30455431
19080342
30349293
30178565
30320678
30460493
30441207
30413373
30446564
26590548
30231843
30229475
30304078
30438873
30443531
30394131
27749288
30227578
30253584
30466450
30522241
30461502
20996263
30278194
30189319
30240665
30430800
30411521
30391030
30449500
21475276
30323972
30195297
30324159
30409438
31082918
30419773
30398460
30420186
30431188
30221584
30259751
30299568
30403903
30454024
30488268
30558221
30464022
19476142
45868004
30223947
30295982
30436013
30394384
30419891
30407375
30430350
30403113
25730460
30233426
30310850
30259848
30456488
30420533
30433870
30425208
30423174
26082865
30323211
32309159
30247439
30437242
30468681
30473507
30491342
20730919
30329752
30198405
30322965
30451166
30453102
30449919
30457872
19028218
30440897
30246808
30915444
30444741
30568871
30408371
30468748
21289683
30304880
30217588
30313031
30440112
30446760
30428284
30422308
30437802
30449061
29376482
30210169
30254311
30369939
30449732
30395035
30462035
30417269
18130324
30411960
30281167
30285653
30337742
30443897
30440235
30433142
30492162
30444383
30471677
#end
