#729a2951|blade-3-m620|jdom@54ed0cc8b7e8deffd5e088305ca7723dc0bd963c:org.jdom2.Verifier#checkCharacterData(String)[generators@bcfe6d43107430b2604e2e34b9151742941652e0:cz.cuni.mff.spl.casestudy.generators.ParseFileGenerator('MQ==')]()
#date=May 3, 2015 2:03:00 PM
#warmup=1
#count=3639
#begin
23090775
54365385
24865721
58388305
30157467
32066330
42359610
60304326
40356793
32904684
46545778
37360755
30453208
30725042
25275803
32734019
38248886
37368140
30528497
32460925
25413563
32810420
37991689
37331652
30620198
30731740
37099782
44497564
43636927
67881267
43571652
46115880
25973152
32901089
38170530
37373844
44416997
31133504
51796267
51102610
43671418
79975930
67132237
38104506
33069953
40879149
38098942
60307143
43431585
43240448
126035399
90952418
89489103
52480249
43139187
30396777
53801499
33404300
30494622
48742922
35755976
67968068
32203805
41451838
44222464
40872189
54110606
55493441
83082181
44945327
59273256
30506857
64415966
33816564
22702440
33500087
64673568
42295417
42477444
43213156
40406272
37607027
36095150
32993478
46279733
30437043
49272204
30832871
30446911
45343626
41185662
67283477
39243929
43383299
40823736
38240600
54627083
37330847
30297066
49624743
38864148
45825552
25594172
35268772
37339736
33506242
43606970
43502352
37591264
99189939
30278602
43861362
62451626
30316005
31201986
25939190
35760571
79318916
34795826
43491646
43447623
38592216
39109225
31231846
30269549
40792402
59992374
30871317
33329363
41820532
32382987
43539840
43585830
38558117
79137370
32618607
40891622
59453629
36423439
24029919
34588949
34675935
35072343
45326402
43463157
68537584
45797213
59665311
32201543
39875745
23508968
32835471
37708804
55648342
49876442
48152598
91330790
76644496
238402613
80300209
37553677
25931833
30441273
68751826
37517870
43403268
41918644
77676494
63875346
57446498
105588405
46276919
31481537
33017923
36221781
43435349
43393878
69755005
41184851
74879345
30624850
29379494
31154944
35221631
67949798
44437498
74739163
119353676
66071030
38819453
37849759
43419619
52788315
37529444
95889718
81957771
85459182
43543138
40893545
57571936
43515483
46987680
57286655
39062863
81501488
70003283
32487423
33072138
70307274
43677303
43494504
41441744
30673422
32527541
30538306
25280443
41257827
43647832
43416516
41541120
45732303
49131048
30912379
29359880
60034687
43613559
46946740
79828188
204706409
43367329
38121820
58861420
56680907
54587710
41207288
50076918
63259464
57891312
43375280
31669909
43401122
34605871
44509293
19463266
82428822
41583700
30448635
30532537
31873066
40855118
31423926
43592857
60346171
30458857
65927116
31097262
32621719
98353986
34755068
30408737
30604889
47246598
46602910
42200491
30467278
39474340
35004484
21177154
43005632
37277756
30412266
30467031
59115427
74918194
42243323
30501913
30507548
48897762
34303653
40813009
30436869
30423640
18637891
38238417
84618558
30404181
30516756
22662551
41503664
69606263
30489904
51287860
34392073
40185214
30425713
30428962
31804130
47339454
34464131
34253297
25733371
43538263
32269245
30520519
26028114
43246652
53684664
18061965
33974307
39921638
30545742
30519669
23091733
40372076
35319501
30560733
30533600
30502004
29918780
68260790
40572571
30505718
30589531
37584304
19445224
60711438
47274316
30582078
30521142
30556283
30545373
36767207
99626854
28528147
47322018
40708145
30465029
30502855
30487353
32063470
43384443
38666559
32793298
28033437
37900251
63294966
31736141
30488540
30943593
30649497
43091556
39890772
18762315
30567536
39487012
53281559
30536495
30484622
30556301
36841868
43344518
75554844
29036425
43268350
54167763
30491685
30499909
30532573
34431210
43348825
19193506
30657313
36368963
30523044
44717738
30490567
32814464
63361029
46155682
30239055
34892157
33331963
30475490
30539288
30503705
32849246
87727397
27881361
43783738
44705596
31993106
30518483
30556752
31058362
19746540
30538833
32797822
30520027
30531957
30537682
30568537
35438881
26939948
32996417
30549502
30580910
30503860
36708654
30598513
28220499
35466901
36542503
58362300
33320689
30524467
21095699
52936781
49875508
30511824
30497462
30531473
30516259
29086569
31790200
30535360
30573300
30589133
30486518
27440577
31975267
30518288
30587881
30546230
19139655
30572888
31825828
30565674
30569855
32621855
23722886
30539299
30615037
30574995
30584957
22268969
30566817
30594346
30529555
30527295
30535832
30664517
28921167
30523593
30545906
30593250
31312068
30537623
30462901
21703844
30633755
30548428
30787931
30622017
30528091
30578894
18281378
34469217
30577456
30548337
31090928
30573035
30568844
30522050
39014345
21644450
30541427
30580151
30561282
30577378
30821055
30529175
30535797
41986816
32308137
30563290
27075913
30549073
30527911
30466751
30508289
30545044
30491126
35588003
38300468
30669833
30514502
30793200
28400959
30533217
30569533
30681713
30534027
30549613
30540480
35989057
37958470
30522297
30522467
23356426
30566302
30723065
30590975
30594863
30537770
30513038
32631910
40720442
30566353
32656758
24987303
30525599
30511744
30482470
30540921
30525814
30542884
30481693
39693750
31525592
21594759
30551073
30773326
30595613
31603926
30546502
31696743
30495571
39959170
32312363
22870054
30610244
30578975
30885123
30512524
30517133
30490331
30480369
37757791
37987101
30560393
44546529
27415903
30536292
30522169
30518264
30499535
30627340
30547103
31842577
38387976
30541948
30543382
26223012
30559128
36300750
30543380
40801687
30536344
30569155
30876270
39090805
30553206
21461381
30518306
30593937
30485723
30514421
30517690
30555402
30628383
35920201
34194175
20242834
30649498
30586201
30635640
32518841
30573532
30575739
30537106
36346463
34852495
24021172
32666979
30559800
30570922
30501415
30541689
32612167
30558757
37491091
22798086
30558584
30532190
30567190
30647562
30524707
30527502
40871367
36007516
25558923
30556095
30556357
30560864
30508564
30529162
30530246
30517986
22272893
30529997
30536754
30753044
30740546
30518009
30533824
31425892
22867795
30564992
30548843
30560832
30575281
30562926
30543030
30542373
27310801
30613503
30546361
30523933
40714704
30636037
30577804
24560529
30593395
30636093
30565244
30542754
30546886
30770035
25639949
30577688
30576022
30580830
30512886
30527560
30516322
30534939
22705087
30523343
30557184
30529268
31090143
30569659
30596923
30526840
31395109
30759378
23147277
30524561
37795475
30526250
30558619
30508113
30636991
30520800
31365000
30645942
30483810
24194528
30578577
30542315
30560864
30530793
30579140
38116117
30533229
31325091
30923808
30499284
31429008
24711400
30511680
30586909
30581284
30508666
30542338
30504315
30528309
31504603
30635175
30526887
23211789
30825259
30591203
30581118
30540678
30677543
30570517
30561735
30507300
31402619
30588353
22904085
30546442
30553366
30616679
30549620
30518611
30560749
30778828
30529819
31954922
30580868
28433992
31075486
30554295
30535939
30536007
31675932
30617257
30569011
31163355
21117261
30576027
30548426
30562842
30518037
30559997
30502120
30541293
30511995
31454723
27603135
30552891
30532930
30489862
30630828
30501046
30569004
30670693
31324996
25823825
30548853
30610262
30554837
30559269
30559246
30843817
30511030
22195067
30506060
30542446
30557444
30528920
30500491
30593922
30523024
30528341
29481275
30524260
30477406
30531409
30546404
30583322
30485633
39378108
30508242
30725147
30574873
30563857
30540562
30533879
30532829
25793987
30581329
30609922
30518471
30504756
30545070
30609853
25650629
30586369
30528747
30545593
30527726
30532046
30531504
26910927
30587628
31014683
30531929
30551070
30529515
22391969
30569732
30525864
30523108
30522415
30546124
20704805
30505741
45166101
30504812
30574800
30567533
30535579
30552795
25868412
30741300
30625258
30479938
30543186
30548413
30496071
24895863
30544162
30545964
30497117
33642905
30591088
30648945
27982163
30551184
30554811
30536722
30644718
30521170
22804959
30514441
30552842
30569444
30459789
30543535
21185481
30535839
30577242
30531463
30567331
30541275
22217591
30566248
30557126
30582440
30522928
30495604
25894169
30571058
30521871
30572270
30605418
22397366
30546188
30484546
30589761
30529906
20434780
30538177
30594926
30547553
30591284
30514865
30537750
30005687
30537793
30561271
30561775
30546073
30515852
30560953
23638423
30539313
30606830
30524693
30520193
30533359
30583295
30513078
30527140
24621734
30550543
30574319
30667149
30483553
30551237
32573094
32660569
19604168
30555142
30530986
30550412
30553314
30525946
30535955
30481066
30483306
30459913
17799185
30535169
30503539
30609886
30522677
30554380
30573660
30562056
30562504
31407890
25224314
30730726
30679906
30563920
30499528
30501671
30546818
30626842
30507813
20288319
30538240
30558035
30567348
30531973
30512054
30492499
30463208
30508124
22384560
30567653
30611926
30602186
30550077
30518641
30521913
30575597
18179796
30509609
30532880
30582131
30504697
30540304
30518062
30559035
20952919
30538566
30510291
30520926
30557744
30533936
30516458
30681712
22668576
48833051
30564679
30593559
30610640
30532004
30599453
19516966
30566861
30723866
30520481
30489988
30536991
30550824
20705719
30497053
30536700
30543099
30519582
30540892
30513704
23731430
30528784
30493130
30488552
30518836
30518667
20806092
30499147
30557462
30653752
30525600
30541488
20739778
30486941
30512393
30582327
30547102
30551634
22184304
30602400
30509614
30558802
30528669
30517174
26621167
30510941
30506726
30569517
30489613
30551875
20491168
30493409
30533083
30501826
30560311
30575080
30544400
30074248
20920829
30534926
30511004
30628222
30531868
30526401
30606633
30520066
30640850
18893078
30530171
30545666
30565199
30532695
30503651
30599306
30700010
30538475
30497655
29240472
30530628
30587560
30548619
30577991
30549739
30518961
30517991
22730837
30525263
30557735
30606800
30542902
30549356
30538313
30735481
30532504
28040023
30552346
30545349
30595753
30538502
30548802
30816322
30565617
29500856
30561184
30580487
30548015
30552062
31125914
30488952
23980624
34379806
34335197
34339928
34251631
34334558
31206255
22093567
30533024
30570483
30476057
30537155
30534976
30574091
22793789
30560211
31889093
30579861
30509313
30544622
30558817
25781892
30556613
30598051
30656490
30548051
32904856
23748766
30540198
30492097
30597116
30511502
30530521
23523439
30578878
30559151
38279066
30499979
30596233
30619846
22019822
30712582
30615075
30539701
30527801
30488586
30924048
30537436
30564104
24220408
30689088
30489085
30636599
30503832
30559075
30503759
30513197
30511171
30447584
22935791
30575066
30560704
30612717
30536237
30538259
30553393
41577148
30547895
30538324
39041897
26923335
31445507
30526004
30525744
30498182
30526842
30529908
30524262
30520566
34594491
27693208
30561086
30563886
30521441
30507460
30498131
30530458
30489253
30523913
23986348
30545167
30628971
30537829
30504996
30541793
30514251
30549262
30604511
23742215
30569198
30559113
30559813
30528175
30696775
30555135
30479873
30539838
25917638
30643126
30524316
30500182
30516802
30532887
30526112
30542680
23537597
30569195
30571666
30571664
30492633
30518915
30528684
30467180
30450961
31303270
24997792
30447987
30359481
30401586
30497524
30391838
30379118
30363455
30342853
21208239
30452553
30451526
30655697
30476070
31191935
30479087
30444941
30497375
30453546
22075062
30497149
30479697
30478726
30450896
30458361
30450244
30449308
30582409
30416464
24531832
30496613
30494248
30471173
30442735
30445706
30591007
30403275
30456824
21216938
30429399
30631580
30461827
30394616
30484327
30468182
30424075
30449949
23250941
30449291
30512713
30418451
30569697
30467766
30390891
30360196
30465798
30592253
30479986
24473099
30509692
30503328
30458895
30496702
30437735
30452331
30425644
30497258
30765820
31085270
29261503
30444235
30468772
30632857
30473314
30405688
30446004
30388808
30482177
22296728
30441078
30618514
30460430
30429700
30448889
30436544
40716896
30429320
30406381
26615265
30463597
30376950
30464451
30453442
30608735
30444117
30434861
30416997
26997407
30591017
30437544
30464837
30465873
30468662
30607355
30374160
23448147
30584893
30707825
30560253
30479290
30389981
30457457
29978822
22133961
30488679
30497398
30454616
30493841
30435611
30421151
30435318
30393611
30395237
24098855
30440884
30501369
30443199
31116712
30474077
30496175
30465404
30477326
30429575
30587215
22926989
30442051
30579437
30491134
30402057
30450090
30475893
30568695
30406804
30397516
30458380
23885951
30415840
30345245
30455713
30367697
30423891
30527754
30382986
30327124
30309666
30387398
22286482
30414272
30376561
30405064
30358360
30373577
30452026
30382036
30353247
30314047
30364498
23354499
30413600
30535326
30403422
30356353
30393055
30391015
30560699
30392484
30333137
30408797
34211024
41419955
43623621
28154799
30422493
30386256
30393199
30383711
30344360
30327982
30372039
30386790
30382402
31326086
41340698
22295684
30368306
30433037
30434080
30366119
30410275
30389109
30350387
30346566
30331751
30513668
34544994
39602343
30475964
30434844
30342116
32395889
30368462
31658625
30632908
30401916
30316065
30369560
33314764
24540474
30373929
30423089
30354775
29073440
30375386
30345757
30374991
30343439
30316103
30413227
24298826
30382817
30463693
30388279
30374615
30355233
30377792
30338991
30619356
30331613
30402972
29086805
32433214
30334986
30369084
30350386
30379536
31023053
30378486
30340644
30417813
28882705
30414238
30500642
30474575
30400837
30379007
30369840
30331343
30318360
24147542
30414111
30403788
30422235
30317595
30404038
30398354
30362678
30385706
23446507
30381313
30400705
30543038
30336082
30388238
30406775
30333068
30382277
25610758
46344832
30326402
30344234
30309488
30299187
30285565
47259472
22981257
30267715
30341864
30434595
30278137
30302052
30364320
30279562
24077068
30315474
30328758
30333944
30301564
30270848
30375466
30244393
41997810
30386113
30353346
30362642
30440644
30344024
30394167
25218385
30380698
30406147
30424045
30650642
30409111
30377090
26421276
30468926
30377778
30355831
30356731
30404459
22491284
30495442
30419953
30335940
30415741
30363751
30335731
27304523
30413367
30375297
30361786
30333873
30415958
27231675
30334888
30252312
30295966
30470415
22209491
30331168
30319353
30319940
30343140
30295130
30303484
22735589
30319013
30363881
30334613
30363133
30311035
29042725
30245767
30268024
29820060
30966031
30444355
30264724
30294475
30321668
30247582
30311947
30251606
19436848
30312873
30322680
30383013
30286501
30303706
30266607
30324799
30272931
30270960
30301631
32999894
23027827
30324520
30309191
30276588
30318762
30310426
30296535
30245010
30274408
30265736
30302356
33865303
23546626
30330451
30353235
30393964
30275395
30332091
30313807
30261719
30242153
30875929
30257422
33403816
41349148
43793515
21601583
30341113
30342955
30257568
30313271
30281706
30309700
30235913
30297436
30224653
30304229
32909469
40652180
41570911
26426536
30469579
30340598
30311177
30280747
30267762
30448373
30253601
30215619
30249687
30307893
34828039
42668915
24891778
30415446
30358640
30314766
30268473
30308375
30429882
30331693
30272706
30289249
30310560
35804610
23247995
30282570
30294811
30365729
30315562
30321186
30297251
30300643
30282335
30282916
30294273
33807909
24438994
30309993
30318662
30287393
30292742
30289600
30308138
30287517
30275879
30292275
30314755
23189915
30331355
30301951
30249004
30256603
30295271
30289742
30421093
30303667
30259679
30260935
24894636
30274989
30293782
30263141
30307878
30295091
30319962
30230159
30271240
30306273
24131543
30374704
30283395
30285516
36738182
30271924
30341535
30245809
30344462
30304304
26166095
46407840
30380622
30376097
30372096
30422002
30400179
30413031
30426026
24546416
30412022
30407947
30396713
30363028
30318458
30372361
30373791
30417788
27124565
34403980
30331948
30276998
30287259
30342129
30310047
30300689
22594080
30326059
30334844
30368349
30311911
30289188
30347220
30348542
22409211
30374124
30310215
30301069
30301624
30306571
30294364
30240878
24717375
30301557
30419741
30283469
30326147
30293294
30319278
22660562
30323380
30374301
30292486
30319124
30419313
30316577
22914527
30284195
30345622
30410898
30262704
30319829
30369441
24725916
30422149
30256410
30266339
30223857
30250351
22807335
30350404
30356835
30265049
30280068
30405077
21291878
30289203
30297597
30225982
30413230
30313169
30305513
30267397
26513006
29026647
30267300
30297178
30283316
30298122
30414095
30250842
30220902
29364452
30317724
30303625
30305011
30305939
30434084
30306946
30279229
24971839
46409909
30348642
30129591
30288731
29135498
30400193
30374839
39775162
30409141
30437177
31031066
30456838
30458266
30486955
30458840
29509581
30511717
30418668
30462364
30452888
30439055
30408293
25964571
30437444
30404098
30440019
30419718
30432729
30492408
26415655
30507439
30448746
30486619
30468341
30458769
22004931
30475124
30431022
30440313
30463630
30465947
30413733
30408237
22152814
30493302
30463600
30563744
30449715
30437989
30425590
30417577
30568935
30384889
25021473
30478485
30460803
30392251
30447211
30443882
30458026
30473081
30436066
30421919
30524162
22335353
30465882
30471321
30443115
30450904
30455513
30418595
30444500
30472517
30435591
30456706
33249455
39916650
25621807
30519047
30601893
30581969
30509100
30591124
30537201
30481940
30533557
30498755
30523746
37010936
26610702
30579611
30504629
30554937
30536191
30521104
30528076
30473448
30494266
30539624
30523635
24479172
30500844
31151693
30574221
30478151
30536046
30538119
30539811
30502142
30524432
30707642
25948403
30560989
30595816
30477689
30520595
30499633
30648124
30521329
30601061
30530797
23393417
30622228
30563370
30565720
30540604
30508686
30645780
30458783
30558204
30553009
25273454
30520613
30474125
30535987
30638275
30503295
30506867
31148930
30007291
21059549
30605526
30510484
30455518
30423066
30416097
30458799
30463897
30416082
22551115
30458373
30482872
30519744
30406284
30437854
30483506
30462487
30456002
30424393
30438904
25399478
30460749
30484175
30490124
30622034
30464371
30458088
30451090
30396621
30426517
30480857
36994908
26364320
30470911
30454864
30577015
30453130
30422338
30425895
30383450
30429986
30479684
30420521
24053003
30485169
30460378
30515440
30420042
30592005
30454433
30435349
30423984
30461634
30645728
24848929
30427876
30439108
30512526
30467202
30423060
30606542
30438659
30582132
30452037
22917949
30530793
30513293
30460121
30422644
30443742
30776124
30422638
30426618
30564286
23988852
30633822
30486862
30416321
30612686
30475697
30564684
30440624
30487966
30444531
30266894
30482616
30592362
30430800
30471423
30417216
30548686
30777301
21582316
30578395
30489524
30760304
30448604
30415326
30447220
30443966
30607815
24778149
30491367
30481793
30440924
30471915
30459484
60104679
57336020
35702233
43629485
30442820
35751543
45701818
30347274
30368487
30391161
25226937
30410656
30419446
30330587
30719928
63148634
30345976
22934562
42280520
30503659
31832035
30522750
30393791
30455993
22335031
44946665
33906589
30328677
30374273
30376397
30376535
24832896
30429949
30421708
30407482
30363240
30391928
30433648
27198813
31094310
30351389
30518253
30387762
30404595
26568089
30357200
30361580
30313338
30364975
30388708
26988417
30421015
30376973
30392733
30392306
20021088
48132926
57721798
30389092
30369620
30487864
30416669
24165803
30362322
30444746
30407091
30354049
30385166
30382769
30397478
23544084
31115199
31219048
30261842
30305484
30281309
30270324
30276393
30290727
30267766
24949606
30286300
30319362
30284881
30312679
30315677
30275915
30216984
30412347
24499703
30290225
30425533
30349144
30265340
30344638
30342676
30391320
30202893
24303619
30343951
30318369
30301537
30275385
30321722
30304817
31415414
53727066
30272906
30433179
26750235
30406320
30367300
30249313
30282000
30358129
30349971
30300918
30243171
30308791
25467413
30280242
30310242
30338625
30230310
30398884
30260395
30244988
30306446
30289082
28852740
30336711
30240358
30267942
30313836
34793951
30261987
37170360
30279688
27008348
30404657
30346019
30292473
30297586
30289850
30483883
30255505
30229194
28265512
30396478
30308917
30600670
30277448
30263647
30359278
30296372
23321195
30340615
30303813
30435904
30285000
30247606
30278304
30276205
24929267
30278402
30253435
29828633
48460076
29053123
29032554
29010947
29070078
30236850
27420068
30370491
30270033
30334751
30274297
31699894
30266002
30273789
34898490
25358070
30325607
30333860
30425284
30342107
30302110
30301719
30252282
30291468
29667711
30330053
30299891
30315893
30261212
30354920
30281158
30525406
25828969
30422301
30316831
30317529
30288784
30340253
30385153
30270791
25823983
30329677
30261455
39637625
30327152
30288884
30314262
22432541
30289910
30304146
30320275
30258415
30626071
43113620
30249883
30253586
30240415
29022145
30282249
30272942
30290438
30330728
30291655
30254315
30419813
22186896
31248903
30381075
30337011
30259052
30292794
30292012
30367673
30244486
29130172
30316604
30236720
31669413
30326602
30329142
30231627
18450137
30422673
30346433
30386335
30267353
30324466
30383473
30227215
30334497
30247538
23385088
30276242
30313749
48139280
30270363
30269186
30346868
30334436
30655140
30294398
21702514
30232230
30331774
30244684
30264724
30272913
30308077
30304213
30276843
30182172
30310857
33023118
25680775
30337911
30322831
30421899
30257082
30298496
30280094
31149317
30264278
39819225
30295988
26964254
30294228
30207240
30284840
30258029
30286891
30220180
30251771
30322589
30312790
24721065
30281723
30267509
29845518
29832618
29071285
29068494
29028789
29085158
30286211
25129358
30313627
30357486
30250126
30315600
30296209
30324959
30280007
30302035
22827673
30329545
44927926
30295184
30286980
30295969
30262711
30311515
30236429
22968346
30276680
30440388
30218135
30265042
30305286
30285606
30271966
30347020
25618251
30320713
30302100
30337675
30597177
30293649
30317520
30210890
24898123
30330346
30313682
30327179
30274511
30310309
30339508
30269549
26280005
30300237
30435087
30329478
30284808
30238473
30257136
30387287
30244416
24143581
32126626
32092704
30354097
30234369
32272521
30237479
30399953
30246466
24164682
30253953
30238260
30243681
30254301
30332502
30245335
30211269
32220450
30179862
30211826
26410781
30461935
30292691
30219916
30226639
30219577
30294022
30257833
30204618
30266644
23693060
30227360
30248604
30253854
30186285
30194333
30248733
30181964
30146582
30176902
26987506
30260432
30214444
30242424
30341698
30252631
30228651
30242484
30228571
23860068
30202959
30246978
30230873
30216451
30192178
30214100
30223692
30190055
25598300
30223606
30217237
30280724
30365722
30221585
30269939
30157015
21534788
30251071
30260605
30236442
30196100
30270734
30275362
30203049
20945661
30222091
30216418
30226237
30241759
30200746
30257724
30241786
23973193
30216006
30335404
30222555
30194513
30219343
30306178
20804981
30266748
30063322
29747177
29164521
28994987
29046503
29059591
28899719
22968751
30254144
30254162
30287214
30633821
30292540
30261398
30232577
30209333
30206184
23277568
30201671
30236615
30230296
30387947
30217944
30243555
30205435
30214553
30330986
25001010
30231480
29810438
29746058
28991299
29065727
28986781
28933541
28993451
23894088
30345177
30255098
30228785
30181707
30220227
30240792
30142196
30195420
22272765
31266377
30429315
30305828
30548186
30576431
30546668
30380227
30348459
27417352
30430840
30443946
30350578
30413929
30340389
30413961
30401023
26779121
30419913
30428207
30418101
30395302
30425293
30350901
19535357
30502486
30505639
30275753
30272001
30375276
30324435
30297731
25106403
30311195
30306753
30308985
30591257
30417153
30499175
24853690
30282450
30262538
31146406
30262933
30327681
30307464
30319319
20725577
30354008
30327135
30441975
30325055
30287140
30346247
30288011
20578437
30245726
30384480
30253195
30327478
30450180
30341235
30370906
30298161
30254257
23521722
30336533
30347784
30361937
30282726
30277960
30348456
30284451
30309482
21631319
30337159
30446313
30224793
30275537
30346197
30344739
30456018
30300812
30296109
22977240
30294943
30379924
30332275
30280991
30411328
30319535
30286442
30252100
30291597
45737443
30223728
30181635
32669587
30232924
30231244
30264658
30224404
30248721
29953549
30275673
30195233
37442248
30265161
30248788
30300589
30293231
22418679
30527203
30312997
30185553
30244080
30233973
30246318
30240688
21299994
30258758
30244275
30263153
30240567
30237211
30283901
30280833
22525663
30265589
30184762
30220492
30247849
30188915
30229351
30209011
29446960
30293021
30257395
30184664
30222714
30361429
30180595
26640936
30249204
30218935
30334089
30224443
30250902
18139416
30260603
30263804
30229378
30220168
30256009
30211864
23957484
30187533
30405527
30205211
31061361
30211273
21613218
30224736
30346519
30222593
30225095
30191531
22459709
30207269
30226318
30301477
30170389
30231226
25745689
30292288
30225207
30195053
30204807
21651296
30202315
30239495
30216267
30214222
30351386
30289260
26605593
30295135
30210107
30970273
30226744
30226133
24333014
30235691
30253637
30290875
30230304
30242537
24992852
30252422
30239480
30870910
31267292
30239331
30157157
30251023
30230985
30256982
30206458
24051011
30222701
45305746
30197849
30190394
22391135
30249108
30245089
30164313
30225074
22736229
30247555
30306257
39487899
30259195
30256910
23173295
30239936
30230920
30362678
30220066
30253613
30192995
21862270
30537759
30213342
30210872
30320606
30236548
30262146
31029686
30217586
26751149
30264571
30247200
30240696
30202089
30221659
30400280
30238858
21132543
30246701
30267251
30259802
30223769
30261939
30407560
30242562
30245647
26252329
30248820
30377093
30237866
30231262
30250042
35193166
30186600
24768603
30251622
30268191
30254935
30229671
30241786
30204664
30231747
26257131
30290873
30157344
30301337
30349393
30199177
30914987
23498132
30229702
30211685
30482971
31191660
30268617
30271088
22638711
30292495
32327303
30221177
30246305
30254095
30236447
23936215
30315008
30353484
30335733
30285477
30290827
30370469
28330961
30528142
30249082
30314678
30289191
30309298
26092045
30303978
30332891
30285507
30260565
30285147
30344774
23445445
30443725
30362751
30282635
30295430
30296599
30311408
30316671
30241357
23645220
30286338
30299600
30313584
30337718
30311827
30358724
30259518
30267913
37007165
24945662
30383136
30312535
30288511
30465529
30347754
30254473
30725799
30264829
22769860
46199742
30249836
30336917
30223071
30230927
30243120
30203182
30375857
23486829
30254571
30243724
30283813
30222087
30217495
30258064
30219307
30108107
36085152
43738163
25540312
30287953
30274779
30271026
30283999
30481522
30339724
30253804
30541330
40654062
24949669
30254728
30484183
30344757
30292997
30276306
30271124
30587437
30281964
38904005
27187348
30343479
30307312
30295876
30305791
30445764
30316804
30263266
31239869
25575903
30447069
34047991
33874862
33948861
33879044
33948405
33890571
33924847
27183251
30375417
30256951
30262351
30268384
30442231
30217515
30325058
24596176
30545391
30514433
30736975
30588102
30546115
30650426
30490293
24495274
30532040
30639452
30490016
30475411
30529999
30503877
30506426
27287484
30549804
30559009
30486155
30565681
30505968
30594755
24826878
30390066
30526708
30491584
30453269
30475579
30424740
25010747
30431302
30483419
30501920
30574713
30485873
30504057
38762516
30407798
30277208
30275688
30307962
30280326
25077026
30329902
30312691
30307584
30254904
30432629
24639095
30222819
30300975
30377001
30249083
30307746
26376030
30294602
30250759
30295122
30293152
22907024
30615661
30371177
30332893
30298095
30318333
29122212
30264371
30183097
30225842
30261982
27089819
30252377
30199667
30240711
30191117
29807509
30289677
30192395
30213471
23748937
30264666
30255569
30189659
30216513
28561002
30265000
30237802
30230362
25717794
30337143
30271409
30288343
25162340
31481859
30290113
30301630
30257126
26161672
30295690
30239951
30323371
30460771
30306284
27268779
30291454
30247335
30289304
30288376
30288429
30296156
26929566
30579866
30338098
30337466
30306243
30307855
30313193
30294869
23866301
30344179
30289010
30336524
30283263
30346644
30262884
30307766
23701791
30292728
30364575
30335702
30276227
30330661
30331313
30931139
30245586
21785292
30312744
30351257
30328980
30290474
30245153
30284128
30191441
30266202
22981744
30255422
30275095
30257455
30257962
30465424
30297402
30336693
30195849
26635235
30414946
41512699
30407675
30413749
30395838
30519595
30396293
26092551
30422859
30376790
30375353
30401041
30395107
30359577
30412415
30242055
30425364
30369603
30502629
30368535
30421082
30391366
25898422
30540493
30385401
30408831
30364572
30383791
30435651
25892627
30409846
30377393
30335175
30373077
30354024
30445974
30416897
23146501
46323693
30270167
30429410
30302913
30307284
30325773
30269404
23128809
30319298
30331266
30286800
30311411
30441542
30491455
30275439
23814366
30335733
30337638
30330802
30260384
30262713
30444508
22184189
30328322
30295380
30284310
30305217
30322362
30342876
21382501
30305459
30319550
30353957
30283457
30301622
30301041
24501270
30327742
30271986
30292267
30293926
30283644
21159874
30306965
31135573
30273240
30270097
30321148
20579001
30256666
30298217
30272349
30360467
30266951
22210087
31312393
31486966
30432809
30342211
30362582
26560975
30388918
30365315
30368116
30397589
23450229
30427790
30404866
30350585
30960668
30391940
19468925
30425680
30393793
30383797
30387562
30342941
30346222
30424402
23247995
30410944
30364284
30408448
30363299
30398364
30393944
21274671
30409042
30379898
30377055
30371440
30386469
30414579
21479412
30375098
30393155
30453575
30339953
30396184
30409964
23634032
30387271
30383007
30377873
30303408
30429795
30429435
30360135
23813697
30466415
30419144
30427264
30536875
30388600
30388126
30389997
22742575
30406179
30371305
30386802
30434271
30375644
30384808
30387769
30347283
35277215
25172452
30331191
30371313
30393668
30494537
30398220
30408606
30354813
30382600
40019534
29814831
30514217
30327452
30497237
30441724
30477064
30473844
30488542
33552978
27251496
30464151
30450798
30427299
30449565
30438446
30527212
30421207
22755354
30472677
30450835
30472895
30440895
30458523
30488197
30458713
34854806
27147302
30505302
30410575
30453824
30455547
30423535
30474382
30438861
27622115
30500519
30515232
30461158
30435883
30432484
30435546
24612763
30482426
30503644
30361499
30455664
30432004
30524000
23216389
30505833
30452929
30471322
30461177
30445898
30472906
22214877
30509216
30445169
30451599
30464298
30434681
30434327
30483315
30442753
27957457
30499764
30446347
30486274
30427691
30423678
30457278
30422127
29635890
30450955
30439233
30453855
30415904
30469344
30467920
24237056
30491606
30427294
30492691
30455780
30469356
30454090
22895973
30513597
30625321
30490937
30536908
30539310
30537628
24382507
30567835
30584715
31178526
30704787
30520832
30575891
47222539
22001118
30478304
30527847
30464484
30468799
30515979
30714135
30503438
30504337
34656386
23489061
30681675
30685715
30555028
30537506
30499613
30576520
30556331
34093613
35743721
43456629
25967651
30530773
30555184
30540799
30533878
30521324
30548968
30503966
30475761
41796344
25434476
30555415
30559569
30547435
30658086
30500970
30519727
30520226
30489163
35736308
30251202
30517253
30517609
30529544
30713358
30560262
30518267
30499510
30750584
27662328
30556329
30510573
30524644
30500817
30502667
30471758
31333826
22407931
30506331
30618518
30511177
30563502
30542686
30512142
30522784
30505580
27445342
30568885
30720513
30532266
30544762
30587942
30538661
30518995
28612872
30564750
30526660
30546506
30547495
30537011
30538468
23552224
30572781
30545453
30557937
30517664
30559555
30558711
22674679
30501555
30687020
30518882
30573484
30567266
30535719
30722724
30437135
25297654
30536462
30533739
30699191
30517748
30570711
30744428
30501175
30650753
30452555
25413491
30506820
30565178
30544239
30488548
30546353
30571648
32515634
30558098
22470482
30515484
30487480
30606677
30529930
30531011
30566546
30533920
30563728
21115869
30528364
30564366
30612091
30534029
30745668
30654827
30496128
30514966
25839813
30684210
30462475
30478908
30540387
30537617
30524982
30628595
46558062
47951797
43870526
46482356
30460425
30580671
30499062
30427817
26691735
30417035
30360737
30408850
30436523
30361131
30383429
22611587
30418338
30363395
31570484
65177761
32013901
31036141
22133433
30400567
31302790
65261542
30388391
34194811
30447030
23872041
30384696
30435691
30325830
45130142
63811962
19334468
30439065
30380664
30307392
30364478
59068338
48938845
29110880
30595384
30401485
30341766
30397725
30397693
30287134
23427646
30282311
30421544
30254974
30298613
30272742
30314034
30328795
30480007
37035925
30389877
35792953
44533165
30296896
30323004
30303157
30281702
30258944
25906671
31712921
30281882
30235084
30242880
30305462
30471748
30290546
30439842
35225217
43659270
30191620
31244576
31435439
30301898
30286862
30265005
30289135
30267584
30263378
38978417
27373770
30293282
30246444
30290733
30296684
30287302
30285173
30392824
30240793
19840611
30327811
30639534
30241900
30341062
30284453
30346488
31466207
30241326
30299217
28028558
30323149
30239417
30287662
30308299
34290537
30303013
37588054
19140287
30290522
30458729
30272806
30279483
30293593
30598559
30299373
30214751
30257983
#end
