#729a2951|blade-3-m620|jdom@54ed0cc8b7e8deffd5e088305ca7723dc0bd963c:org.jdom2.Verifier#checkCharacterData(String)[generators@bcfe6d43107430b2604e2e34b9151742941652e0:cz.cuni.mff.spl.casestudy.generators.ParseFileGenerator('MQ==')]()
#date=May 4, 2015 5:22:48 PM
#warmup=1
#count=3558
#begin
41362917
57207167
39311941
34537457
41996801
26219187
34432655
42080465
26432831
34558117
42153767
42968352
43626209
43777787
25975646
34470684
30302691
30268152
30311251
31267039
25716355
30441778
30314928
30328823
30342127
30275651
36314827
43737696
43580687
43637324
42863409
39821438
37477700
30335509
30355197
30341308
44274792
33396740
30316058
30300298
30337243
86158264
43639794
85122333
124971614
43583627
43395861
104335824
30538455
59264078
35637510
62786465
30580733
35583377
93022425
43456685
92285580
77647512
50378250
31666525
60528254
32847756
43295234
43712221
44394391
78213878
79849265
49472086
30625224
59788075
64984223
44472914
78262828
49002177
20191036
30851528
53278090
30539209
38937481
43337348
43298985
44389284
77375063
70349699
54981778
43994983
59107289
39165650
77333992
39729163
43363079
45419059
47573128
51130958
43054878
62250507
66189936
82387947
39030268
38558659
32258558
57016119
32654059
40480883
43490453
44502866
36057260
43503083
41128285
63632852
43389415
78951201
88981724
44924038
38913448
26363340
30460591
34152390
41092084
67412504
43451294
72411825
49496222
66484933
56751593
80571816
85224740
23705173
30532075
45838400
31355124
30473713
38583104
41687269
86484637
106372012
59053164
59023523
96831586
50903289
43334432
43403690
46827557
49094208
48425286
48490020
73984718
76697028
60805453
38521944
22542908
30585214
68057337
44096604
48138543
35239406
56522828
53128575
109341229
41325666
110644505
41391807
32753003
30449551
68216003
54610765
121105666
32176194
47766190
30492381
51538360
42408081
43398472
43418829
47237317
54499579
112316659
146781288
62132620
31426596
63819630
30439070
48729629
41132780
43394906
42701907
38541330
63962462
30476291
65522778
26643421
40563393
51894344
43507912
43410696
37471642
50227497
31280637
49967292
29656776
33536542
58526374
43725293
42916528
36698067
52676846
36467151
30448913
57493534
37032877
43333267
45044280
53877130
44046643
58882958
27703513
30449142
35779334
44416074
102361095
159037952
173732695
142579618
53834199
30488475
50181810
72171423
102982129
89588534
41600228
32111376
43343272
47124126
37808337
109354214
53244462
63667913
29449172
30517213
35100297
109819161
31148290
48009796
18809806
30688799
54848057
38536572
39476312
30797171
30874413
25236950
30683464
46442793
57021563
31332121
34056302
24288563
30480257
68475055
51000359
33663182
45987611
28872805
54121852
33037545
41031986
30417644
21243534
30351842
30524707
37703300
37108111
30482528
29797884
39305910
33142523
40254949
33827322
29730100
30662399
32198823
41738294
18789900
30337657
30381411
35383038
39596123
22716553
30431497
30403398
38068711
35409924
29854711
30450924
33155691
40113587
25759221
40459139
81012851
42945839
27598844
30494152
30390289
39085577
25929436
40162523
30393564
18103925
30362097
30470419
30410042
38039424
23141715
32451521
30499879
34559772
34875995
30351799
27799868
30405882
30400685
34764222
30370636
30564064
19985252
30428513
30377152
30363411
34837478
30384319
30879720
31498574
42285684
26442878
30423697
32724371
34878486
31879996
30483671
30370486
38755117
43682763
43597894
26287720
30449729
30444084
33860413
30674187
32391165
30373727
37540116
43843248
18392978
30477344
30446126
30403280
32911453
30314312
30435329
31084249
42085998
43693869
27430048
31049459
30325650
31592188
30497437
30429928
30376376
39686643
22455298
30457651
30342877
30379199
31480103
30388817
32011024
31387586
42222115
26423357
30366307
30390485
31874706
30392040
30408365
30690792
37800727
26776995
30434930
30371624
31871625
30297515
30428238
31998035
23170159
30379931
30429360
30511868
31519114
30342935
30454634
31661294
27346926
30417991
30439310
31699254
30355584
30480558
30418555
44221948
30444123
30459137
33950349
30527438
30371013
30514062
40677660
24751579
30432166
30402004
30524110
32659170
30443117
30385187
35384661
24727513
30421642
30480737
30481584
32328308
30447817
30447676
43052677
55770953
43739729
27402820
30391946
30441526
32009115
30410201
30536786
30452710
39657869
43799868
26218804
30468166
30464706
31520497
30985472
30373004
30455896
37213524
43803227
28900410
30431646
30492650
31656830
30375441
30505572
30465273
40769875
25153053
30390411
30377087
33993697
33183349
45256944
30572878
35976179
25322311
30528892
30464097
30392378
32786434
30475542
30425250
36232232
29981353
30469664
30444944
31638707
30436084
30528980
30483464
33640388
30551199
41251851
32076715
31378220
31118315
30405509
26816391
30412062
30109189
30393560
29133009
29133510
22443244
30391398
30440442
30498478
31568186
30410277
30852645
27262303
30441321
30459028
31597144
30420957
30420382
26969006
38927717
30478017
31891557
30378788
30544626
30397289
25038735
30602772
30385564
30413893
33017507
30420714
44497062
25434883
30413184
30461150
30519962
32768606
30381629
30444535
30042666
30397761
30418738
31926172
30420435
30533757
26065104
37361007
30534575
31536157
31128320
30400295
30429361
22356923
30494666
30455647
30394416
31591745
30551467
30458634
31477470
42388197
43854403
30376184
30415165
30465784
31636081
30414488
30450786
30591428
42018113
43825881
43723287
20476861
30405559
30449253
30412118
31663927
30421468
30488759
31319029
42257459
43714529
44106516
26026674
30463221
30525955
31482353
31145795
30442629
30421001
37278342
43774868
43709274
26399971
30476713
30415178
31958932
39043648
30447855
30382415
38095029
43782552
23535401
30422267
30437682
30424464
31790795
30431351
30430117
32837978
43641598
45007878
41744737
39782256
29086140
30446049
30474714
31622164
30415933
30514176
30423860
40945789
43751021
44648693
22033000
31373766
30392304
31501121
31309495
30480022
30435862
31647990
42325549
43744656
43750792
26910786
30393980
30438960
31504668
30452022
30450377
30397937
38083893
43785007
44276563
29357039
30532420
30494560
31568114
30479552
30551615
30473388
40520025
43791952
23915913
30479328
47269654
30412599
32411502
30459889
30490124
35642966
43717247
43791556
38676625
23984539
32034252
30463335
30400466
32384025
30358792
30371250
35698072
43797669
43921096
22050866
30485164
30705989
30420926
31300157
30405351
31079646
31053610
42413136
43801872
37690851
33353429
33414041
30446513
31169917
31379866
30441329
31376335
42487564
43812813
24539092
30441113
30407460
31949310
32111860
30484484
30482236
36110827
62223800
24882391
30416058
30429771
30480828
32356860
30394051
30401662
34998317
43749436
27486285
30424909
30420188
31069825
30444008
30450102
30424908
38839316
25188009
30455333
30413261
30459399
32010743
30436668
30437010
35938470
25745514
30377105
30411376
41342591
30465284
30417275
30513433
20805007
46729306
30588886
30522715
30513087
30569450
30537846
18852536
30610570
30571762
30544979
30575853
30527228
32429370
21816169
30550274
30596770
30619503
30604782
30601137
30535935
24724035
30572340
30613991
30574851
30574529
30543495
22323602
30666144
30638995
30660775
30659215
30638741
30648073
30770491
27250380
30703443
30634561
30605651
30614080
30641665
38616608
25341373
30662288
30762659
30683633
30638273
30765415
30658499
27054137
30657267
30578809
33262988
30593331
30637753
21514553
30644431
30599522
30708223
30674724
30663662
18691263
30626613
30610231
30648849
30636486
30706562
30622308
30699424
23982787
30559487
30609204
30601300
30678518
30650865
30581454
30479178
39856593
24788679
30771242
30559475
30584263
30621844
30730766
30674455
30648193
39892234
30481968
30612773
30623955
30586247
30796785
30601559
30626858
57941814
27338563
30609617
30607310
30622466
30590724
30625873
30601984
31029784
31019940
30630690
30574126
30606718
30643378
30620387
30628782
24984181
30783286
30609604
30587472
30605084
30585911
30558594
37106323
30652008
31295354
30634843
30633940
30738310
30627483
25896447
30744102
30574849
43913695
30583268
30611709
22057958
31458446
30596099
30606446
30769873
30593593
30606512
29535041
30627604
30658949
30641034
30623912
30647324
30586018
30595803
30622885
30595542
30641344
23667137
30551795
30633268
32176268
30626027
30543515
29464696
30654435
32511008
30650520
30583171
26763961
30665793
30584874
30544430
30618568
27179377
30585722
30608829
30667428
21601508
30630637
30614929
30602477
30610790
30601686
24379766
30623273
30620172
30572962
30561240
30585799
30634720
25344729
30609879
30589318
46237592
30621290
30605242
30595032
30635486
24168359
30731847
30603380
30592387
30559890
30662811
30584472
30734938
34776701
24387872
30535748
30631973
30562884
30745187
30645978
31228155
30575252
34987998
23077740
30767899
30601126
30629299
30559495
30631934
30633684
30574872
35362058
27468326
30690872
30624133
30606175
30584486
30617670
30608746
31254477
40137108
42769444
24877332
30661482
30625434
31307022
30624148
30654889
30719824
30639279
37018631
42753876
43631943
29454706
30783408
30640651
30618950
30566442
30579471
30628140
30449493
42165684
42603361
26786013
30656164
30646620
30566859
30606395
30631638
30610281
30590044
39447840
22980695
30608750
30607991
30618318
30709119
30672563
30563246
31502857
32137643
43185741
28405468
30632201
30639662
30620442
30620647
30578478
31177273
30672646
22122830
30641031
30513784
30551997
30341325
30400779
30791651
30598004
31788624
26301335
30573740
30535590
30614615
30596843
30668006
30609926
30578432
27923798
32322260
30409867
30503995
30414178
30526501
30500197
22138995
30471359
30475125
30360498
30460155
30450576
30454246
30461411
26480346
30446353
30425828
30400984
30441821
30464355
30442594
26722678
30483834
30506644
30480335
30435275
30486006
22628974
30466285
30452009
30375133
30399618
30538132
30441789
30519714
22561088
30409135
30410433
30493735
30494015
30460202
30452496
30497262
32108174
43235869
24866836
30402466
30393969
30479153
30447786
30344760
30203520
30199948
33960694
39164390
27544313
30485662
30425624
30575612
30513729
30696431
30464721
30396582
39052547
24494843
30465269
30393220
30448993
30490468
30589822
30449373
30460822
35502057
25231380
30434077
30483312
30482655
30466315
30419125
30511052
30451601
22132871
30480885
30470560
30493577
30412637
32088510
30469799
30648179
31042780
29487528
30517171
30450075
30409435
30467095
30372002
30498757
23516301
30498560
30475523
30366459
30403551
30464500
30412420
30447936
27450812
30500204
30415088
30472142
30430209
30415005
30418955
27240777
30460968
30477794
30455555
30381675
30371211
22879411
30603881
31562899
30593582
30636156
30601582
30613402
30650107
22782737
30651071
30595124
30605267
30641853
30637904
30623539
30589181
30892706
43492674
24021019
30601502
30629889
30623404
30596897
30634959
30588780
30555940
34762212
42464351
43611058
32711656
33634861
32622528
30616845
30575697
30629257
30642864
30580815
36148549
42805061
22338223
30617107
30629018
30723260
30699473
30615966
30642926
30664700
32489907
43088723
23598365
30597375
30596411
30705338
30573256
30582899
30622048
30610852
33986588
43050866
27859365
30649213
30640215
30611358
30630211
32189556
30662915
30679213
40707254
42746477
23407386
30634785
30580271
30584126
30712584
30635977
30584168
30720990
33607549
42970337
24229208
30589111
30608021
30656062
30606815
30595615
30498886
30658014
32125981
43233650
24645358
30711026
30606547
30624562
30610598
30608910
30638306
30586895
35809806
33117247
34775544
34856852
30623761
30593262
30642833
30707715
30689562
41328591
42978746
42924241
27407877
30658291
30657191
30671104
32678056
30783231
30639477
30630679
39845590
42832971
28964694
30604544
30662519
30616491
31399620
30653680
30638984
30687955
41627039
24583985
30579454
30621712
30594738
30608906
30589311
30544839
30610573
35760821
24393456
30568180
30617771
30537768
30657544
30607633
30589928
31463299
35537054
27283126
30558728
30622766
30601451
30614224
30674491
30706159
30630617
25365169
30589980
30668966
30620593
30686058
30645835
30562739
30559813
27012095
30586289
30709207
30601389
30584761
30589915
30609045
30572380
39392963
23889390
30540493
30626748
30583779
30605229
30575235
30581144
30632337
34771117
42631610
25068361
30575860
30683937
30615166
30603683
30639732
30653681
30609121
36076870
42913781
25665187
30695904
30600722
30659328
30596786
30606600
30684557
30615235
37376250
23091502
30610048
30626995
30843570
30650635
30749233
30621719
58959711
33113544
24053372
30656477
30576715
30586925
30596501
30644913
30652417
30657770
50508421
25660166
30497412
30458968
30483071
30402627
30527620
30467944
30478378
26610238
30475867
30490782
30458640
30473224
30453309
30444731
30454777
25969951
30468735
30461923
30508629
30453631
30430079
30472309
23703232
30502760
30489410
30463560
30492418
30382563
30386136
23696570
30333330
30455884
30443866
30449682
30395597
30402408
24869868
30393198
30396795
30418066
30523199
30426386
30430749
27174124
30418669
30440050
30941847
30423367
30495615
30420817
21896442
30446447
30471367
30314263
30419320
30416191
30620025
30454022
30849806
43785239
26475605
30450626
30525306
30478215
30327351
30446654
30297731
31271208
38502935
42948447
43882563
25058386
30511932
30369206
30441082
30377966
30433675
30393337
30331699
36150765
43164406
43855581
26974981
30569633
30402286
30329575
30438427
30114667
29072103
29109021
36676936
43174357
25643654
46624780
30459531
30496242
30437075
30369634
30516466
30466693
37440804
42817072
28657775
30430717
30347767
30408251
30435228
31052905
30481732
30522373
41461897
25706960
30444273
30368157
30383209
30425340
30418366
30370286
30439088
37953137
42263551
30415013
30400615
30356293
30562349
30431266
30385379
30397404
24086398
30490373
30390732
30426928
30426989
30390548
30492150
30403628
24620618
30453731
31206488
30471690
30453226
30401025
30487882
30383222
25889035
30427475
30591867
30430704
30424577
30430601
30473964
25181178
30413253
30409226
30425900
30398722
30418111
30463126
23810012
46750279
30587819
30609486
30571599
30281189
30141520
25880091
30696039
30521695
30578091
30486764
30469034
23960523
30522767
30559519
30616290
30510335
30539628
23821598
30555744
30539402
30545137
30490742
30623424
24817368
30472346
30464237
30511973
30559837
30507193
30531815
23973639
30514480
30386467
30550680
30562415
30510003
30528793
30507122
34543769
29466266
30566929
30485295
30506375
30504975
30608709
30496769
30608708
42578949
42591381
27751408
30559011
30541529
30561448
30484169
31402166
30514282
30572467
40612345
23708324
30538408
30516810
30485309
30479478
30484507
30584974
30508375
33754418
22865862
30488451
30507717
30559235
30516417
30547847
30516340
30538318
32047330
24483590
46821647
30605784
44271380
30650411
30558831
30653424
30595555
21910216
30647621
30643840
30536171
30590615
30606913
30634117
30664613
23539323
30662793
30618127
30590021
30672195
30631521
30590884
30583359
31502935
43505687
24840663
46672469
30360122
30384311
30446976
30385193
30397812
30462220
36415172
24509027
30379502
30400407
30385786
30423360
31295641
30450718
30376953
35470606
42887277
25663469
30470838
30428833
30386631
30404109
30405011
30419447
32220281
37754201
42972488
27501163
30450813
30378326
30483997
30580599
30479759
30502882
30474993
40269571
24824923
30394419
30473584
30482810
30437560
30454964
30411646
30395681
36569986
25569898
30419380
30441729
30557907
30376246
30437298
30450317
30361190
22583015
30480633
30467955
30430687
30341901
30447647
30464593
30433226
22604964
30412980
30415297
30553837
30429701
30433124
30364924
30421704
24672328
30361271
30344549
30553084
30498061
30422935
30439511
30448635
29178492
30426940
30514802
30590966
30411655
30622908
30452959
28324312
30451199
30411236
30409037
30450607
30402580
22444993
30487497
30422910
30427837
30427296
30386733
30470017
30483282
23153586
30443411
30409003
30466741
30452968
30422420
30414137
30428846
31581186
43668286
24223889
30418244
30455727
30509663
30452201
30437864
30411627
30398498
35152426
42879594
43899282
23713096
30416025
30388229
30427968
30341194
30484061
30424984
30367447
34330146
42690848
43856834
26862187
30388852
30405937
30351902
30480551
30431006
30318038
30350725
39466143
42996345
26668175
30397395
30451244
30447122
30405586
30416858
30421062
30399266
38864472
22205564
30411017
30401572
30410776
30477101
30434088
30397270
30381426
32234123
43464905
29974338
30457642
30416265
30387195
30314751
30409228
30498793
30531933
23258567
30419415
31821341
30436041
30399757
30455759
30434473
30421120
33741282
29284398
30537159
30445375
30406100
30388336
30415338
30470249
32073941
29985144
30449156
30442480
30380271
30476577
30361653
30454198
24538793
31092472
30403368
30401795
30418824
30570900
34809259
23495587
30553035
30425453
30484186
30370689
30381384
30386800
24161075
30407644
30567053
30470793
30352461
30419895
30468748
26044513
30461513
30480872
30548741
30424050
30424471
24135546
46900353
30590891
30834613
30551062
30652835
23836080
30595809
30584168
30616066
30587753
30615084
25209651
30571439
30615344
30528541
30641579
30569486
30622040
25963570
30637330
30568204
30580701
30580306
30645200
30588875
30589394
24072821
30565342
30578457
30587066
30630829
30527622
30541393
30641464
34742379
42629868
24706039
30536199
30573106
30576369
30589661
30549344
30589138
30577686
36445974
42992799
25129056
30599713
30614106
30556621
30588431
30608799
30546900
30592048
36632641
42881088
25311764
30529695
31163204
30555500
30527146
30559395
30532022
30563677
37038098
22489942
30523160
30535106
30530829
30544730
30574862
30494750
30476211
31411208
43481565
42685881
43032366
26139642
30690813
30564584
30529468
30464123
30536480
30503964
31238275
38104221
43102568
43509621
27109784
30538873
30603835
30470115
30490775
30463073
30638890
30486984
39541474
42943324
25330074
30508597
30517737
30508204
30470945
30519127
30524975
30520407
35641157
42716059
25139481
30589055
30538907
30521430
30484917
30546933
30518449
30610469
36778756
23204505
30525535
30615795
30453876
60064692
30718861
30521863
30590826
32303107
22886924
30542668
30560837
30564908
30528668
30484188
30575760
30521207
32491345
25398807
30628984
30657482
30669855
30585195
30585848
30615491
30586016
24380050
30585826
30566920
30562077
30595417
30646913
30553782
30627182
25530131
30820041
30618887
30598453
30647014
30576838
30574188
22775944
30605559
30601233
30585622
32588852
30717034
30660697
23208892
30613388
30619566
30576906
30570164
30550844
30731664
23594608
30587604
30626844
30551119
30577329
30616318
30598442
30616977
22294727
30576362
30614362
30671568
30628497
30613752
30676199
30587633
31955706
43369795
23694393
30598698
30624190
30613413
30489500
30565900
30608012
30626893
34359286
42833023
43077695
23859953
30545910
30610117
30625100
30650751
30545726
30556020
30624275
32380183
43269023
42717659
25407451
30579664
30657617
30659195
30646188
30568567
30531924
30531811
36128698
42925543
23858645
30621419
30603051
30640677
30629528
30614495
30656560
30782442
34478497
42556686
25769206
30669473
30598378
30617633
30653163
30703575
30641007
30673819
37797038
24332574
30613788
30605322
30606928
30661077
30669348
30560984
30604013
35324742
25399614
30638564
30677546
30677542
30585973
30641161
30592022
30558686
23654325
30578324
30649113
30599904
30672751
30503173
30577451
30587033
22648037
30658929
30590944
30576997
30554946
30580604
30626968
30588717
24967140
30696830
30604399
30550059
30601590
30590531
30649524
30576226
36744674
24023159
30592378
30532434
30637767
30607491
30588704
30648331
30682818
34704084
42529383
43653754
24128948
30603638
30682764
30632524
30609986
30623812
30581444
30614439
34499066
42606340
43370170
27315222
30676962
30556000
30601231
30682378
30682904
30684586
30656197
39890738
42877650
27365739
30632006
30674779
31506097
30643187
30683488
30631241
30624898
39886192
23359166
30635233
30670530
30618459
30727252
30680077
30660672
30632033
34353895
22408797
30649372
30632413
30724001
30614333
30710429
30687937
30734391
32606747
24688948
30662018
30673159
30633817
30627438
30654486
30593136
30644477
23222226
30637010
30667015
30626762
30711124
30608550
30626533
30670123
23468315
30740736
31362650
30702481
30647164
30599231
30689011
30722393
26410202
30636367
30617414
30677207
30809148
30615283
30679737
25026041
30635844
30692182
30684806
30700893
30895984
30611454
25691656
30831893
30672568
30722562
31210808
30646315
23371052
30588252
30638378
30738541
30657002
30658834
30693508
27532449
30644723
30674910
30654261
30699653
30648867
27023522
30684875
30634169
30632303
30657321
21252834
30869315
30658169
30663992
30600459
30672149
25027656
30681201
30678699
30789695
30628808
30663804
30675286
29973219
30611542
30651789
30651984
30626023
30622493
30715526
21752067
30679621
30647340
30772283
30646513
30685586
30639386
30642315
31481461
43476337
26274480
30654607
30632097
30674991
30646208
30641067
30682137
30624201
37193539
25216918
30637891
30658328
30684360
30608357
30576517
30595144
30627088
36752980
29367807
30712997
30807477
30686379
30990359
30669705
30665499
30710028
26498855
30680064
30638460
30617972
30668544
30686237
30626212
30665846
27504272
30691847
30640861
30533533
30622578
30915666
30676304
30661934
40256002
24739509
30636261
30728766
30639466
30803021
30612552
30673892
30643770
35672412
42623449
26745135
30659641
30725600
30623698
30689051
30665977
30707519
30581751
39779596
25736747
31231721
30617039
30672163
30680595
30679615
30670253
30639733
37752104
27700204
30697522
30644942
30689629
30658130
30708800
31538448
31354163
25262385
30625156
30664557
30681415
30689465
30662048
30677783
31287378
36492372
42884456
24812583
30637078
30687315
30614222
30802605
30662509
30701344
30632824
36203921
42921356
43456892
24587275
30593991
30640053
30665092
30696669
30628217
30675392
30643982
35588955
42614263
43362150
28367559
30688981
30731532
30760490
30683026
30620409
30691767
30742031
41236205
42818310
27548743
30768801
30656900
53605686
30680229
30616959
30666650
30684802
40023944
23396234
30606553
30663048
30688793
30625634
30670495
30621487
30696187
33765228
23324853
32098859
30648950
30682607
30650970
30805854
30689066
30690916
32226763
25215046
30660125
30656133
30658057
30633506
30664173
30709275
30705070
25120469
30664299
30702033
30696066
30683371
30709819
30678890
30824995
22450771
30657017
30657163
30699504
30652755
30666246
30668104
30787697
25305491
30719971
30610561
30694029
30670849
30595227
30652378
30631861
36903587
25172208
30658676
30700620
30679451
30653410
30606744
30621408
30632079
36218894
27140418
30679971
30653657
30818395
30623144
30322909
30373444
29377973
23958272
29336160
29352076
29374646
29319718
30661577
30638424
30700766
25865582
30686708
30684666
30703855
30738755
30665369
30701719
22859893
30767357
30643130
30659808
30694470
30645110
30735630
30655930
28807661
30651632
30659168
30633157
30620416
30651955
22221518
30628346
30650955
30682775
30628810
30667274
30675075
24849195
30651745
31527868
30892895
30614262
30623364
30591370
30656311
25521863
30677395
30699752
30646988
30772457
30658026
31480430
22912155
30588968
30875135
30653072
31268377
30585218
30671957
30591988
31503086
23394653
30615186
30747612
30663269
30724533
30658148
30727293
30677866
31158759
43252872
23245420
30726188
30663476
30726777
30669268
30647300
30672224
30673822
32908771
43011943
24310726
30744829
30683499
30685395
30675268
30653284
30623242
30622269
34102451
42707552
28118779
30647326
30636066
30641300
30616955
30652697
30640069
30777864
40843014
28742608
30575232
30577166
30325204
30313946
29274957
29487000
29316387
23902886
30826764
30636066
30642815
30615595
30707070
30659290
30635793
22897907
30671315
30661698
30638167
30626190
30629332
30690797
30630617
24216715
30960965
30641344
30649703
30600186
30641040
30697201
30713017
29155923
30611706
30702450
30641851
30785824
30719579
30648084
26819315
30631485
30709511
34238444
30653433
30781237
22747397
30606322
30682678
30702830
30829921
30632375
30922193
25326947
30646187
30679532
30765473
30650922
30645327
23303419
30686949
32700027
30630224
30614806
30236728
30294816
29379948
28939196
30677366
30640949
30654968
30588245
30634439
30668938
26980908
30769026
30623824
30708198
30742969
30704719
21745762
30853737
30683980
30624442
30643406
30600145
30686329
30680466
31029252
28358068
30704780
30715970
30654908
30679084
50615119
30666358
22317574
42485079
30688786
30709708
30617842
30669802
30672697
30719048
32430254
43119766
26984235
30716535
30695655
30623006
30755306
30737677
30658161
30660751
39788734
29438278
30677793
30668718
30608383
31253095
30629011
30607521
30682253
24656501
30689566
30684357
30632303
30669305
30734463
30700299
30631927
24917323
30703834
30718205
30672289
30705333
30654436
30644870
30693415
25622700
30725346
30719842
30680648
30683826
30640929
30676395
24405859
30649051
30751395
30691668
30702088
30708091
30769540
23110911
30672826
30707119
30675571
30642615
30666593
30639578
24796338
30654645
30630821
30701562
30684326
30730362
30651408
30769600
24170668
30665328
30724575
30668955
30689175
30619020
30591455
30604551
27149891
30674795
30747681
30677673
30803835
30646253
30661362
24604604
30792933
30661437
30583393
30682968
30466721
29337580
24491101
30683990
30754624
30710522
30665132
30642530
30596343
26484645
30644004
30685769
30695280
30678055
30657209
23634177
30631379
30641358
30679778
30665730
30695227
30980285
30579328
25862068
30743484
30675755
30670506
31643483
30614915
30719215
30653506
37762593
24566077
30771464
30568349
30341802
30613172
30635359
30633999
30664140
35613813
26114796
30740238
30640793
30674202
30635359
30745220
30693711
30607371
23895717
30641738
30740932
30671355
30634429
30600989
30635626
30702495
23520215
30641318
30755040
30606504
30626795
30711128
30644058
30679924
25793993
30666706
30673548
30689311
30646335
30643848
30727573
30656261
37517400
24973507
30687459
30662328
30701537
30677489
30693386
30654849
30745105
35847717
22572049
30702530
30688282
30706613
30725059
30688995
30644999
30712034
32467294
43729520
26866687
30625098
30662183
36818454
30712609
30628825
30675968
30714052
39738375
29120122
30490691
30513597
30525744
30466897
31145870
30525004
30541199
24127482
30502087
30605371
30490617
39586734
30552439
30511542
31134195
24788079
30499429
30481872
30523462
30531203
30614175
30473931
30518017
25512711
30499850
30478148
30430519
30206204
44913849
29171549
22388707
29176770
29165459
29192237
29094171
30598821
30523069
23572178
30531343
30527158
30532242
30614655
32501747
30505540
24737861
30500412
30488284
30612046
30608424
30534424
22669837
30461878
30561874
30504044
30504467
30450438
30516740
30500399
24046922
30480870
30500407
30491173
32052670
30538194
30491789
30509027
35401847
22891364
30499343
30461606
30548531
30508257
30444013
30501773
30501623
31987945
43326171
42875575
25948165
30524107
30548011
30586679
30524630
30496594
30467612
30470159
35943116
42762513
24899300
30557305
30489528
30529774
30636271
30535046
30558038
30507853
36679397
42641986
25868994
30482673
30471310
30478204
30459422
30487160
30501995
30505693
37933042
24463320
30533613
30443224
30556854
30457341
30542895
33231724
30514070
35584781
25838980
30478766
30497499
30408382
30481322
30524577
30439502
30470468
30950676
34672994
34743939
30566953
30479426
30499647
30553953
30672798
23310508
46588713
30456351
30514415
30484043
30478781
30460429
30500333
25347943
30502864
30463465
30460393
30509082
30456153
30379745
30437610
37203045
24497576
30471811
30594566
30509265
30421524
30492938
30499021
30462317
35378790
42885735
23535711
30424699
30466983
30417201
30440482
30537809
30455703
30459793
33459711
43192192
43147701
23275018
30469232
30492579
30434682
30489381
30474565
30574364
30494180
33391299
43189169
43108709
28411851
30463495
30510006
30530502
30421486
30420732
30424980
30436276
39128705
43012885
26666075
30614491
30481046
30453182
30429204
30479797
30440935
30445977
39047102
23261081
30449330
30493599
30612333
30503419
30464963
30449738
30488455
33080013
22513112
30439198
30605151
30439064
30448979
30426427
30429455
30497868
31864786
25729912
30502182
30478486
30442607
30423547
31015436
30459446
30493377
22862020
30447746
30410498
30468412
30621813
30478142
30359215
30378985
23146508
30425977
30467419
30471629
30475584
32539241
30472718
30444617
33464389
43247681
26784740
30475589
30482479
30457578
30446644
30412915
30477895
30456062
39656072
26469378
30452800
30471718
30520820
30501011
30529188
30495906
30452782
21984913
30501607
30620500
30539504
30460902
30507865
31869809
30454239
31734350
43549028
42900368
26504236
30419913
30486095
30448802
31375701
30484823
30490971
30500017
39098473
43020065
27830836
30551302
30519993
30491589
30451582
30484186
30415451
30541006
40745000
25518907
30499586
30485459
30424662
30420798
30518513
30420413
30467766
35846143
24795364
30485082
30463217
30577382
30537744
30527961
30469378
30501643
36047848
28937983
30450417
30448540
30522842
30454966
30399981
30486511
30548682
26514140
30465653
30519102
30469493
30420162
30472189
30436457
30487190
29476965
30494633
30540126
30468430
30471424
30516775
30606344
24993387
30418300
30544751
30501102
30407906
30462802
30486924
24828087
30473251
30503622
30508273
30492867
30486176
30487375
25570538
30588740
30525853
30517240
30480511
30456262
24432112
30509010
30496040
30662882
30571115
30462741
30523464
29205269
30512509
30482882
30469528
30505835
30460204
30441586
30528124
30503927
30452681
30442274
24091415
30477562
30514169
30522020
30439733
30503384
29429678
30491864
30497657
30497966
30522377
26945601
30471950
30493387
30639424
30482893
27277741
30530622
30537806
30485317
31087061
30455204
28786391
30472453
30478920
30508057
30532877
31063453
34617817
34659833
30535020
30437398
30527963
30424328
24035839
30971371
30478922
30546662
30493064
30478746
30511235
30474106
22440717
30484648
30475384
30581104
30514147
30536673
30481018
30494798
33659258
22531888
32491504
30667851
30453606
30507913
30510062
30479997
30549102
32822798
24187564
30533235
30492197
30132422
30533060
30558828
30525875
30443758
31656639
43561654
43075310
23189453
30569123
30601912
30653102
30617844
30523744
30542046
30536031
33126257
43240172
42676154
24808687
31218115
30563058
30583115
30549835
30552126
30713666
30567112
34350533
42680108
43740007
29356440
30602956
30566458
30504048
30569137
30581584
30628609
30586299
42291586
22291763
30529557
30570141
30603255
30611139
30526135
30577366
30572653
31000233
43620394
25603878
30558846
30574324
30582785
30559922
30558744
30568852
30584208
37385222
26175019
30584982
30584395
30601146
30603338
30580073
30557080
30574855
39180079
30571386
30713518
30789118
30661774
30628610
30644577
30632289
30703039
27375577
30684483
30658291
30647084
30624250
30618069
30689102
30693743
30343346
30663023
30667437
30594086
30368529
30301306
29274532
23989810
29308571
30775542
30795380
30717004
30640198
30660378
24505930
30670189
30713489
30689506
30662482
30658984
30689070
40524626
30651039
30714931
30697420
32194982
30745235
22983580
30747904
30737911
30687133
30724532
30720049
30654659
28887605
30618846
30709915
30680030
30658095
30652138
31797824
32162580
30719412
30673036
30623218
24494923
30583146
30637833
30622330
31259444
30863879
28069315
30654073
30655285
30657647
30712410
26283703
30666802
30581391
30659108
30692610
30671933
25074623
30637106
30629153
30609993
30670495
30655862
30630062
31736901
30496326
30630335
30618953
30612984
30652257
30657019
30685168
28127483
30697186
30666457
30679457
30689368
30964843
23132326
30626601
30665622
30699293
30936664
30644004
30648433
25544398
30602202
30698797
30655550
30652435
30648709
23954125
30624424
30636264
30731611
30697816
30664779
30727086
30669145
29072108
30641189
30662572
30674809
30638989
30672969
30631484
30670926
41687973
30134520
30686097
30676586
30666286
30612271
30634253
30626889
30785086
24716830
30648219
30662971
30664073
30645228
30703600
30744586
30699827
24020233
30709902
30664174
30668537
30639750
30839548
30747793
30576764
24974176
30789619
30645750
30671815
30682327
30676304
30622759
30691233
36613637
23550224
30598799
30661015
30618000
30670270
30636202
30887845
30829861
33516894
24290971
30678124
30722548
30575683
30624315
30588055
30660798
30756533
34472331
27455335
30674775
30643406
30618509
30594533
30662517
30596460
30858077
26816990
30712036
30607719
30623438
30564012
30622121
30645882
22075629
30595924
#end
