#729a2951|blade-3-m620|jdom@54ed0cc8b7e8deffd5e088305ca7723dc0bd963c:org.jdom2.Verifier#checkCharacterData(String)[generators@bcfe6d43107430b2604e2e34b9151742941652e0:cz.cuni.mff.spl.casestudy.generators.ParseFileGenerator('MQ==')]()
#date=May 5, 2015 10:17:06 PM
#warmup=1
#count=3867
#begin
22892591
56582613
24258883
31708110
30543693
25634771
31397151
30602342
25183263
31426077
30637971
32040048
30739032
30598687
24952467
31396188
30791464
31996234
30652226
30605415
25084636
46184097
45063768
52296851
52788293
32278741
30565379
30588797
30873235
30637015
30601935
30620244
24782498
30906066
30600841
30597837
30611852
30637781
30557635
30666908
30693042
30640326
30603117
30690229
24898562
30608561
30572416
31614703
31641537
32663283
30637108
30603735
30628194
30659840
30605404
30585893
30800317
30886885
30602664
30580307
30017286
30621695
31581572
30602682
30618557
30580513
30561780
30577855
30651361
30617746
30572199
30691160
30625488
30823211
30573026
23059239
30585491
30563267
30568821
33091045
30625837
39127578
54512012
30543230
30599049
30549960
30599550
30614158
30637840
30638111
23443784
30560577
31554154
30648029
30530780
30603410
30626935
30781630
30638071
30628289
30610764
30601343
30652404
30622448
21599342
30617718
30483698
30633797
30631407
30629989
38859742
30535335
30566001
30596368
30725835
30638070
30552432
30582435
25816291
30584877
30795619
30599855
30595322
30622206
30577568
30585804
30580647
30620899
30622298
30946886
30976437
26701804
30819815
30689720
30565997
30611818
30598355
32083137
30556797
30570037
30623020
30661015
31937006
23718193
30638804
30631706
32007688
30526312
30552804
30477597
46383804
30599363
30561195
30583748
30569975
26974206
30578317
30780982
30526398
30614860
30555259
30654135
30690304
30617588
30638720
30635074
25426052
30603757
30614320
30701115
30674558
30627450
30590913
30598438
30593784
30792686
18996706
31374797
31383344
30414135
60557408
30499864
30474566
30465168
30467222
30443438
30510313
29369218
30445439
30506733
30437170
30449673
30461379
30423273
30513671
30418482
21356298
30490109
30404898
30467360
30474863
30525228
30394668
30480729
30445940
18999480
30421620
31322019
30454755
30408206
30419036
30934572
30411373
30396979
22808545
30479913
30401688
30542778
30392659
30374662
30410267
30402180
30400182
28502539
30466177
30465559
30398835
30423540
30427633
30468409
30485326
28410755
30384917
30427297
30415848
30399386
30695239
30423649
21200896
30310505
30339568
30110002
29056478
29123346
30351555
30487267
29942597
30397542
30423348
30442524
30407964
30444893
18156534
30437622
30400442
30835117
30449009
30606767
30408093
22202168
30336953
30401028
30563250
30395574
30432270
30399182
30422443
30383971
25718545
30408160
30378181
41184143
30446001
30405577
30457354
30405497
23985263
31306956
30433288
30387551
30384099
30396590
29120503
29163473
30410438
30381677
30738610
26109705
30453802
30438884
30426202
30495692
30459395
30437573
30478421
30462042
30449901
30517755
30448233
30458886
22039634
30506028
30432918
30473389
30352919
30435844
30424441
30392001
30470875
30401406
30447737
30510345
30473442
24204722
30446428
30458675
30487092
30434446
30477446
30425720
30382695
30440183
30466822
30513121
30461320
22851766
30433627
30496371
30473999
30435136
30490509
30469799
30462124
30401644
30449371
30456651
30425968
26867408
30493993
30439373
30502482
31701728
30460164
30524337
30513786
30466128
30478169
30411989
26341447
30399771
30477387
30508337
30495949
30470581
30522936
30488382
30424693
30477679
21180643
30434166
30533179
30454944
30487853
30488977
30503444
30450360
42601944
30430653
20746448
30522053
30413068
30509288
30428026
30346772
30400762
30481560
30379709
30403960
24649661
29148188
29246103
29191823
29183827
29176400
29230138
29092789
30531818
23461237
30468131
30444930
30474095
30501457
30428779
30416148
30469749
30477233
28184676
30481122
30470864
30399952
30492411
30468978
30403495
30450886
23107442
30503408
30585322
30456860
30502815
30415287
30472360
30439335
23631701
39224356
30463916
30424064
30484820
30434913
30590144
30437571
29889244
30466937
30473322
30512984
30460915
32529868
30398334
25889406
30515004
30595602
30427357
33145400
30428999
30454979
26876069
30466127
30448545
30516290
30421357
30563853
21048672
30471333
30460802
30452495
30478073
30577093
30456297
29493893
30585013
30414048
30427606
30431475
30520730
29313940
30464822
30479317
30445116
30520271
20593921
30443102
30437309
30366493
30485731
30604597
25260681
30561388
30467598
30446679
30415673
30446417
18331913
30611904
30523935
30439942
30415931
30460473
30548737
30423291
30475755
30226620
30507737
30438160
30512372
30550704
30708384
30492082
30452516
30574702
21010054
30553201
30514339
30452247
30409473
30486061
30437877
30402013
30463612
30454279
29682281
30428147
30512765
30418572
30390953
30523040
30418775
30436171
19421787
30466693
30486300
31290763
30406573
30450716
30446182
30420879
31010313
24883553
30422773
30440193
30492404
30469071
30418009
30455331
30461769
23978461
30366588
30499137
30468680
30586335
30510615
30520884
30478186
30465095
31100204
28590135
30461037
30544568
30452564
30482131
30459469
51697046
30472412
30418390
25127536
30604895
30462286
30384410
30464279
30436944
30644517
30460771
30421980
27777933
30440555
30405797
30408281
30432286
30586243
30473108
30501599
23050524
46433512
30453301
30427586
30420760
30450877
30379303
30441253
23036233
30467986
30420677
30404277
30404056
30416675
30427082
30500372
28611205
30393960
30428208
30388431
30422435
30593013
30461089
23318491
30409909
30452871
30520626
30375160
30452797
30461268
23570939
30494495
30433700
30652025
30423434
30443876
30461238
30399037
20456399
30386208
30453940
30385841
30359684
30415631
30415491
30467144
30449135
30437554
20520789
30384708
30389762
30428892
30371820
30607224
30450018
30397995
30393637
30728117
30506589
30458031
21220959
30486517
30456413
30420262
30429611
30501806
30428079
30408789
30375533
30338723
30334895
30413797
29346573
30423929
30423269
30459193
30479512
30412592
30406099
30354013
30586191
30436050
20045795
30389045
30448317
30334900
30361730
30429931
30389057
30450024
30361126
30412296
30437917
27518237
30486864
30408356
30387920
30444388
30520732
30445951
32414200
30407621
18893679
30457902
30538934
30363498
30484053
30471651
30422680
30460917
30427095
30416089
25714221
30432869
30462469
30388899
30449467
30520456
30973939
30411107
30348809
26390249
30392000
30359175
30395353
30420497
30428994
30431341
30449266
30394629
30575311
19258256
30376741
30392060
30388206
30368907
30425124
30343563
30436344
30472166
30396572
30418037
27941681
30431198
30391435
30371480
30420972
30464873
30386433
30431611
30370484
20085035
30331364
30453004
30395761
30424037
30451191
30409257
30426875
30406035
30425366
27704141
30437733
30599872
30430726
30370405
30463329
30401568
30556366
18051989
30339337
30459115
30383647
30371789
30387635
30420382
30448839
30443743
23967595
30399517
30440344
30352113
30395878
30451913
30582987
30394544
30390008
30365191
22855679
30532615
30390243
30443353
30433426
30472635
30369466
30447691
30396559
30455636
26368257
30554860
30562003
30617629
30608140
30574608
30578505
30609445
30546035
23853137
30570877
30560755
30582593
30654533
30551267
30541993
30582762
30572554
26177640
30570180
30552500
30605764
30654009
30551258
30604412
30552090
22269311
30544339
30545100
30560428
30553433
30610765
30650650
30591202
22227151
30549128
30559772
30566237
30569177
30596877
30584144
30702648
25902398
32517473
30620363
30499320
30556540
30585159
31516930
30590053
30524284
23842957
30677045
30566153
30518317
30559293
30611629
30678655
30622201
30516002
30531395
20634253
30550005
30559411
30520424
30633258
30614422
30508125
30553164
30633849
30585028
30583093
20718866
30717238
30529620
30549311
30560652
30593378
30657350
30554980
30576582
30525411
30522693
20699224
30441040
30552904
30399633
30494704
30507469
30497324
30527082
30384900
30447454
30429709
30350736
30427569
18085884
30431935
30407959
29101527
30190153
30524235
30375671
30444164
30466078
30488431
30442466
30476268
30521611
23508973
30389000
30477106
30407770
30347793
30407966
30447876
30435133
30440047
30376539
30406373
30457055
22939471
31480301
31467930
30562620
30766128
30578453
30546200
30553864
30599464
30731468
30583144
18479596
30545633
30575175
30544281
30585737
30571440
30545088
30528564
30592412
30560384
30601878
20174395
30639160
30658136
30693855
30581342
30599555
30579617
30625014
30680478
30584520
30551430
26261720
46638963
30411859
30421573
30490566
30385431
30555821
30373964
30488392
30495788
28168041
30442624
30484257
30435795
30632951
30459962
30412917
30481686
30405280
24279122
32704104
30490162
30546509
30545622
30534840
30518278
30550795
30478604
23260404
30503104
30558549
30541391
30536764
30562032
30532520
30707449
30566481
27761794
30571898
30529553
30650487
30523744
30566057
30565506
30575039
25521743
30534682
30537315
30603717
30543349
30675184
30528184
30493300
28021267
30545646
30487646
30485795
30514100
30596342
30556687
22932591
30583308
30498080
30621724
30470433
30629010
30528529
21408481
30444698
30526386
30572959
30572648
30558790
30537778
23427957
46824743
30604768
30652097
30628717
30632252
30565102
30449171
30630575
30663541
30635815
30559135
31502041
26500078
30608777
30595465
30623113
30640214
30771813
27389524
30594826
30676328
30667713
30699336
20523757
30629993
30669811
30665935
30731928
30615039
26406004
30669846
30598531
30544286
30668857
30682093
21625019
30559567
30526985
30525686
29230451
29291451
18646940
29286045
30408428
30668526
30613213
30642917
30586815
30605526
24503106
30628023
30569695
30578915
30593989
30665666
30635100
30605217
30608540
25412120
30591740
30636137
30631537
30623667
30788248
30627388
30607735
30596799
30663331
30600122
29341987
30556810
30594530
30601897
31222846
30591142
30669702
30612639
30627952
30590169
25574049
30628819
30524953
30593917
30631427
30579295
30646800
30642693
30728013
30603796
29511791
30608166
30693619
30555791
30642904
30638130
30580691
30557611
30612583
24875036
30586755
30553035
30644142
30667701
30626288
30627041
30633173
30624560
26233576
30608886
30543447
30604706
30652499
30609599
30604131
30640664
21601234
30645159
30588199
30563453
30664841
30642966
30696404
30582882
20743535
30624337
30618004
30615931
30644286
30653908
30629494
30581382
23413246
30586160
30596981
30597210
30579534
30584588
30662584
19971896
30636835
30653864
30669577
30617273
30597121
30598384
19746959
30578659
30774191
30628860
30605744
30635315
30628822
30515202
30650024
25442946
30746880
30603633
30568980
30588409
30657745
30721544
30611306
30616851
30622246
24035710
30809708
30630760
30734336
30704313
30677660
30739537
30717824
31317594
30597711
28891169
30527077
30614426
30637380
30738220
30681050
30563471
30612000
30605852
25545802
30701397
30704315
30788791
30714404
30677353
30669886
30684204
30738118
29485005
30702160
30670110
30727046
30857403
30693601
30665419
30739710
23923589
30735438
30789749
30702122
30650831
30725055
30787224
30717502
23991121
30647611
30720975
30662369
30761162
30678946
31338790
30689905
29352161
30673580
30705831
30698745
30778353
30681496
30654397
27710166
30696789
30745341
30650584
30712879
30697117
30754300
25498078
30643167
30687973
30648876
30800391
30720184
19286877
30547555
30530564
30693056
30558587
30515817
30543513
25622264
30524382
30551273
30555873
30607235
30543810
30534662
19484035
30586431
30605221
30539357
30582426
30557384
30602322
30592475
30575666
30652761
29908174
30507742
30632186
30573473
30550386
30584901
30567295
30513573
30625504
30581942
25609054
41007753
31228184
30573482
30566189
30611822
30575142
30584841
30550108
30658610
23011124
30535746
30576748
30579168
30597117
30593117
30574619
30613759
30570266
30607496
30590375
30550737
20076458
30557042
30587809
30531170
30557589
30627726
30605328
30573398
30537969
30565096
30597195
30614879
23775922
30516831
32206409
30574602
30622224
30582540
30574738
30614451
30579497
30693607
30613182
20911623
30410153
30464917
30457471
30430733
30387289
30380761
30387615
30503768
30412955
30437074
24122176
30436061
30385397
30427184
30394897
30520584
30393277
30417417
30383402
30422526
22644207
30461027
30414253
30379980
30372449
30597188
30396345
30421179
30380273
30422536
25791106
30401282
30409886
30483442
30415113
30410835
30389639
30412310
30546159
23416165
30411775
30355848
30396860
30416653
30423586
30439266
30485495
30445755
25274923
30428383
30428718
30408144
30472386
30408324
30385706
30432979
21356032
30391580
30464225
30441611
30502015
30510502
30477351
30421019
21515052
30398644
30350602
30413775
30395585
30555478
30419833
30449600
24410304
30375298
30492287
30377042
30452886
30447638
30433181
43074943
30428960
22879607
30561982
30414735
30345373
30462484
30423684
30573249
30384491
30389226
25045196
30456008
30477903
30422710
30639180
30496027
30455198
30571749
21517823
30420402
30385366
30394139
30437133
30362662
30385600
30430717
21833596
30403197
30397529
30429711
30372845
30481804
30429320
30418495
25608955
30363807
30475845
30446367
30392747
30448998
30330738
30413377
30401021
24039443
30466826
30487479
30368646
30436438
30425871
30412296
30393004
30502611
30430693
30385113
24557190
30450744
30411569
30405935
30387557
30441075
30409304
30413878
30395326
30421862
20386807
30378012
30394862
30376488
30406545
30470493
30387035
30392367
30349753
30409351
30396308
30410802
27369651
30389990
30470218
30440167
30465811
31043917
30396087
30411276
30578311
30434486
19077933
30387664
30411662
30540611
30386513
30465002
30386400
30438482
30424484
30408178
30394325
26376777
30446590
30393771
30505828
30435698
30408598
30357431
30373449
30380389
30378224
30234510
30421990
30464606
30372635
30423782
30469551
30396480
30456321
30463023
24773275
30450964
30399882
30387562
30452449
30406392
30405652
30473544
30535892
25742272
30514994
30474149
30422555
30430226
30471246
30416100
30404999
20878799
46444389
30483993
30459558
30460331
30448415
30742713
30499617
19732610
30449351
30423093
30382175
30407837
30447471
30474170
30488287
22604036
30395864
30618851
30485776
30449517
30452777
30445269
30476773
29868202
30396288
30456222
30464711
30451969
30422128
30487559
28612556
30422597
30462530
30433182
30437019
30454026
20353023
30425257
30464539
40740738
30451273
30467926
30461733
25627702
30407053
30471497
30433812
30472368
30442245
24010701
30404723
30478790
30458254
30458995
30436642
30467197
20609203
30457539
30603646
30439852
30406113
30464644
30447491
30404318
30485958
21750543
30485295
30435368
30440008
30476708
30476917
30426088
30451491
30480878
27544544
30523331
30552028
30462508
30466313
30438233
30440113
30398561
26493089
30521149
30525249
30510837
30442919
30457135
41271386
19613064
30429565
30496015
30424462
30456016
30545464
30463004
30460431
26020339
30408213
30434309
30489830
30447080
30460336
30417778
25911935
30425256
30420389
30448306
30473570
30479345
18500224
30448452
30487337
30314906
30444015
30426171
30430362
30434388
30401576
30253963
30454202
30400207
30430448
30387824
30452797
30464782
22690571
30521848
30425373
30448544
30393184
30444737
30450524
30458653
30430497
30518035
30588082
30580710
30533222
30569666
30569193
30481468
30596066
30526891
30554484
30566202
32556789
21718960
30480678
30552322
30510324
30502954
30521781
30530551
29504604
30550042
30487486
30536929
30515417
30575031
27176700
30533893
30518213
30522006
30794988
18383023
30496713
30552576
30486409
30536304
30536277
22986813
30499299
30502888
30433826
30517973
19662435
30550536
30542224
30554956
30555715
30470541
30564618
25921798
30508199
30505564
30460824
30551601
30520960
30637535
19152125
30542955
30502373
30496564
30528307
30517288
30592257
30559032
30539324
30633786
27708839
30541290
30593512
30573437
30518133
30583881
30556333
30535499
30542139
30544308
25255883
30537807
30619386
30487429
30562831
30571975
30541098
30549646
30648238
30502244
23350804
47405953
30502211
30482491
30563884
30556341
30540770
30593181
30580519
30570664
30669864
30500121
21295305
31449385
30534582
30535142
30581897
30553884
30523540
30558526
30556265
30506944
30557177
30522622
24368739
30521922
30501577
30655046
30510151
30557515
30509237
30543486
30642467
30592867
30538585
23430706
30528068
30543433
30526991
30548079
30713636
30504477
30594997
30554583
30518736
30651187
28606754
30521883
30510200
30471533
30742098
30487751
30570541
30594175
30491427
30676402
26607946
30526295
30527917
30541598
30506202
30565071
30521374
30529846
30522561
20635638
30529761
30550279
30530950
30523205
30533047
30540573
30552339
30576373
30554952
46598850
30614549
30676950
30586420
30592171
30894340
30660361
30837009
20956997
30605931
30602050
30574500
30676751
30604891
41802593
30579853
30621648
28029614
30623215
30620330
30629473
30644477
30596941
30516881
30609007
28943987
30664699
30595631
30538322
30625420
30639642
30623631
21593981
30703144
30688517
30850644
30687566
30669913
30714466
18737951
30709504
30668087
30665802
30721301
30742778
30783564
19616024
30634077
30703184
30706762
30688641
30732042
30623642
23502490
30622215
30653710
30698991
30702966
30868375
30649053
30697504
23729761
30678899
30717148
30691947
31365971
30727513
31665107
30700884
29524689
30686846
30745483
30681758
30722173
30700156
30647122
25540765
30701659
30746873
30753506
30687282
30638391
30678532
26433486
30737984
30685376
30673601
30764526
30726079
20398610
30673120
30798044
30658002
30682423
30684719
30693108
27852839
30687291
30671535
30702935
30691279
30841211
27095670
30751123
30693872
30686039
30808201
19148152
30644239
30648060
30700508
30666228
30666459
30646415
20233777
30736390
30702984
30673145
30669242
30706691
30697567
30722124
30624731
27504266
30657030
30677691
30658972
30670695
30725208
30686615
30651733
29616340
30748270
30694685
30818318
30677648
30655242
30698635
22374565
30820646
30795635
30693819
30685217
30697762
30872392
20524641
30675512
30761682
30736001
30651072
30709902
31347961
21509150
30737537
30681940
30746059
30706439
30704640
30683423
25566270
30752310
30650791
30706015
30827026
30740204
22742784
30676239
30723761
30675418
30721582
30756673
22801224
30693677
34037864
30718598
30699806
30674849
25266538
30685134
30741599
30650897
30680188
30719339
30692593
26374808
30437953
30456591
30402524
30383580
30464218
20624691
30455907
30398677
30371388
30390248
30426824
30399755
29049804
30377010
30388802
30361593
30428784
30410304
29073576
30469897
30487401
30562987
30436684
20564901
30476584
30430271
30542597
32419005
30413487
25442891
30488955
30419904
30390539
30455499
23102944
30492113
31650857
30428762
30455540
30449419
20483678
30495057
30453178
31121199
30469998
30458787
30461082
30502893
24463521
30490200
30487738
30536386
30427206
30482216
30469252
30500938
30437291
23774228
30444804
30525838
30416111
30484706
30470327
30448446
30501419
30474523
28558387
30466945
30616537
30408460
30439269
30523817
30460827
30392449
24963554
30438733
30642795
30462664
30461121
30439668
30492508
30479756
26410804
30479364
30475556
30480412
30431657
30448053
30437497
21478854
30459982
30471213
30463162
30425155
30414162
30434456
19574559
30502479
30483857
30452102
31275855
30391069
30367632
22226900
30496813
30469511
30394344
30462748
30471101
30491433
25550445
30422437
30436326
30446171
30482400
30476642
23136216
30459275
30485342
30444639
30479962
30406491
23450450
30475124
30455437
32479214
30425702
30491077
26429599
30530481
30535722
30566593
30463653
21916532
30456004
30449657
30440306
30451722
19525817
30592778
30461582
30452667
30410073
30521941
30617321
27424121
30429148
30438053
30456868
30563973
30456910
31109773
22138998
30464559
30642881
30519513
30484531
30528096
30515604
20761450
30400049
30556095
30427282
30492139
30594959
30507636
30474748
30498475
25812262
30488002
30486933
30472168
30435273
30502618
30412798
30405453
24927184
30506658
30448364
30429929
30451889
30469633
30527411
30467295
29640302
30435285
30464029
30412169
30491786
30479328
30460244
24242163
30530975
30594957
30514021
30546566
30524673
30588031
24114077
30530540
30548454
30559104
30552132
30664835
30530637
30646715
20737890
30536176
30661936
30546917
30537275
30586738
30496708
30666962
30549844
27347861
30544431
30543990
30504194
30549122
30523349
30685680
30515218
28029716
30527426
30539285
30699266
30517964
30551421
30506080
21494029
30670955
30544668
30517409
30497050
30529862
30486042
30478345
30532252
30554431
30548479
30564530
30554417
30544833
19054211
30533747
30512722
30495206
30486405
30534669
30840152
22900341
30551127
30537157
30576185
30538417
30524964
19809146
30619835
30600324
30634070
30634591
31254385
30566609
30580855
23722108
30617251
30615726
30599167
31862210
30655973
30614486
21360720
30584086
30627991
30632361
30649404
30653299
30567771
21956532
30644610
30599608
30546170
30673673
30732031
30651788
30658713
18379349
30599888
30648133
30708852
30620652
30636411
30600068
30615187
30648286
30629441
25275254
30569511
30608424
30582117
30749551
30597396
30558623
30589004
30596135
21860206
30630995
30671171
30644141
30662995
30624582
30579796
30653411
30768302
22587547
30599228
30908770
30603290
30556052
30638899
30618215
30690706
30637024
43844682
30689678
30719708
30702348
30724640
30708072
30638055
30718394
26299119
30728901
30720287
30646048
30663342
30720970
30658186
18322921
46725596
30500872
30641946
30631407
30605407
30616934
31311819
24677140
30797264
30665991
30586917
30664437
30613139
30568797
24028149
30587335
30684395
30614011
30572384
30589544
30630709
26769015
30572135
30661198
30594386
30592800
30877111
22434649
30617867
30652995
30576033
30654511
30672040
20848167
30778155
30565772
30597101
30605622
30610840
30706750
30574342
26972924
30603382
30585239
30733240
30629195
30611584
30554534
26626324
30626666
30614728
30585303
30667521
30651769
18601974
30703853
30615431
30645248
30610754
30585861
30686941
30604106
31238069
30013100
30547515
30684286
30708958
30610058
30658784
30590454
21144096
30607149
30750979
30652581
30647637
30635083
30632555
30585394
28278761
30593369
30550348
30556949
30791867
30604160
30572144
27284788
30599640
30640058
30683598
30619087
30599748
20021630
30623097
30563262
30681092
30781573
30650206
30579353
26003284
34875410
30653573
30664306
30716957
30732958
24720476
30647857
30768288
30662657
30717288
30682798
26092889
46857267
30620161
30742415
30662806
20368843
30629651
30626921
54387583
30634087
30673663
26709240
30612118
30624917
30636898
30602993
25724549
30602373
30611093
30629742
30601749
30934771
23940665
30806666
30579610
30647397
46480183
30682779
30535608
20700373
30643630
30633379
30621491
30572679
30535088
30743854
30567937
30613975
21977673
30505693
30590246
30567634
30457455
30531548
30546009
30563391
30506722
30711622
29927920
30793032
30540558
30572668
30601564
30600700
30575018
30721422
18001400
30570052
30589793
30589995
30739849
31867923
30561182
30717957
30618183
23215818
30609235
30608624
30588264
30620485
30630028
32661127
30641919
30644967
21362382
30861240
30680551
30578279
30634120
30690464
30551748
30739459
30645618
23471386
30589271
30634413
30755041
30817802
30611357
30626015
30579673
19881275
30689822
30672524
30683932
30700283
30707854
30713700
30687528
19838689
30663303
30647829
30708775
30662869
30879178
30697002
30713713
23606519
30677477
30835975
30719008
30711213
30665374
30731340
21075714
30724808
30703162
30735931
30723236
30689911
30718982
21366970
30698926
30726662
30804700
30705172
30634364
30674585
24879930
30890869
30753582
31536603
30707008
30879224
21609601
30755557
30714564
30695192
30732807
30688515
20739611
30725377
30647526
30753348
30671386
30754848
22987282
30689484
30716997
30636191
30750864
30707414
30678260
23483224
30637080
30688786
30716741
30704128
30710340
30675433
27190548
30704277
30787793
30730248
30760324
30666570
23513148
30971413
30685741
30819953
30704439
30725755
30749720
30710006
28663030
30734346
30748083
30837048
30646200
30658799
30653599
30654182
30677922
26387811
30684843
30680367
30684957
30755314
30680549
30727612
30665675
30603835
23374963
30681640
30640267
30728684
30692108
30712128
30717917
30758700
30744070
24831228
30589390
30749919
30599865
30743213
30740404
30631788
30706917
20798642
30694982
30731462
30699940
30723475
30741982
30788833
30638091
19680155
30735062
30732765
30678088
30678530
30691226
30702017
30807002
23532579
30681126
30702239
30633868
30650706
30662953
30655658
19209373
30654024
30713039
30733923
30689626
30722306
30733653
19673681
31891228
30693777
30699853
30721199
30713486
30750937
30717128
30701513
25084525
30674570
30763237
30676903
30724276
30666857
30747210
30690913
24816872
30671314
30741304
30680964
30712962
30765511
30708591
30690768
29962096
30585551
30624613
30621846
30594945
30616975
30606395
25005809
30618564
30616604
30626536
30628703
38071484
30582055
25039648
30551571
30619284
30583169
30613926
30648918
31225297
30343217
30601266
30598380
30644301
30635344
30597244
24579373
30613079
30598464
30624206
30613236
30789704
23730119
30643308
30721980
30693655
30704879
30776959
40648393
30639993
30554758
30606515
30758093
30579607
30590829
26034205
30812575
30891424
30637028
30606921
30639237
19153055
30587040
30610904
30595158
30767057
30596520
30552117
30621176
20088223
30617827
30583508
30601015
30790036
30665184
30610630
30638979
30623585
30585324
23083690
30614658
30683338
30610222
30603418
30583153
30614619
30669268
30642254
30579636
24975998
30520044
31981175
30570838
30632792
30885697
30655635
30643864
30664829
21681049
30690355
30626293
30604375
30562244
30618150
30796790
30663213
30555310
22345641
30631413
30791115
30615941
30633573
30619204
30598841
30744990
30610429
27868318
30607481
30623684
30671185
30606955
30589748
30645080
30641228
26232493
30621493
30576928
30666562
30671808
30731490
30662659
18040570
30573626
30621514
30991784
30671171
30616288
30581078
30600517
24641078
30618100
30627497
30640313
30633244
30756068
30587027
23822995
30604271
30573658
30765133
30585302
30616677
30578841
26638148
30978661
30629944
30591807
30660908
30621879
22060320
30596735
30711250
30598358
30642142
30735708
20702095
30561260
30676176
30597895
30619948
30613004
22012814
30530106
30570866
30885426
30532544
30622512
25606378
46553093
30537737
30560855
32514699
21782636
30495152
30551021
30579659
30541274
20711878
30603171
30527144
30554288
30564762
30577002
18255173
30516208
30654517
30620926
30531678
30599138
30613775
30560643
24754610
30556982
30623980
30579935
30599949
30628460
30583875
23807955
30614562
30589417
30515922
30551015
30552844
30592406
26528215
30610077
42279775
30572601
30558609
30585222
22150984
30571434
30542802
30577278
30579879
30659203
20497141
30615069
30611309
32563131
30612428
30611225
30603149
30572931
26636798
30547759
30574588
30566657
30600253
30615097
30537893
30555490
30571961
28014083
29125183
30279643
30466358
30482264
30461470
30438397
30462426
23097864
30474388
30503966
30485341
30449937
30460911
30411247
30465938
22384872
30439576
30457804
30399218
30453293
30396127
30469817
30507251
30494876
30463546
25430598
30463344
30448960
30428733
30441140
30457780
30527988
30475900
30441431
23072851
30415573
30418871
30452092
30313891
30426518
30425472
30565907
30492331
24807260
30388886
30486157
30373951
30423171
30375424
30496890
30393011
21549563
30433826
30431399
30560227
30535637
30419639
30417767
30431586
20666450
30375835
30457956
30424700
30445756
30546389
30434813
30420728
23921999
30462002
30397897
30453492
30450911
30478349
30466269
20983001
30444713
30390479
30423304
30439030
30430834
30421557
30435962
30384948
23181092
30487391
30595266
30429280
30421302
30434958
30482849
30458937
19508368
30405901
30452869
30460786
30620535
30416480
30409192
30470229
20430332
30536438
30432311
30428160
30385080
30464757
30548097
30505222
30380842
30443398
24752039
30438973
30411240
30377242
30459639
30450586
30404812
30340098
30424304
24160188
30363538
30481230
30372839
30370322
30421260
30479883
30432644
30410658
29711811
30440144
30456011
30397953
30428776
30462208
30457053
30420220
25623411
30347184
30412335
30445397
30429788
30451357
30439633
30397755
27445892
30438337
30456697
30463244
30397810
30386613
30397484
22132627
30431337
30498422
30437833
30436517
30465962
30409049
20602385
30454582
30377920
30372339
30372322
30470402
30339055
22011218
30383216
30435168
30345719
30456942
30421707
30411748
26722222
30367204
30689758
30447236
30411975
30393610
24186257
30356931
30384586
30432933
30424377
30439717
24712285
30466887
30435749
30447882
30450922
30463883
29260842
30385444
30436293
30366986
30456913
23351767
30427631
30424375
30564618
30387059
21141110
30374710
30365491
30392135
30476839
30428683
18198711
30382355
30366069
30364116
29017234
29072843
29043476
28997485
23346719
29039191
30614701
30467424
30397577
30508966
30352624
21966522
30435882
30352853
30475237
30448420
30448602
30453353
23380586
30420026
30412109
30427973
30449684
30495209
30460384
30453838
21672820
30395211
30395720
30393859
30468802
50414043
30549333
30411195
30411230
28782265
32383586
30512271
30478984
30464096
30543971
30443062
30497095
28414614
30474422
30508280
30508658
30470978
30458697
37347037
21279561
30474058
30480678
30510329
30491455
30597737
30489534
30449478
29582651
30497606
30508500
30460588
30471606
30425262
30425270
46008712
30399135
30390020
30436481
30562371
30442154
21855600
30443031
30387691
30424875
30435911
30452958
30441308
29966766
30498769
30470993
30449019
30451482
30454272
28685611
30355697
30426308
30383606
30433566
19571009
30433073
30439213
30448813
30475875
30419338
23833870
30439100
30394435
30377876
30453688
21081752
30398215
30459795
30389155
30442139
20353310
30406115
30422198
30414580
30417134
30393553
19612648
30579160
30452446
30377037
30367081
30463848
30467486
30414804
26336291
30410558
30411812
30463984
30437506
30388280
30433746
26523239
30476165
30458153
30439926
30413548
30481955
19830713
30412371
30415520
30486724
30409035
30459868
30444131
30380446
20109035
30483761
30411095
30434335
30461923
30432994
30448346
30491864
30426617
23176955
30379648
30456579
30409769
30505075
30331140
30422088
30474464
30434569
26613141
30441962
30429037
30435312
30391743
30477621
30397259
30440579
23670257
46612686
30436968
30483297
30502882
30514199
30457975
30473644
24790345
30465933
30523609
30496082
30488096
30462041
30399584
19692454
30463682
30462740
30469396
30397484
30480511
30470964
30492645
29026038
30434689
30488935
30641822
30454539
30427273
18896558
30486655
30478911
30471749
30519369
30480578
30437462
23492337
30461469
30525291
30597509
30520777
30466393
20849838
30425244
30597366
30437615
30457246
30436795
21905847
30464919
30480406
30498091
30512498
30454253
30479990
20806843
30472773
30490617
30452468
30484766
30458721
31288411
30451236
30482086
22890844
30532591
30484455
30474773
30413255
30433904
30444627
30542826
30517233
30474524
25790908
30364433
30497802
30412648
30514669
30414541
30505722
30487578
30456466
24416249
30447748
30457587
30486027
42932685
30454328
30467227
30408338
30571613
24665383
30434748
30444807
30488480
30457335
30445393
30451617
30634942
20537639
30443104
30454137
31330530
30413778
30570468
30510555
30496090
19953464
30501139
32493189
30532182
30445603
30551842
30457364
30496433
23487469
30442838
30581426
30459659
30443178
30501022
30454422
20287030
30730139
30517774
30453704
30432989
30472278
30397041
20401344
30477646
30510148
30488691
30516791
30504890
30511131
23364980
30519482
30477635
30468688
30539944
30521915
18447607
30448855
30436595
30431674
30481151
30479679
30471455
29303421
30513990
30467446
30384422
30557499
20421412
30457948
30479475
30483420
30447410
30513088
24213144
30512131
30462324
30455464
30446308
21641245
46477606
30494069
30363710
30472660
19672092
30471846
30478891
30472222
30401909
21750245
30391093
30399558
30395341
30454382
24139099
30370976
30438657
30543709
30437557
30470644
29943133
31347641
30424886
30478793
30431737
24545579
30446113
30401693
30396560
30394737
30448453
20550639
30465662
30429269
30448949
30528880
30482212
30407745
30398953
23369393
30424296
30429413
30438887
30583479
30496206
30498318
19741652
30385337
30588803
30443366
30378840
30448822
30450158
19738997
30508424
30484956
30454399
30460530
30668793
30445328
22639411
30444402
30477188
30648760
30430209
30430013
30426144
30358219
30613864
30460155
30525891
30474652
30445111
27329477
30477447
30391762
30398520
30449853
18163752
30473293
30477475
30467953
30389727
30389711
22760728
30430004
30431135
30479890
31063086
19158339
30402828
30373289
30419233
30406868
30497862
29623962
30431410
32437599
30441018
18929315
30441335
30466973
30493816
30428153
30456569
20546477
46449056
30446795
30364424
30404722
30594435
30428904
19754086
30451377
30463332
30549073
30356406
30446786
30376797
30425951
25342122
30458141
30437079
30576850
30408178
30444476
30471516
30452393
20931996
30361112
30453179
30386556
30431813
30320319
30434659
30447575
30539141
26256455
30451997
30406833
30428869
30418791
30409384
30387132
30382531
30387373
30418528
24680236
30408298
30554462
30461133
30457683
30438913
30403169
30517964
30406879
30459816
29467720
30509527
30494409
30466078
30421309
30433846
30587421
30448807
30475135
25601413
30494466
30531469
30431580
30481736
30494592
30460049
30578837
30497478
28684968
30507575
30473335
30461778
30399690
30451458
30532916
30495597
23398942
30480095
30466270
30471209
30483027
30502106
30487275
30562188
23457657
30491049
30526091
30435812
30412194
30432311
30442655
30461602
42241433
30555143
30547773
30500182
30567498
30524059
30535926
23644637
30525120
30721530
30526755
30528034
30634673
30611297
24027848
30571331
30553497
30515464
30546551
30520508
30440792
29051776
30650162
30656972
30606115
30587262
30643775
23934675
30600508
30557180
30655106
32616338
30675876
23308753
30571102
30608893
30600002
30628369
30625258
25349148
30636586
30652848
30650836
30638180
19515833
30641612
30665682
30662148
30636677
30628958
30645650
23145017
30733919
30634292
30664977
30676242
30630437
19637478
30658393
30635288
30549957
30612281
30786526
30643822
30664144
23160252
30544443
30628915
30615054
30665590
30567019
30580307
30629240
30627731
22111842
30658083
30621764
30611033
30772246
30680706
30602454
30597455
30699446
39814343
30591804
30637951
30604764
32591418
30599612
30626068
30638202
22261169
30619593
30677320
30554959
30671783
30629836
30608686
30574613
22997804
30659453
30577793
30621037
30593171
30618042
30601006
30598424
28211112
30654030
30727899
30634740
30584397
30642920
30623940
25339741
30535609
30612817
30543775
30575957
30635993
30710819
26372423
30612633
30594582
30541039
30668199
30642291
20886274
30465922
30413014
30484819
30436513
30441860
30405604
28896571
30708195
33107827
30603160
30421899
30418233
28905646
30455389
30511697
30497950
30508969
30464493
30426913
25597549
30499224
30435453
30413154
30458344
30415723
30459635
30490475
19603095
30488271
30530310
30531437
30464632
30551271
30471418
30501162
30468104
29074535
30570688
30507726
30432180
30432502
30518140
30438010
19490366
30425593
30458735
30469362
30499754
30514837
30440670
30532414
24779411
#end
