#729a2951|blade-3-m620|jdom@54ed0cc8b7e8deffd5e088305ca7723dc0bd963c:org.jdom2.Verifier#checkCharacterData(String)[generators@bcfe6d43107430b2604e2e34b9151742941652e0:cz.cuni.mff.spl.casestudy.generators.ParseFileGenerator('MQ==')]()
#date=May 7, 2015 1:59:25 AM
#warmup=1
#count=3840
#begin
39936753
48776075
35352746
34695374
30390949
26102218
34696845
30568389
26313577
34830521
30531867
31198944
30524180
30480109
25500396
49436102
45334353
52118180
45376088
44746434
26605018
34607621
30395700
30459926
30487300
30434512
33592153
30457032
30411320
30409946
30422356
30430473
25289700
30378675
32648457
30492415
30378503
30497841
31072524
30401017
30370716
30472455
30403961
30374420
25727440
30543428
30478772
30464779
30435473
30454447
30696197
30531062
30414579
30466446
30488917
30410401
30471102
30415926
30456935
30456022
30472081
30443166
30533978
30488555
30530997
30464549
30578595
30480744
30471775
30392473
30454593
30438048
30445172
30497533
30486015
23545723
30515124
30493978
30538424
30497548
30508139
30563040
30484032
30553602
30442210
30439866
30494673
30486912
30474008
30472940
24528856
31302504
30430613
32605859
30433735
30502572
30413612
30400973
30341941
30414282
30341271
30351122
30452724
30370165
22995159
30465495
30460220
30433449
30443011
30400565
30444771
30526502
30387634
30415036
30513326
30376490
30340749
30329952
25771525
30495897
30464720
30500628
45296528
30547015
30470659
30448735
30481266
30538879
30454873
30469467
30416252
27039726
30520708
30504050
32651041
30445851
30486885
30475229
30464761
30515351
30425111
30426828
32522082
24282117
30522695
30513573
30477075
30482373
30477015
30477146
30468442
30479738
30469468
30452844
30472485
27376183
30506609
30508729
37151858
30496673
30419019
30462140
30415357
30374814
30385842
30456875
25704425
30527490
30512028
30459115
30448020
30434751
30478924
30502413
37554184
30419975
19405529
30478797
30513233
30478362
30419715
30490832
30417480
30475931
30436970
30470387
30425642
29650577
30507398
30477828
30550137
30524052
30424510
30465600
30443882
30418319
21471265
30477209
30519655
30529931
30620826
30465375
30468118
30496042
30481113
19395791
30493382
30485974
30537887
30515878
32737876
30522948
30452492
30512024
22018947
30495997
30512536
30510506
30486739
30467764
35600716
30576079
30511813
28712961
30575493
30490682
30641774
30481195
31313839
30470446
30420984
28614687
30491162
30501853
30520609
30549201
30514884
30469397
21100148
30511740
30460975
30541543
30424999
30534117
30522656
30508600
30417198
30490373
25306792
30531718
30474118
30493182
30480825
30514447
30441546
30468722
30528534
30488755
30490051
30547071
30460651
22947622
30488031
30572854
30491057
30485924
30547319
36002262
30500298
30652248
30467095
30448733
30428454
19720988
30501587
30491164
30650954
30522879
30480639
30486369
30479042
30462958
30446322
61884340
30441391
22791466
30498090
30519855
30427977
30438137
30519770
30473979
30477959
30428118
30470940
30440233
21057294
30623137
30506754
30548140
30416441
30423289
30643390
30547275
30434977
30463960
30429826
24383009
30514167
30607577
30533482
30502955
30495146
30519639
30472160
30490257
31083908
22947251
30302662
32847477
30361244
30317991
30396030
30318787
30368433
30235489
30300760
26214718
30355297
30347380
38228151
30359003
30370629
30346589
30351751
30286735
23627672
30336716
30361366
30306693
30353322
30269098
30321740
30352537
30339650
25791338
30338673
30349209
30377664
30300673
30273428
30395140
30320295
21902967
30343694
30436491
30327987
30344306
30401528
30375540
30370918
21775769
30274104
30296411
30386503
30248591
30272887
32439587
30310071
25098192
30291746
30290070
30275404
30282742
30291199
30282651
22264709
30262706
30277529
30289966
30301136
30295079
30284467
22676211
30273324
30307822
30313793
30240584
30293327
30205078
25951507
30322711
30423600
30336844
30522531
30255438
22447396
39920311
30353844
30295924
30381882
30285591
30275253
30257622
24712157
30318486
30347946
30355089
30356991
30357083
30417378
21049587
30345824
30382532
30335747
30298473
30273069
30371448
20410270
30326084
30332757
30328085
30293215
30322273
30418104
23163215
30371271
30359637
30355435
30366513
30339498
30294855
30280999
20511365
30372131
30475722
30360773
30361257
30381510
30312795
30981146
30348082
30253808
20734308
46314463
30254044
30286728
30287223
30428981
30327865
30241313
30373169
30220031
30229947
30249129
20095615
30350286
30376264
30392793
30362859
30306304
30445808
30343004
30318751
30291959
30241486
30285629
24963382
30379617
30933410
30365429
32458685
30306566
30318817
30320277
30315026
30279749
30319702
25414041
30362702
30395591
30533997
30384567
30375655
30306273
30372829
30400931
30293264
21108410
30369544
30373626
30333938
30367251
31017570
30447279
30296207
30306941
30306804
21502178
30343955
30351802
30974883
30282006
30323624
30416029
30359155
30341239
30329922
26494529
30338798
38589548
30381569
30348575
30396006
30352443
30336436
30341142
26050740
30387496
30306496
30355062
30359315
30300678
30347135
30349500
19692508
30370015
30415631
30358643
30369686
30389235
30316006
30359896
30293490
27655575
30337406
30355317
30380407
30349951
30503817
30342715
18105820
30337376
30333002
30531191
30639396
30332058
30467244
30365543
23304584
30324808
30316735
30378924
30360315
30313989
30361300
22010371
30350364
30385378
30350373
30475444
30318331
30360077
23354102
30341982
30398504
30329599
30307080
30300551
32565912
29782858
30348360
30362090
30436053
30340321
30346122
25636723
30339082
30350120
30327084
30280552
30318630
26067545
30348664
30367411
30320567
30325139
18854662
30486949
30349607
30314295
30385267
30365082
24354331
30323807
30481035
30342202
30322028
22609057
30427268
30450299
30377755
30434031
30427890
20053289
30431699
30438867
30498642
30405044
30467407
30456035
30385390
24847139
30459344
30790529
30400656
30451835
30486864
30384141
30414740
30425357
24781564
30457389
30461786
30401997
30400709
30374433
30412360
30401578
18702658
30491415
30512110
30498630
30508990
30498349
30641350
30550442
30478880
27375934
30539367
30472777
30494448
30482890
30558759
30512184
18495699
30563339
30596702
30568304
30541104
30572164
30690744
30576617
24205239
30494417
30540766
30517095
30501727
31089809
30596807
22882477
30488311
30435099
30509691
30447692
30503373
30502913
30481055
30438179
28400443
30529712
30634188
30548226
30491416
30478649
30524133
30509093
30034730
34689597
34178346
34193784
30456650
30488169
30486035
30466075
29461843
30516704
30477558
30561381
30626628
30511689
30461099
23411110
30521173
30516451
30524722
30481399
30451160
30539821
22557811
30487667
30637427
30470223
30412478
30434837
30591319
24676379
30476555
30519807
30513082
30615711
30547889
20278628
30499470
30514031
30525104
30472042
30426688
30569328
29996242
30532757
30475200
30972924
30477713
18830122
30471542
30572588
30492347
30576686
30438084
30475871
30474764
29895125
30443507
30362262
30394450
30440276
30456689
20811461
30406294
30469628
30382475
30387713
30368353
30438849
48523358
30521315
30367326
30406449
30356144
30406502
30441396
30417888
29853849
30396882
30424422
30428816
30430231
30363251
30416491
23806466
30432126
30585221
30448528
30387839
30400960
30477142
23526529
30469498
30436962
44442798
30405595
30381967
30353433
25906334
30430853
30406333
30430569
30396258
30430433
21382914
30378173
30685733
30366311
30306470
30367102
30368044
30371526
23583306
30353021
30324639
30349885
30360897
30533396
32571971
19994081
30351629
30317090
30416476
30296933
30287066
30321986
30413619
30306943
21449949
30331513
30338700
30384379
30274570
30319134
30412593
30352944
30304027
26623280
31159819
31191631
30293980
30240155
30225778
30295160
30248553
25827940
30278122
30294791
30259339
30291970
30261724
30280197
18606295
30287240
30301537
30303238
30274050
31101637
30276332
30262704
25161661
30259223
30244111
30263768
30311475
30257562
30280479
24964965
30494278
30541802
30644215
30496486
30500299
30464082
29652567
30681251
30503280
30528077
30467361
30509191
23646094
30527400
30480484
30505390
30630021
32538706
22767861
30484424
30521111
30483847
30436319
30490071
24028103
30508482
30515302
30516651
30482246
30510533
30031580
30554541
30501177
30677026
30452202
30490175
21324934
30506968
30460977
30525189
30577053
30421406
30499462
30448649
20618332
46547702
30415564
30407551
30378293
30516377
30391774
30428913
30432526
30386748
25081469
30425406
30386761
30416728
30391833
30388935
30413006
30441542
30368331
30364706
55668696
30452604
30447349
30420166
30405842
30460150
30432037
30410044
30411599
26157946
30449549
30408371
30468458
30428187
30409155
30402337
31256384
30415744
29959975
31063589
30408487
30490433
30426457
30409655
30456211
30407960
24084217
30485584
30472793
30458242
30453038
30350189
30340027
30419173
24028296
30451882
30444780
30402322
30392035
30409762
30429597
30430337
29157040
30463415
30352942
30422190
30418160
30364210
30392531
25025247
30442295
30394576
30406109
30409531
30465972
30433924
25156669
30435564
30468704
30490240
30399868
30563531
18320844
46398193
30375984
30308146
30345622
30335535
30311901
24972944
30333040
30359793
30411888
30348421
30346084
30359757
18592283
30303059
30468561
30349246
30278420
30345667
30293930
30335580
30344297
18323643
30465288
30337015
30338292
30333193
30346794
30403713
30324066
30328499
30304533
30303110
30334375
30314558
30348431
30334372
30300524
30336695
30343171
20739874
30379535
30328810
30364702
30316284
30594202
30337224
30307991
30313320
27412271
30379286
30427389
30351652
30328086
30361491
30370460
30364363
29050920
30393217
30355957
30339180
30354162
30310795
30345766
22839222
30368702
30369545
30330586
30349971
30291611
30357899
19783009
30360018
30360720
30369374
30359360
30371802
30352311
21391201
30344690
30378964
30304446
30479744
30544793
30340166
24717937
30289262
30440757
30302520
30387725
30276426
21942687
30349564
30377177
30392559
30397290
30332102
21981737
30348320
30299427
30647313
30334319
30329018
24077790
30320731
30334513
30370569
30335938
30322965
30602914
25363838
30351966
30309215
30326606
30345970
30469120
30376941
30307095
22903408
30268209
30276360
30304091
30278860
30272537
30324421
30622557
24056621
30281969
30300565
30313978
30290186
30296058
30402170
19114466
30290302
30268695
30212695
30313197
30272032
30284951
30304013
28764574
30300926
30314890
30322962
30266717
30257109
19094819
30287342
30308765
30246342
30334264
30297111
30328088
23637415
30294102
30376516
30347251
30269258
30306533
22061136
30323131
30394384
30401136
30295176
30314197
21751802
30340735
30599651
30342560
30323992
30997202
24640643
30358413
30379207
30364382
30334948
20474794
30316715
30400155
30363881
30340113
30334487
29897344
30320543
30378913
30408160
30356377
30180007
30343732
30428556
30354700
20750561
30336233
30363062
30397906
30348191
25028937
30382401
30386824
30399429
21398637
30340087
30416679
30397900
30347387
18974210
30365552
30385524
30393742
30494881
30308553
30349866
26225545
30398217
30334015
30409264
30316937
30523853
30351262
24809622
30422768
30318587
30372344
30299648
30294285
30348706
19378158
30346502
30360853
30323904
30342033
30363915
30364684
30406915
23761861
30395319
30364875
30389073
30445555
30322818
30356404
30356626
30329541
23355821
30376844
30397902
30341228
30341451
30309757
30326082
30335465
42205310
22822633
30364480
30337124
30336457
30321113
30494311
30367344
30334819
30364266
26243484
30338659
30325267
30362178
30336170
30379063
30325855
30344354
23630010
32531834
30343698
30381024
30336507
30335520
30374668
30374833
24983975
30329065
30356925
30504323
32397234
30320791
30340037
20075486
30358134
30374480
30396768
30399095
30336711
30411931
30325233
30688332
31214139
30293593
30235467
30338344
30260710
19730350
30224562
30280764
30389215
30315771
30317245
30334659
24083002
30325607
30263911
30424898
30235873
30242674
21888930
30258308
30299097
30267120
30308369
30277008
22289928
30352880
30390946
30284721
30350780
30336037
30320216
20780323
30364104
30426295
30369579
30370824
30395760
30336317
30386690
30326126
24567577
30426748
30385516
30429720
30384782
30486058
30449129
30496522
22770705
30471974
30470295
30424473
30424649
30458483
30435655
30466704
30681539
30373180
24064961
30396102
30441988
30434644
30371618
30531415
30391713
30422339
30386959
20560443
30455457
30437302
30448092
30437708
30592156
30465055
30448724
30404960
20920907
30385941
30434353
30449340
30513917
30384689
30384569
30444619
30374326
30407980
21376148
30450379
30427580
30435071
30413444
30366755
30372942
30452387
30374033
30395564
26474691
30491560
30480999
30470288
30416167
30401324
30433169
30480864
30355734
25909951
30566475
30400274
30393146
30410998
30366740
30445064
30439438
19613706
32684289
30435016
30414207
30459841
30445968
30431302
30421184
30422427
27792928
30431792
30428184
30451305
30376037
30463951
30520991
18219336
30441327
30417339
30564592
30415311
32063367
30405044
30473802
23441484
30467039
30417295
30390742
30423933
30429956
30371569
30410157
30455959
23485975
30403517
30445471
30453315
30400037
30475682
30477515
32599365
30372760
28718619
30438657
30438828
30437104
30410989
30389051
30383015
30371973
25481440
30428677
30446530
30510471
30442950
30322660
30418015
30412881
28138446
30454301
30382031
30491893
30385189
30984022
30446614
22534064
30488611
30461462
30424988
30353516
30433122
30445882
21319587
30420800
30480649
30518872
30398331
30457719
30392424
29832902
30478414
30609842
30503224
30463973
30533547
31140761
30459412
21822854
30477879
30567306
30474597
30458751
30443959
30565117
30453226
23334080
30584600
30716284
30475327
30472415
30516424
30597598
30456989
30496937
19949473
30543701
30589393
30635824
30570029
30681855
30639511
30596860
30579753
30517744
23140480
30545173
30571510
30575035
30509054
30581406
30611586
30587980
30556790
30524920
26175187
30638476
30577443
30555273
30634840
30553484
30571364
30504708
30511813
30589215
30494644
19770777
30536111
30638633
30619999
30572615
30523171
30585502
30587322
30614471
30527864
30573786
20277253
30565906
30587142
30573219
30587275
30583619
31368297
30583311
30513965
30525675
30531593
23495546
30550522
30551370
30647211
30537915
30729015
30587203
30571277
30505264
30473236
22369771
30641266
30612870
30580986
30863006
30536144
30596111
30565650
31763839
30574415
26443124
30625786
30585959
30566380
30536264
30572724
30598760
30534150
30659753
24578314
30582698
30603117
30564493
30727974
30589913
30537471
30570246
30530304
28097440
30534755
30603215
30530960
30536176
30562301
30563266
30590730
23639825
30591440
30590353
30611169
30571226
30570342
30592831
30553482
24265273
46813657
30472222
30552566
30506481
30560291
30504562
30499704
30194580
30509467
30537584
30503024
30516762
30512164
30629035
25804789
30503566
30511195
30529146
30466720
30540261
30767388
26589020
30439558
30409538
30354011
30425346
30431833
20540034
30539401
30430433
30424104
30380364
30422093
30561389
28063492
40921994
30521407
30424446
30436746
30369662
27064666
30408997
30426973
30436235
30405373
19240442
30400262
30443237
30409603
30446762
30419790
30441892
20185619
30491070
30536038
30496491
30390150
30403997
30447786
30456255
30420764
27118775
30593339
30362131
30358710
30430448
30397453
30523109
30404213
30328840
30328317
27887368
30572826
30444368
30432795
30338911
30382266
30431133
30417696
30367596
22102409
30490998
30557640
30492908
30414434
30505540
30501973
30518410
30521529
21568854
30479475
30479692
30611586
30462450
30501374
30547504
30478582
30452910
24845423
30517535
30472111
30629844
30491519
30457356
30646219
30544557
22369567
30388291
30472815
30515422
30441868
30420586
30689184
30413564
23382939
30408357
30361301
30467444
30377579
30468131
30419380
30474496
46213957
30347968
30269005
30344659
30338344
30366788
30359511
26591568
30403532
30357653
30366579
30354764
30378413
30387450
29877524
30376711
30346042
30339497
30352928
30482910
22505476
30374676
30373289
30359304
30500071
30379497
20261172
30399741
30342544
30428937
30324289
30351374
20667234
30359497
30357410
30346590
30273252
30333526
30383660
18241118
30344871
30377764
30469775
30314435
30325882
30294091
30620739
30328018
22784842
30344468
30366516
30406913
30375978
30372282
30357551
30397033
30360337
30303146
24782428
30357709
30390980
30320226
30395668
30310169
30320313
30354879
30309697
21841059
30356457
30316108
30343573
30313385
30265241
30363682
30330916
30337111
26064606
31258762
30396128
30375024
30252080
30319771
30368282
30306082
30339020
30058647
30320783
30258531
30313015
30275762
30262449
30380522
30330860
28599612
30360055
30290402
30295117
30342527
30363670
30307679
20656386
30335642
31209981
30486920
30359853
30357326
30364197
30403384
32508957
30299754
29231256
30482617
30319444
30388373
30366178
30347042
30354475
30316520
19669100
30316967
30407373
30334382
30385759
30346041
30339675
30354189
30313526
25205593
30353317
30430636
30420860
30284688
31205783
30363915
30344317
24881070
30333876
30279039
30324544
30380017
30343342
30348398
30540879
29845769
30311508
30305590
30346015
30375544
30301643
30312048
24755131
30291295
30461386
30299513
30386870
30426617
30334976
24837940
30297876
30322466
30314449
30329573
30256784
30334651
29876196
30367022
30357356
30323813
30450824
30346925
24229268
30345771
30368795
30339191
30410909
30363784
23427633
30316995
30320301
30369619
30318767
30297273
30944062
20406808
30316166
30356235
30359643
30305558
30330918
30313560
30344860
30351864
23777199
30393343
30389397
30372190
30346228
30340704
32584381
30331769
21773440
46552682
30470824
30451599
30386741
30405120
30610931
30397020
23165371
30402709
30421357
30533244
30389170
30390753
30373550
30684753
29857153
30502674
30384016
30476046
30427062
30379423
31074249
26646012
30424432
30475013
30435228
30422150
30427077
30403490
29918175
30433976
30365626
30387297
30403302
30404439
22916525
30386608
30460044
30399966
30432698
30463471
20872379
30482317
30512236
30545540
30502982
30598137
21071414
30473988
30533730
30530849
30470553
30415142
23735057
30522443
30503776
30552888
30506690
19659551
30600555
30577786
30604442
30538546
30585096
28433571
30563108
30567817
30579184
30582837
28959225
30619295
30543943
30555844
20001335
30672766
30589994
30608790
30505746
30602844
22938144
30545464
30533684
30587953
30843595
30668688
30589308
24089452
30584211
30594420
30691490
30540457
30570664
17967945
30493542
30514040
30541063
30507707
30495389
30492539
30470818
21398127
30493808
30437544
30503413
30458006
30547231
30562728
30509097
23975828
30523482
30527518
30481542
30468480
30640275
30502944
30438201
30428753
21563272
30504412
30468204
30546160
30518001
30486256
30541542
30457135
30517975
18505975
30531358
31433739
30567341
30557046
30484957
30616535
30515505
30451686
30452189
30438174
30411499
29219550
30526186
30495076
30560437
30493429
30519449
30480430
30533361
30471144
30461696
22015168
30654517
30520113
30453540
30508780
30456753
30685565
30549498
30459843
30468008
21758393
30590639
30456366
30450248
30601253
30473633
30486107
30418386
30453204
30545657
24564846
30499379
30492570
30511886
30508561
30504904
30460241
30501640
30410554
22992488
30509450
31168680
30474246
30530564
30490815
30538610
30491556
30443546
25508080
30522139
30505939
30491819
30436906
30474582
30461122
30640879
22224194
30499213
30538538
30479722
30526024
30491888
30474713
30686666
22747096
30528473
30495655
30546753
30505629
30476633
30539413
30519042
26173166
30527789
30538888
30470784
30453373
30473667
30505293
23764446
30494680
30627677
30486297
30472343
30450824
30518322
23928578
30525729
30547644
30448359
30440793
30482162
30517895
29124611
30647537
30453702
30527271
30514337
30522969
24515161
30524495
30499224
30508161
30470008
30485817
23812743
30492750
30509122
30482260
30467947
30551062
26466642
30520066
30502786
30522193
30506070
21007370
30505682
30435040
30463457
30456641
30513206
30024431
30513946
30451524
30585511
30527006
29171805
30569028
30437582
30457208
20279119
30616766
30519592
30495988
30528592
23727028
30490612
30515175
30497022
19343575
30516657
30480025
30489781
30467646
30491704
28129630
30537453
30566620
30482528
30490973
24728466
30512228
30505806
30553767
30499517
26289543
30528533
30483178
30546864
30508481
30492803
31179107
32270695
30280079
30362085
30345369
30377288
30382938
29316453
30326991
30315615
30325511
30257402
30302093
21012974
30318746
30416402
30378873
30386347
30387102
30336485
30338293
20702467
30349409
30388576
30321829
30325989
30299206
30843208
30381815
30345677
30278238
29166622
30358565
30261381
30355015
30333055
30331224
30276362
30336470
19010733
30449699
30318917
30384138
30975794
30363272
30439648
30360704
30405555
24516755
30337533
30359800
30323109
30299525
30399821
30323440
30324221
23748016
30378497
30372862
30990512
30376562
30334607
30326713
30306927
27395237
30329566
30295957
30317225
30355800
30327584
30377471
23366548
30339164
30436428
30349963
30309760
30396354
30349126
23399124
30467128
41161971
30331672
30291085
30302135
30294250
26397293
30323435
30517015
30371872
30335102
30306550
22404962
30341619
30380672
30362680
30343845
30288080
30904412
30261078
25695702
30311366
30325395
30324395
30341807
30307645
30305944
22393705
30346242
30461435
30333060
30279073
30322059
30330173
22357840
30340633
30317320
30382466
30262337
30325318
30352266
25417712
30356648
30339671
30385580
30318057
30393741
21788152
30334622
30417983
30388216
30349855
30401757
30329173
32590387
25017360
34977704
30275971
30245027
30285391
30310173
30310649
21938398
30279969
30262056
30247453
30901777
30311931
30312606
30342006
19447490
30281362
30324816
30234575
30289325
30294875
30266090
30299261
30266160
26783479
30569368
30254154
30309750
30289370
30267339
30259098
30276473
29730673
30261613
30267591
30244666
30271237
30281636
30299340
22804075
30379691
30210291
30335376
30261780
30287638
30290140
21202719
30260465
30271462
30358575
30275955
30348878
30316821
22796639
41811216
30345576
30326290
30343342
30351809
30530804
27836397
30468813
30459813
30415089
30431284
30391456
24578821
30427882
30390960
30369086
30486204
30410140
24872014
30407578
30420293
30415518
30381963
30775771
29514891
30470929
30425804
30392682
30346368
23298429
30364684
30454146
30455742
30531706
21194579
30374557
30465328
30444093
30382080
21347474
30400787
30396257
30482653
30391905
30349903
21492692
30420724
30510938
30482967
30422986
30402531
30486242
19791066
46662463
31161914
30436335
30517511
30508305
30553106
30497291
30480166
23355397
30495601
30498222
30535544
30522961
30512572
30497176
30501319
21270368
30502639
30568671
30522109
30495628
30503441
30554521
30490839
22505591
30522468
30505459
30476320
30457029
30480351
30497820
30474920
28684976
30494137
30427353
30517005
30515751
30450350
30544706
25972907
42714119
30477408
31115109
30529755
30497044
30564626
28886287
30498200
30433762
30458535
30445049
30583197
22554107
30493757
30551541
30493210
30597111
30497089
20271299
30491895
30508048
30703752
30599757
30452922
20642012
30543513
30512902
30580775
30435321
30483430
30482226
18721624
30506878
30493882
30544556
30537182
30507181
30476521
30497697
30393882
23227399
30561406
30514483
30567418
30519151
30455379
30466140
30527680
30494879
28360059
30520797
30521971
30467936
30505791
30458588
30677929
30500011
25422343
30472219
30511702
30645710
30462046
30442048
30492722
30525936
27933885
30521671
30468880
30504862
30491880
30485428
30477205
22641366
30636374
30556273
30448011
30529168
30541733
30614870
21260659
30467048
30514189
30563715
30472638
30532008
30521498
23298865
30486001
30476064
30472896
30494008
30564979
30518682
29978362
30521917
30551663
30496137
30495131
30451166
26145413
30546931
30524137
31369576
30448963
30623273
26944090
30505513
30487602
30544930
30638228
30532702
30501026
25833880
30542557
30488152
30498259
30520393
30417407
30526242
30997232
32504582
30565682
30600977
30573229
30528249
22750158
30559198
30606849
30545973
30567813
30708361
20967821
30605861
30625649
30565051
30688646
30516095
21420305
30538108
30631891
30608542
30604753
30521190
24812047
30563555
30556615
30656873
30514195
20796248
30608874
30564846
30577475
30591591
18542902
30575327
30600790
30540722
30511483
30517284
30567561
26839327
30599977
30575922
30775844
30609384
30560809
30642424
22281724
30629326
30607379
30591915
30617413
30574149
30564178
21009723
30563789
30630304
30625861
30574368
30514878
30646884
30561862
27410637
30568757
30620026
30566046
30628762
30608776
30608644
26613678
31240050
30563649
30540817
30565588
30575468
18936731
30547429
30587793
30513644
30534386
30546424
30582511
25007225
30685457
30543060
30594836
30556722
30629390
23387556
46696632
30501131
30525468
30493111
30505758
30641872
23261051
30602977
30476468
30505772
30471282
30481244
30466969
26131487
30529926
30425101
30460886
30468509
30597702
21945974
30450642
30516577
30422793
30447410
30489284
20666921
30471657
30464667
30577121
30504346
30461364
22197486
30459606
30463501
30513131
30490039
30417036
30493700
21906920
30425506
30467353
30394920
30401719
30410298
30444771
21031138
30427004
30421866
34359568
30442533
30480913
30416628
30523722
30412902
26687218
30445323
30335617
30353004
30381506
30353192
30394784
30389477
26175533
30406355
30386332
30442399
30441162
30463431
30436795
19554333
30585076
30443634
30434197
30425296
30412875
30392875
30386867
26267036
30638406
30542851
30503611
30513768
30497395
30639181
26257415
30516024
30496863
30777013
30488102
30522888
19378473
30518418
30469097
30479015
30518090
30517755
30441351
30479377
19429418
30456290
30504440
30604804
30512113
30488064
30424044
30461284
21406469
30455024
30525913
30484017
30543531
30458779
30470375
43671192
30413551
30398902
24713814
30487355
30505298
30543288
30606526
30524541
30548246
30648044
30475877
23486057
30528088
30486780
30487035
30398739
30494164
30455630
29186411
29114691
24260516
30523833
30539964
30508491
30524940
30533595
30460127
30571595
21090781
30509555
30645489
30506771
30534280
30487455
30492649
30650226
21231258
30484531
30518933
30446204
30599024
32462841
30453495
30478588
24989430
30467494
30509126
30471063
30449466
30491551
30472151
30462128
30465253
23572225
30510539
30499328
30612120
30490692
30475965
30529531
30545442
30609109
21991128
31039968
30495602
30511202
31080552
30522117
30532415
30500951
30463545
30481755
30530563
22449594
30502164
30455226
30461515
30639982
30491923
30536713
30475676
30426480
30445790
30467308
24028028
30519839
30447540
30497591
30493739
30482311
30506933
30489749
30450864
30433946
18006094
30480337
30633217
30499706
30647938
30436496
30505033
30429231
30457352
30447548
23752071
31176417
30556381
30472924
30467455
30505953
30451052
30633853
30485099
30476959
24378793
46582277
30510890
30405729
30416066
30359708
30462709
30436798
30360008
23482297
30444233
30599589
30426945
30397766
30376702
30396462
30380215
30393669
28633249
30436868
30403048
30416597
30445678
30354436
30389450
30402319
25010229
30459798
30387753
42882951
30707432
30386718
30439311
30390849
26948460
30435929
30413146
30447591
30421437
30451428
30462641
22638840
30316091
30351891
30341557
30319460
30344153
30344006
19601820
30360335
30327104
30399995
30325308
30325765
30367408
21471551
30324853
30341876
30398962
30299810
30267865
30358363
30371552
19052595
30338548
30325402
30378953
30334578
42798682
30326577
30359128
30307675
30337524
20798198
30353102
30362591
30376453
30297699
30366387
30327861
30356125
30303600
30332495
27156862
30276295
30310381
30292809
30299755
30285580
30335313
30325599
30271371
28022802
30340100
30378352
30376246
30303348
30319767
30357436
30301800
23245063
30342767
30364689
30333076
30525702
30405039
30352535
48173062
22249231
30363356
30373526
30381934
30293170
30377948
30606116
30326322
22408087
30315335
30405241
30338575
30324802
30305211
30397971
30301081
29707449
30350124
30359855
30388398
30381929
30309997
30319100
27279757
30328333
30356744
30362512
30425733
30323901
19491451
30350667
30338934
30460935
30326448
30299197
30305469
24472555
30368521
30375635
30301866
30326826
30342380
30338617
30330078
27131848
30452657
30332288
30315804
30323236
30327428
30476140
22848980
30351044
30350326
30337057
30365806
30391274
30430108
30413573
30335193
23727270
30366349
30378415
30326126
30270115
30377675
30338297
30329706
30315951
30309440
30291893
27750466
30364115
30331764
30504133
30352835
30314520
30329205
30341293
30381768
30299538
25389507
30374930
30333249
30388628
30362380
30354549
30331511
30344978
30259135
30327664
30236162
30385441
30304589
30267176
30400324
30267991
30305982
30300862
30249367
25898724
30374802
30361423
30329671
30295269
30360382
30345643
30322217
30352563
28891367
30312667
30353576
30444639
30321704
30275024
30299618
30392146
23536402
30328460
30398540
30306441
30293641
30394838
30287425
30314864
22987208
30331938
30315124
30348460
30350153
30436873
30336460
30395495
26336031
30363319
30436197
31122505
30369502
30319223
30419471
24886287
32110143
30306073
30281781
30245933
30299800
30322766
23244791
30389868
30303859
30254297
30326765
30253687
30445395
26420231
30320955
30411453
30301273
30238285
30240684
22766784
30259516
30265940
30301568
30277566
30328969
21938741
30398100
30464117
30332972
30316783
30266578
23313602
30332630
30270799
30312870
30329465
30382518
29380269
30452660
30421764
30491999
30351045
24622127
30419844
39736174
30427335
30407624
23693257
30423537
30414280
30455017
30356842
25083059
30500540
30446410
30431391
18102874
30427866
30437597
30564826
60921586
30406728
22665102
30412110
30420115
30402146
30468460
30428390
30451974
25521604
30454862
30519166
30428740
30422694
30435773
21411350
46660927
30540218
30528374
30459893
30487386
30532882
30481318
24419608
30433711
30417160
30453480
30508292
30450351
30362066
30432124
30360679
22234415
30425517
30596624
30427755
30415191
30328909
30327705
30439319
30378660
24014163
30554850
30393915
30348652
30425102
30452285
30580693
45930515
20210033
30407038
30458071
30446312
30447082
30465847
30407813
30449140
19893777
30442309
30451117
30600334
30451438
30441413
30446636
30421614
23636710
30460356
30425884
30404786
30368835
30395600
30373915
20435850
30431547
30450857
30471311
30444042
30351178
30447100
20546130
30386280
30415895
30424418
30565070
31008079
30445484
23720128
30437831
30553708
30436339
30386339
30461161
20496059
30433159
30501698
30469504
30419868
30404955
19827093
30588004
30563895
30558559
30639862
30528433
30613014
30585404
26756227
30611955
30568360
30634626
30545650
30572903
30585753
27314520
30588073
30589535
30591677
30553506
30570864
20783914
31156741
30698587
30571282
30585426
30548984
30585147
42568437
30491310
30487426
30494838
30545438
30636613
26397944
30552156
30496471
30457728
30471579
30529644
30120065
30491767
30547284
30496351
30472085
22902124
30507422
30523871
30507806
30484502
19696504
30469566
30629825
30580796
30453267
30489180
30502318
26235611
30494844
30504318
30442180
30494130
30473991
25406236
30531501
30635063
30484215
30468659
30474973
30490744
22344304
30527231
30524604
30462760
30511299
30435996
30473582
30452866
30529327
24622147
30469257
30609612
30483371
30439682
30459900
30475028
30483782
30468575
24526734
30622620
30487542
30476791
30446895
30473804
30455690
30522775
30421209
30517669
19652895
30486851
30551346
30481875
30398473
30600999
30458744
30445853
30495408
30436501
19834195
30495482
30529241
30462022
30468906
30509224
30530297
30464136
30631471
30451445
23637175
30474418
30502155
30478530
30436825
30458755
30624980
30497486
30516688
22431956
30522224
30579387
30648722
30522910
30456571
30457057
30454902
30450434
29510424
34140023
34132024
34135147
30472100
30597091
30473219
30449391
22385762
30488282
30670650
30738608
30481378
30480702
30544048
30507359
23168500
30544493
30452146
30408913
30474217
30616966
30558231
30536200
28663674
30527107
30514047
30498649
30483687
30437347
30483012
25316751
30494209
30494551
30490740
30498226
30474753
30419182
26442290
30530270
30480873
30488457
30463040
30496764
20537078
30490936
30516609
30498556
30445467
30505035
30468248
29024749
32695483
30504053
30660695
30479449
30442227
28895485
30514583
30636706
30486829
30534604
20373348
30484748
30607538
30505473
30545515
30622951
25268896
30270530
32542149
30367704
30362935
22908928
30364082
30351313
30401142
30392489
30378758
19867443
30343456
30391773
30422175
30362305
30354013
30409772
30361673
24956277
31336462
30406732
30433704
30738924
30424946
30413159
30430097
30413015
23539472
30414199
30398149
30463618
30374266
30425271
30488211
30366378
30345587
19787504
30505006
32451419
30511408
30497104
30494077
30515187
31193764
30502360
19883254
30489653
30504793
30564757
30530813
30506795
30550133
30481411
30490825
24192661
30663163
30478214
30466782
30431906
30542129
30602475
30449653
22842742
30489735
30509900
30612724
30476004
30518714
30512870
30477326
24632639
30539444
30868708
30465138
30553260
30519755
30442555
20590069
30517082
30601702
30561311
30560393
30527090
30532339
19397782
30577406
30611948
30585062
30571608
30580335
33020839
21742341
41296657
30483478
30559079
30525655
30508429
30674095
26871678
30497568
30506495
30537215
30607453
30440634
24816814
30586833
30483900
32976743
30456677
30399370
25719176
30515170
30443011
30484448
30443587
19163708
30491610
30533757
30449482
30505629
30517631
30505888
22535229
30501260
30549297
53050715
30460299
30461304
30656824
26665527
30563186
30458202
30461939
30430880
30459131
25270453
30470793
30512352
30520257
30468762
30486200
25499273
30445760
30502205
30487160
30482044
20392424
30551528
30566461
30525871
30617889
30509629
30590186
21205547
30687550
30603090
30609645
30509094
30503845
30743486
30601499
19520580
30527851
30532761
30651170
30549893
30523323
30679588
30554040
30585150
30459370
23669473
30514944
30537815
30543231
30572898
30608823
30551988
30557242
30539131
19589326
30583484
30566996
30596506
30502701
30661979
30561433
30528557
30721213
20608327
30544216
30563938
30633695
30683706
30531971
30608899
52155420
30469191
25926638
30593988
30615630
30592757
30569397
30589284
30470363
30581004
24450325
30593378
30592606
30551164
30624881
30739511
30609379
30595311
27141024
30561417
30567266
30553828
30530024
30501798
30590350
23199472
30562051
30634393
30644706
31373808
30588629
30606366
22897709
30589545
31243439
30647542
30568519
30557606
30588593
25734345
30592668
30550309
30616900
30597799
30586990
30546202
30559824
25072277
30556102
30598166
30541987
30529191
30534927
31302755
30649068
30519855
23210649
30690813
30612865
30561693
30511026
30549335
30671059
30513286
30523624
21642342
30576679
29342074
29258532
29260322
29284322
29324747
29266298
29234765
29266951
29269126
21179362
30458483
30491731
30384573
30430074
30527255
30484013
30401420
30432393
30402369
30439034
26625573
30466432
30428438
30409595
30451659
30381319
30449104
30417126
30343176
30376928
26609495
30432407
30729599
30417273
#end
