#729a2951|blade-3-m620|jdom@54ed0cc8b7e8deffd5e088305ca7723dc0bd963c:org.jdom2.Verifier#checkCharacterData(String)[generators@bcfe6d43107430b2604e2e34b9151742941652e0:cz.cuni.mff.spl.casestudy.generators.ParseFileGenerator('MQ==')]()
#date=May 8, 2015 5:50:10 AM
#warmup=1
#count=3812
#begin
46236459
53975856
37502038
34646735
30952273
27360984
34519756
30870520
27529221
34568962
30830848
31728659
30360282
30350811
27041532
34611045
30842770
30506017
30369967
30385391
27156539
34737110
30661156
30381224
30418835
30323414
30394537
30439496
30357208
30466698
30362677
30285711
25354996
30382459
30368933
30393666
30315562
30386375
30351715
30315874
30323844
30457778
30289444
30304076
25830007
46828603
32700734
30588104
30511646
30564989
30570051
30584285
30677175
30624906
30669161
32866486
30562216
30560455
30585030
30688760
30387642
30543391
30589649
30626899
30588299
30576027
30545083
39462232
30571851
35684464
30629695
30593699
30563206
30597579
21586063
30571948
31380784
30511711
30694750
32757603
30587124
32735829
30617497
32107547
30576633
30550733
30515769
30622761
30570977
38917375
30618539
36042021
30572359
30590921
30601302
30623756
30596582
30536191
30556282
30603704
30541086
32626874
23345451
30560839
30610088
29304126
29285376
29262124
29299376
29281089
29323676
30565982
30601086
30530904
54671368
24303663
30592574
30720428
30571616
30611489
30574886
30583473
30690642
30530682
31442346
30564004
31187984
22290648
30679755
30575785
30593935
30604815
30537367
30589352
30554595
30535919
30558326
30615848
30573106
24450473
30665216
30671817
30651606
30603162
30560930
48641544
30568360
30575937
30662980
30618982
23413320
30600406
30578897
30630802
30593697
30545447
30539983
30528631
30570513
32775549
30557119
25948323
46625716
30477217
30521248
30481188
30642046
30582797
30466028
30431255
30455361
24797552
30464057
30544997
30487122
30539242
30424735
30572779
30506446
30473867
30444503
46405421
30511180
30467679
30517485
30438189
30453800
30521995
30440148
30424073
26333516
30463778
30475219
30479912
48924591
30416573
30373018
30414612
30402961
29428820
30554526
30437264
31068443
30393601
30332258
30453508
33184364
24596016
30463313
32728841
30397824
30354193
30448470
30327929
30404273
24214177
30474166
30400364
30480639
30470307
30431969
30409799
30415604
28824245
30325491
30397250
30362459
30440771
30303461
30284911
24763308
30404924
30323653
30418748
30350352
30346911
30281453
25052736
30398624
42461956
30315146
30287386
30349553
19465211
30378467
30303707
30402246
30331120
31739976
30434176
25033976
30320229
30283839
30356706
30406328
31049157
24541638
32411265
30292670
30308820
30290871
30285709
26653859
30339773
30272182
30464628
30378782
22296567
30251844
30331894
30292835
30315119
30338637
30217286
22297397
30379391
30319125
30345557
30392646
30305788
30259511
30736779
30347093
25135925
30459164
30355310
30358989
30290524
30361557
30343667
30377206
22862180
30320286
49471922
30335879
30518133
30431511
30334911
30328876
23549470
30397000
30346284
30363675
30362395
30337657
30484502
30357017
30458815
30402450
30370822
30476855
54569720
30360788
30313633
26699610
30392871
30392631
32526656
30343062
30334169
30301959
29930909
30454246
32577419
32428676
30379360
30299106
23454319
30369722
30460472
30335717
30281407
30340390
20211390
30339053
30356800
30412824
30421349
30335337
20836341
30329151
30386871
30544356
30400631
30287931
23178225
30279095
30316945
30381970
30303439
30457395
30284830
30302317
30311527
30327280
30396340
26150009
30428724
30373478
30360829
30323897
26236524
30450939
30392060
30353355
30317384
30303753
30419491
30360522
30357197
22833704
30408977
30334613
30420519
30376539
30969897
28140254
30483061
30490574
36343658
30325626
30359540
20437474
30369830
30397832
30375971
30354971
30391313
30382596
30328789
19091217
30312208
30328299
30341473
30363993
30284849
30274665
30209724
30219867
30234544
21428556
30351462
30344522
30324784
30286333
30307636
30176532
30295020
30486063
30383589
30180038
30254931
22449302
30343351
30295137
30303388
30273486
32352569
30331360
30227269
30253544
30254389
30261424
19387384
30322206
30285925
30285769
30324584
30301073
30242868
30354241
30335089
30272761
51909593
21779616
30260445
30282916
30365196
30239549
30177765
30238713
30279186
30251690
30251333
18453078
30296195
30270733
30318527
30323905
30239047
30278810
30260135
30387113
30271317
30314051
30311515
30285899
27924245
30431567
30296636
30334844
30391112
30258868
30305926
30251102
30253693
30293571
30294795
30212726
29552449
30296136
30314401
30344482
30307702
30266451
30273840
30278571
30300675
30258193
30253306
25802735
30387759
30364180
30326280
30282566
30266206
30312535
30239389
30204897
30235542
19319335
32669691
30310346
30340239
30523601
30327967
30286595
30271945
30250889
30347304
30227721
28143850
30412582
30291720
30292568
30381142
30286357
30285112
30312431
30236989
20632590
30310473
30325030
30335523
30372839
30295399
30302408
30274726
30312028
30257435
28944247
30367705
30318696
30282193
30363662
30250424
30346199
30293188
19413655
30264207
30341013
30300427
30376015
30273318
30262482
30257455
30383392
24998920
30337296
30303633
30330797
30270551
30262757
30313673
30277822
24664679
30337426
30326199
30451129
30219105
30328673
30301513
30253602
29568062
30285384
30252142
30315209
30242734
30264831
30264325
24577808
30293800
30377558
30338238
30257593
30238967
30277059
24662631
30314562
30480311
30264745
30259032
30254003
30237450
29660569
30318935
30293885
30260804
30260513
30241320
24032582
30367280
30410580
30395068
30319306
30250864
23300780
30310296
30293189
30342742
30314613
30284149
24978236
30338555
30335049
30288764
30292660
19228234
30255493
30281181
30302536
30357784
30272266
30202639
22524116
30257162
30283617
30274082
30385733
31164293
30317200
30261304
22387282
30298190
30370733
30379453
30287177
30225842
30368333
30321638
30258837
30273775
26120371
30437089
30268093
30295215
30246643
30241262
30279393
30965853
30286895
30281502
30242626
22647615
30234346
30274189
30438074
31098507
30237777
30274304
30188691
30238924
30332573
30325429
19154809
30260104
30370662
30332842
30271816
30242609
30228588
30305298
30304418
30234278
30228333
21005841
30258644
30242671
30389911
30611455
30380918
30428808
30308340
30222657
30267678
30445252
29023203
30281731
30302755
30284340
30296652
30310624
30314049
30240504
30214338
19443262
30338790
30314342
30276420
30324098
30288184
30241390
30274007
30257916
30250976
25622220
30292725
30321829
30369441
30371351
30249344
30282516
30377940
30288233
26197678
30365366
30277844
30301958
30297980
30272639
30427502
30236157
20981921
30329569
30352360
30359559
30398596
30344391
30329068
30339811
19693124
30367806
30391078
30348893
30464216
30318540
30368413
30360395
21819923
30344393
30361206
32585353
30387777
30328326
30440984
30302415
28791836
30292437
30343780
30363370
30309696
30300689
30371892
26735337
30528772
30400345
30405399
30291239
30359617
19067507
30342839
30493375
30390151
30304424
30312557
30328890
30328252
30379962
29606556
30387048
30359034
30402469
30388326
30292932
30433774
20985706
30332744
30367428
30386504
30362534
30391011
30330931
30294442
26688201
30448081
30472571
30449531
30459413
30377632
30469971
26111142
30781472
30460282
30539574
30481326
30469382
18206751
30494955
30457051
30378610
30489931
30413736
30390951
24271905
30407795
30527824
30481291
30446091
30533918
22899846
30400913
30466800
30529618
30500717
30441744
23815932
30601060
30514271
30469957
31132099
30480149
30386744
23545910
30404208
30508313
30462544
30451044
30503047
30459476
30402297
20885856
30484987
30516932
30493533
30447364
30429033
30379214
30418401
30424467
29805725
52431751
30485801
30436813
30470088
30452682
30597680
21040694
46703783
30502269
30541124
30508942
30745257
30514113
30433726
28091478
30538135
30510215
30523713
30513317
30485018
30589128
27264697
30575731
30546649
30534253
30596682
30464502
21016365
30536069
30531808
30598879
30522807
30486517
30708346
26620756
30562411
30614531
30532070
30512176
30539253
24418511
30565766
30533101
30671381
30526049
30498028
26081819
30568753
30595373
30598107
30566040
21271930
32481490
30552124
30727011
30488381
30491206
26652983
30609139
30539296
30567468
30475151
25706385
30517298
30565717
30554220
30479497
26556135
30584006
30515233
30538916
19413835
30489550
30566084
30609300
30666468
30493434
23505473
30510555
30523406
30553483
30527934
30500395
30467675
26115522
30568656
30485791
30626337
30465746
30539851
21715800
30502544
30521845
30466909
30760664
30669061
30478700
32346525
24182401
30555195
30576192
30604039
30701970
30477602
30463224
20815823
30486135
30795768
30580646
30547144
30525449
30494951
30492839
30474069
22069222
30493419
30534231
30524047
30639055
30522647
30547960
30587153
30525944
30453145
30533575
25913844
30493373
30561364
30508679
30674382
30501282
30503353
30546964
30563489
30570164
24302525
30449311
30639820
30519453
30580322
30477884
30414938
30566793
30466222
30490804
29374644
30526022
30535562
30636912
30471708
30505810
30443284
30501667
30522796
25776531
30475877
31057995
30500688
30519026
30445186
30470246
30467449
30581381
29260096
30483519
30705121
30473358
30507208
30409990
30455653
30460752
23656003
30576046
30449209
30527572
30591712
30466771
30491455
30495498
23793690
30551309
30559900
30509412
30460172
30482348
30527705
30620353
28869039
30556409
30651827
30436184
30494451
30493268
30495553
24606248
30531293
30473924
30447065
30497330
30560225
30462271
24988474
30464609
30472866
30537116
30545217
30526878
18500507
30496284
30509008
30710988
30575788
30464326
30529024
24978533
30454967
30386599
30363023
43346773
30273239
24198967
30409169
30422235
30334317
30349565
30323970
26615131
30412462
30326516
30480562
30288899
21375145
30342393
30323171
30400691
30947442
30290260
30305242
24348757
30354264
30378204
30401959
30546239
30483577
30355637
30302992
24671123
30336095
30405344
30383260
30331992
30362737
30340138
18367138
30338569
30373655
30333073
30311615
30246011
30341322
30346415
30290953
30273273
27630821
30346507
30417711
30321346
30359680
30502496
30275298
30366391
19994823
30356078
30314398
30471835
30320106
30319649
30417093
30337691
30340274
30321817
23419313
30314216
30353362
30384637
30367709
30293252
30339450
30352506
30309787
21665020
41080921
30369773
30521937
30440342
30456713
30602738
30438967
30537377
23611220
30418066
30503511
30443713
30490787
30412697
30435164
30437975
30450209
30398831
30411426
30461080
30334604
30413592
30484232
30425306
30466418
30436478
30587716
29174980
30530006
30483164
30487200
30411276
30390171
30403133
30450374
21432072
30448518
30406471
30494135
30379290
30386722
30410355
30376706
18076329
30846484
30432829
30544475
30463580
30396258
30440837
30448285
20504418
30427417
30441991
30532598
30764608
30460283
30571755
30450995
24416013
30419184
30471040
30392115
30484191
30426653
30373120
22725684
30596691
30441327
30442293
30401806
30430296
30475120
23917001
30427947
30443875
30516545
30406371
30480102
18378760
30591358
30473277
30456870
30474980
30497151
30553435
26057205
30488110
30517669
30460571
30408720
30490194
30400595
21450093
30446620
30418886
30497028
30361623
30453351
30479182
19264057
30552946
30482897
30447549
30439015
30548031
30603492
30413118
30421117
23310475
30429426
30471795
30537049
30424970
30447498
30484254
30425468
21416223
30457624
30497252
30548064
30412624
30577708
30412573
30376031
30345373
30400690
24665243
30495320
30448530
30495993
30451922
30393375
30560091
30413251
30442839
30414795
26242335
30495082
30433266
30463488
30544100
30428506
30440306
30423814
30376996
22238889
30442773
30397386
30613847
30458396
30478586
30474473
31115336
30461127
22849338
30501882
30424404
30477346
45769864
30522893
30440361
30385050
30357381
28010063
30474546
30486430
30516153
30400227
30411504
30476088
30422144
25682852
30539637
30615295
30515901
30453818
37548235
30441731
30442757
29578656
30631464
30540428
30493218
30487661
30465013
30522527
23499101
30566454
30704705
30604833
30541942
30543750
30548364
24749624
30483771
30547654
30542982
30526376
30480726
30507436
25120067
30657918
30605257
30596912
30577031
30574386
20629451
30514135
30537608
30639406
30590551
30633926
17762949
31466474
30441144
30551020
30523122
30454544
30500940
30560044
24715416
46522553
30414016
30558732
30460262
30441162
30448643
23503285
30453258
30510118
30452773
30588437
30315109
30394878
30454077
18070000
30373767
30472633
30455777
30446188
30470971
30391499
30358409
30398505
30383169
30301264
30469724
30378827
30381837
30447742
30391354
30384055
30423606
22666605
30460502
30608671
30467842
30414575
30402902
30398510
30434964
20600813
30382800
30488831
30426153
30415586
30390133
30426575
30430482
21979024
30394993
30435405
30432497
30396362
30440114
30386553
30450662
30421155
24479752
30448004
30457333
30493895
30426968
30422338
30423418
32353449
30396579
28131688
30462670
30408422
30431907
30439495
31037113
30457673
30552489
30472335
30402410
22597977
30447120
30540560
30480304
30447601
30386684
30416990
30420493
30406402
30405448
30427784
28989934
30468211
30409748
30576250
30367978
30500088
30378911
30372418
30425009
30437335
30957753
43243120
30372504
30338015
30327214
30296897
30285764
30327044
30343888
22529502
30969746
30381236
30305628
30381509
30299862
30326113
30294475
30329052
21694682
30373384
30412093
30512387
30303624
30305711
30300775
30464662
30284364
24797790
30671589
30346658
30407911
30355742
30334564
30306556
30364295
22082465
30396044
30319593
30469171
32374952
30361306
30344878
30398546
23376762
30362176
30391526
30429048
30304908
30269316
30317530
30288080
29461424
30290396
30390288
30282396
31201912
30339327
30304925
26004405
30356213
30338069
30337313
30311114
30503133
30386955
28163825
30323511
30340530
30322668
30355611
30923490
21907023
30272190
30314687
30287407
30495951
30338418
18865410
30311881
30294830
30291838
30270800
30252280
20325625
30285582
30297216
30371218
30304364
30264939
22116655
30214597
30425460
30275140
30291706
30297086
30290697
23326577
30269115
30341602
30359704
30323244
30276319
30252130
30326353
21065131
30261817
30291129
30479491
30273942
30224952
30241795
30291517
30454580
30277029
22265051
30313176
30369117
30330533
30310227
30308066
30347282
30275098
30271489
30277218
29084966
30285291
30278855
30527188
30275533
31089235
30236866
30248288
30251140
29295200
30362613
30308231
30280415
30251193
30236884
30296933
30310189
22121478
30459384
30404361
30379876
30384219
30280857
30338566
30287140
20341548
30320975
30298056
30396416
30315448
31061566
32416391
30287382
22126309
30276689
30275537
30312758
30298513
30333524
30290460
30261862
28277719
30338130
30332893
30258200
30254978
30223383
30220073
41250353
30418210
30334439
30318953
30274160
30282911
30313931
29859876
30382530
30335070
30370333
30325959
30277309
23239840
30316399
30387351
30358207
30413365
30391102
21555338
30270809
30300664
30447873
30281695
30242144
21935050
30259598
30278977
30308675
30273035
30193197
25208438
30362677
30364448
30375519
30407831
21241616
46462283
30334406
30396093
30366049
30358487
30276204
26027838
30372124
30332370
30322392
30320638
30400286
23806846
30380624
30391464
30367051
30280424
30282495
30262117
19563273
30315558
30389464
30326759
30583590
30302564
30312477
30293369
30289611
20055484
30376589
30325075
30367455
30564369
30308947
30384700
30399241
30354384
30299675
30250902
36195918
30340332
30312729
30301558
30282992
30321909
30300725
30334962
30252702
30274158
30324202
29984191
30296174
30277160
30478971
32437258
30314978
30295491
30306931
30273267
30274135
25957360
30424335
30277584
30289553
30253276
30278040
30308499
30282440
30293124
30241424
30054172
30374084
30317851
30311657
30259777
30311847
30312622
30277550
30244673
25249072
30345062
30275277
30334726
30252209
30279791
30496656
30265496
30261984
26516702
30324983
30509479
30294628
30316497
30514811
30328844
30285331
22116698
30870217
30254642
30355511
30439397
30344911
30313082
30230811
21405856
30263072
30322426
30345270
30262673
30276055
30276952
30251444
23658837
30916733
30339185
30335075
30267082
30310521
30240379
20530134
30305755
30257800
30303348
30263055
30288631
30256938
20550882
30284404
30282824
30342451
30431602
30240002
30243607
22897169
30334093
30287011
30333815
30299912
30284678
18517010
30248728
30316568
30255342
30449400
30287967
30276627
30393584
21921367
30288350
30271317
30334008
30294713
30923893
30256782
30233264
30253098
19641512
30300755
30280555
30286091
30305844
30283933
30363236
30262196
30309442
30375611
21099461
31136776
31248963
30400478
30331266
30375260
30326765
30278960
30350680
30301635
26635164
30387811
30722555
30379313
30324528
30383506
30326998
30333898
30283638
26897946
30454422
30364722
30331124
30364509
30312527
30357904
30330030
21356138
30347109
30330767
30518717
30270281
30246244
30300484
30349618
19452866
30312395
30346342
30379590
30357365
30391359
30439968
30340566
21737396
30385448
30267671
30321731
30318653
30298378
30649653
30320126
30326793
30354206
45531209
30392935
30428869
30482253
30581742
30415818
30433720
30399044
18507678
30445779
30422846
30444766
30501993
30396960
31050233
30452668
30363206
23614162
30489527
30483305
30547566
30462502
30569638
30394189
30372913
22500257
30494126
30429807
30499673
30357050
30425188
30428755
30476400
24700292
30465482
30463684
30528110
30511347
30432391
30486688
20974129
30407390
30473293
30702100
30450671
30465545
30410564
22640489
30428956
30428002
30495848
30422690
30423862
30500821
22712102
30439401
30504964
30451477
30445068
30407575
30420434
29898744
31025441
30485982
30609122
30381689
30386464
26777482
30503589
30432484
30448443
30485711
30401784
29276307
30464640
30503408
30444737
30446466
21605682
46691379
30441504
30646151
41756744
30455808
29278854
30730726
30583541
30488304
30493224
26403644
30615528
30534197
30590920
30539424
27616782
30543059
30547688
30495764
20216570
30519117
30551071
30569113
30516295
30536561
23422443
30629815
30617258
30617415
30557891
19599097
30542384
30657827
30650971
30735764
30558329
30547795
24737334
30625078
30596497
30613423
30574589
30526839
30608351
30561182
27197251
30669868
30612756
30631446
30569933
30559426
30632965
30500839
25886531
30616026
30598263
30619620
30597307
30601424
30554268
30584841
24590754
38016060
30724136
30485991
30489524
30450044
30614408
30794237
30472322
30505682
28144543
30508990
30519527
30538353
30537402
30456081
30475415
30534477
30469931
24302252
30496682
30529742
30519962
30598635
30461741
30489953
30436036
30504539
25952644
30746766
30524642
30558387
30513226
30536262
30492088
30438075
21507487
30492504
30522738
30491281
30544222
30496044
30550455
30530241
20846946
30598977
30521297
30546729
30540810
30625775
30485375
30437719
30478240
30493686
26170132
30477226
30467364
30535456
30499170
30499785
30488826
30512673
30486780
25673018
30469036
30580867
30487275
30549616
30711270
30460818
30565761
19794661
30478362
30505426
30543306
30515884
30543351
30487816
30437659
30475164
27884294
30565395
30476601
30635349
30443640
30453313
30470628
18435409
30466854
30558247
30548354
30513433
30499743
30489180
30472390
23682219
30530430
30539793
30524081
30540086
30528055
30454170
22404240
30563142
30684339
30551144
30457186
30442792
30477850
23831637
30561142
30567488
30437179
30521724
30461649
30435217
32691965
22218143
30479842
30514819
30474802
30485424
30516573
30515341
30536513
30644435
20577625
30470819
31143557
30631188
30461840
30470127
30489810
30481231
30543979
24178083
30469322
30545728
30479879
30505415
30481313
30504635
30500564
19571746
30463516
30501000
30543142
30503031
30513958
30476714
30552666
20499394
30551296
30495247
30424415
30494117
30496724
30458742
30494897
30418197
20770017
30523106
30500984
30493947
30446704
30451144
30434155
30577418
30450684
20620231
30596468
30607020
30598270
30547591
30487473
30527573
30731075
30437933
30437129
30542513
22547064
30511379
30687973
30487617
30531201
30507913
38244652
31112839
30500889
30457646
20568379
30510830
30498437
30576095
30455554
30605667
30754717
30479967
30584910
30452704
21583953
30507879
30555207
30755360
30446820
30448504
30502260
30488684
30468622
30447759
29425680
30505969
30609829
30552415
30446902
30460302
30470649
30516837
18358813
30513066
30572835
30484058
30461395
30481248
30428973
30500113
30513191
23526033
30515261
30527133
30461106
30492050
30446084
30473946
30469149
22390297
34182186
32000913
30536992
30594375
30459826
30451268
30500364
24776336
30629149
30479522
30495158
30480037
30466858
30533306
21031350
30494426
30692026
30568427
30486417
30462398
30467091
30477501
30523613
22095742
30515842
30503399
30513353
30520663
30443870
30485053
30418015
30474644
30588782
20645278
30502943
30663088
30523200
30493739
30412682
30473801
30573324
30470035
30495569
18390527
30431448
30470971
30426720
30430511
30468407
30400986
30366042
30425182
30435312
30389924
30335526
30457926
26870077
30586366
30503204
30390060
30438786
30418253
30516919
30423004
30354171
30374980
30388816
20831616
30404972
30444739
30425898
30507158
31023435
30354978
30396329
30511156
30425890
30390822
20044641
30446956
30440526
30414006
30388153
30443215
30457877
30338437
30396887
30364200
30412165
24390609
30488208
30461809
30432519
30521661
30382808
30379273
30404106
30427807
30396250
23707068
30479631
30407611
30408021
30424775
30387346
30411940
30402178
30484414
30449733
29523153
30467542
30390407
30381638
30439388
30413658
30402159
30437500
30387122
26457533
37101729
30403371
30482170
30558033
30401959
30368082
30994510
19192073
30420944
30457264
30460691
30436991
30407146
30463902
30408904
30387246
25983158
30503291
30401000
30467282
30343279
30330318
30413231
30429010
26538082
30485361
30522179
30462704
30344473
30445932
30452662
20739867
30371115
30427422
30441448
30436656
30345913
30393822
30407200
30004551
30589931
30429189
30619415
30386466
33583375
18877263
30477526
30391691
30402462
30487124
30417709
30428999
23178207
30389357
30468392
30443240
30528413
30426193
20278541
30453895
30463539
30470942
30446229
30369761
19710765
30437346
30399185
30449982
30397162
30387047
30461128
30397225
28460063
30383378
30495789
30461131
30347333
30352200
30380691
30405395
20779372
30456126
30409859
30398570
30482895
30441228
32436738
30532324
30380553
30384670
30441892
26488435
30511284
30528279
30430055
30383575
30394070
30391831
30417232
30376898
30383686
18562830
30449777
32561848
30436007
30458318
30432087
30443809
30361967
30398751
30461231
30452509
26068631
30379634
30434949
30442871
30478491
30482684
30388435
30711817
30378751
30397620
29916820
30434775
30368895
30468097
30384222
30404162
30424726
30405259
30557784
24756898
30458730
30440251
30411917
30397652
30415228
30400693
30457257
30465804
25814070
30456097
30388960
30413458
30376698
30412897
30418841
30344600
20818830
30425942
30563675
30431582
30430031
30542586
30412656
30427937
19393204
30408969
30419621
30473769
30452564
30354795
30484153
30409889
30411141
30404993
22710777
30469830
30532955
30503764
30435249
30519346
30383933
30469491
30415842
19603500
46357843
30377555
30237880
30353820
30436065
30285917
30338501
30341098
21401596
30498955
30397284
30403146
30297857
30305884
30377762
30321210
30266191
26616915
30333014
30353780
30380246
30316795
30401293
30264129
30307553
26070444
30410082
30484130
32387758
30350106
30318260
30364425
19258396
44784933
30354020
30318243
30269937
30257985
30336324
30271804
40658226
30368775
30341569
30401468
30472393
30331973
30358118
25616929
30344892
40808997
30423088
30388919
30369461
18344123
30308966
30436582
30364382
30364875
30373438
30324116
24774273
30400979
30392404
30320306
30380650
30286982
23702855
30348627
30413314
30621735
30369028
30382709
25546858
30544972
30385564
30419829
30369017
19541355
30365529
30357443
30484006
49494640
30357980
26363915
30380295
30374243
30386587
30332115
25365000
30565002
30443534
30492226
30444804
30408540
24055555
30523151
30427328
30418306
30429539
30328091
30962160
21169860
30421515
30480213
30483833
30588367
30404593
30444993
30413786
30475565
22718935
30402462
30493359
30419920
30376949
30392474
30392509
30421162
30426833
30469638
30506542
26957374
30476671
30483662
30630035
30398817
30378780
30416584
30454191
30590419
30454306
26108049
30504670
30484042
30460791
30396077
30401457
30365066
30416138
30441361
19967711
30436384
29212702
29225221
29177745
29192057
29202147
29175878
29261700
29182100
28701736
29180917
30566702
30486686
30359895
30366977
30471344
30457851
20942579
30477921
30447946
30463817
30470850
30453563
30389562
30578913
30708868
27947070
30465930
30487905
30421573
30391005
30498664
30449064
30481500
28907881
30527247
30389256
30443527
30534806
30464039
30475909
21775120
30491653
30432530
30440295
30412116
30574857
30383413
18757504
30451729
30475121
30434199
31031215
30382056
30449804
19879091
30425838
30480151
30468749
30552947
30418250
30478935
23575128
30482268
30514880
30466857
30444053
30438242
20655948
30425816
30465249
30487055
30467601
30439299
30368524
30402567
24446254
30455962
30487604
31115210
30468939
30446736
30545641
22583870
46562930
30547339
30483808
30448037
30461301
30520424
23451228
30653126
30499138
30492488
30442084
30391274
30517122
27274002
30614869
30563044
30583712
30511810
30444902
23727638
30660292
30575893
30481697
31091268
30484153
23524952
30454822
30541189
30469546
30440822
30428411
26051831
30540523
30536715
30453449
30458337
21018417
30472528
30477889
30520470
30457070
30601606
30459886
24728997
30540849
30522940
30556492
30507342
30463353
30499588
32444172
25492229
30548086
32613190
30736191
30481670
30447955
30478680
30435190
30446060
23469784
30466388
30507262
30481428
30454995
30562813
30446529
30573593
30470018
25922943
30519889
30782496
30544220
30470284
30503929
30430882
30445959
22189138
30498739
30465298
30525815
30590695
30514211
30505374
30461206
30465302
21622727
31165866
30640237
30522395
30476422
30430800
30555974
30471371
30636917
30457577
21238009
30472968
30506591
30590169
30618622
30448199
30441868
30478395
30454605
30451474
20860692
30577554
30526193
30549782
30500646
30540589
30625322
30622269
30493131
30442294
24905059
30566979
30522760
30506284
30526686
30400120
30466267
30453336
30387924
23462912
30672720
30553640
30508224
30559173
30509739
30527439
30605619
30401382
26573171
30602531
30519773
30496141
30434803
30442238
30481016
34920842
23445335
30437782
30480786
30393035
30434821
30360221
30411231
30454879
23902238
30502477
30497668
30594400
30425859
30408192
30394664
30464319
47302874
19219327
30410279
30412446
30452911
30429888
30365879
30413917
30419078
30415638
30401704
30397482
30404031
24579803
30474264
30420453
30691166
30393910
30400229
30443175
30446706
30381070
30385126
30414867
25898484
30545944
30429184
30418439
30405777
30468860
30531969
30414984
30372659
30443130
23235317
30425020
30443613
30438196
30383715
30476515
30441749
30480064
30426753
30390197
24487377
30437106
30490695
30482800
30443961
30494169
30407937
30397395
32519236
21360566
30431451
30423995
30419186
30465475
30360662
30403683
30354944
30431082
21501996
30421887
30486577
30539824
30417617
30392987
30428602
30571892
30462807
23390008
30423820
30503361
30419968
30420660
30432621
30410679
30438746
22035079
30494157
30401566
30595422
30489841
30415098
30445293
30426263
30515474
30410953
22704119
30486061
30556006
30488055
30468626
30521521
30515097
30472597
30482571
30458344
30480480
20751261
30469451
30556716
30528138
30568413
30569639
30566590
30547951
30510608
30510815
30459160
23592231
30529508
30609643
30519475
30511215
30738728
30525688
30500871
30562409
30511412
30482380
30785477
26370098
30628370
30605808
30548175
30518262
30464119
30603568
30568957
30530939
30483737
30472578
24037166
30536515
30794924
30514264
30481424
30485809
30488908
30520255
30616462
30499813
30551118
28573277
30608853
30546324
30548790
30556115
30418736
30596275
30797201
30528707
30569884
25667726
30560959
30561950
30529819
30483149
30533955
30645286
30539828
30517418
17962694
30503246
30529653
30514578
30542191
30519441
30494690
30512375
30506753
30523289
26154082
30567365
30530193
30507446
30564004
30573786
30470476
30505329
30646177
29194644
30523506
30508394
30553358
30421388
30481357
30509517
30521056
23505464
30484308
30552826
30519804
30520093
30517084
30524726
30456104
23149508
30541345
30675322
30576393
30465126
30490842
30505601
30635210
26443342
30554542
32566028
30517859
30495431
30489227
30505526
23135219
30526303
30769464
30648936
30569908
30438391
30549611
23328367
30547958
30611448
30622406
30555326
30538237
30517633
26463180
30607460
30601013
30601650
30524355
30601331
22770784
30517999
30556613
30547358
30561541
30484173
21833631
30602940
30589071
30751575
30555501
30620368
23507149
46617776
30517682
30463330
30484470
30515562
29181707
32646242
30466260
30519186
30522802
24382299
30518819
30485409
30526618
30519721
23483686
30462758
30546431
30650112
30495286
24913230
32643482
30482068
30484285
30492457
30030756
30510191
30513474
30576490
23700092
30587894
30674175
30533877
20917030
30479708
30520135
32706129
30616984
19963028
30470405
30476824
30479755
30526204
30489703
30544426
29991282
30479212
30524679
30517866
30591062
30532202
31704536
24318041
30564235
30538853
30582588
30469213
30662890
30433609
30465109
30481413
25956600
31355155
30519495
30493816
30471967
30498006
30481136
30621090
21468645
30549426
30559233
30528348
30480633
30447657
30443528
30467995
20848352
30498575
30461516
30473449
30531331
30452895
30454028
30760691
23386895
30639190
30593933
30506990
30438973
30471290
30586405
20345928
46544183
30430466
30598061
30429171
30424410
30475671
20238190
30431267
30460678
30439668
30425734
30384132
30616018
23248311
30395229
30498839
30453055
30433402
30382295
18971871
55284615
30433606
30441110
30532786
30388086
30588806
29545578
30479380
30474860
30489404
30423013
19630653
30396087
30451515
30355431
30387817
30390115
23522520
30422328
30431240
30488822
30478488
20735383
30448813
30466153
30498555
30438200
18935549
30437317
30450282
30436664
30455957
30423991
30429586
29468294
30413629
30463271
30609037
30345546
19535169
30451756
30457122
30475758
30447753
30423171
23493041
46559540
30554682
30513493
30490835
19719535
30473526
30608482
30543640
30694772
18160197
30645246
30553675
30457451
30518977
30503720
30439540
27776139
41590530
30446622
30462911
30427464
30381854
30466493
23416125
30404233
30398328
30432079
30426366
30422553
30448307
30327355
30391461
24907960
30593196
30475069
30430706
30372977
30428530
30443062
30379313
20853670
30393311
30399468
30385285
30426747
30431409
30441740
30474309
30374758
30550366
22014349
30426024
30557293
30376019
30401330
30366044
30469941
30375131
30471520
30431680
29123227
30423355
30417613
30479902
30385069
30403857
30418012
30400924
30422266
29508707
30468264
30417764
30417816
30357738
30418764
30469912
30451524
22533307
30469335
30461875
30439548
30555968
30412528
30382584
30435966
20759908
30423270
30429504
30461460
30454479
30529640
30353999
30398744
22669746
30542817
30424276
30450201
30372087
30397010
30528500
30426178
29868958
30369910
30423024
30464588
30403075
30387849
30458312
27368804
30395805
30448233
30445720
30378547
30393481
19092479
30388824
30454555
30715158
30462449
30380228
30446951
24291285
30481722
30455969
30466928
30413466
30412800
22467010
30479405
30478149
30535152
30366196
30366802
30389366
30352828
29848756
30500406
30393946
30449014
30425135
30402292
30428415
27670350
30455010
30476223
30552504
31189124
30474846
19360911
30463157
30408180
30505480
30460592
30406367
30361973
24608178
30414833
30445390
30465259
30359037
30355072
22911584
30490115
30514713
30427082
30456890
30538218
23763559
30425827
30454875
30458591
30410838
30546473
28188334
30416017
30434888
30428929
30414364
23343612
30457733
30483013
30449590
30470533
22011782
30465093
30408726
30415041
30351719
30413240
20029334
30432369
30461002
30460755
30404639
30440741
20652529
30402219
30380559
30424932
32562939
30384704
23825033
30448306
30391684
30427922
30411298
19934357
30410608
30417106
30468104
30459944
30452273
30503355
24881213
30541512
30490459
30438338
30435420
30428022
30450762
30434387
27094462
30481757
30401680
30452969
30371132
30380232
30410891
22714973
30398521
30469509
30398579
30592682
30459242
30441848
21609540
30476322
30456918
30449841
30620033
30415604
30389922
30368617
18801716
30445787
30383693
30481824
30492811
30485214
30398769
30321519
20424731
30484070
30451715
30490561
30432213
30413304
30373733
30367419
30692609
25486264
30441582
30432356
30421420
30408657
30413669
32501191
30419711
24193948
32626158
30512021
30456858
30428090
30446362
30566411
30400187
27326894
30358984
30355451
30362413
30529530
30376924
30268030
23344857
30358324
30366242
30385298
30339557
30352967
30276333
22941858
30291566
30313476
30363688
30227242
30254980
30326291
25776229
30383018
30368682
30466895
30469242
30557921
21656087
30337677
30417013
30630079
30344168
30320813
20697845
30358040
30428435
30429191
30344633
30468982
30320044
30342169
26567020
30417795
30468261
31020390
30285514
30295015
30310906
30360851
30392310
29998451
30451508
30547946
30557926
30518057
30602842
30462062
30522866
23910944
30571145
30562701
30507056
30505231
30723157
30463032
30531498
23359442
30653489
30597304
30548235
30492640
30547277
30574897
30545572
26936052
30476360
30533099
30569047
30558674
30478832
30541955
23620961
30500893
30542035
30527675
30580966
30521200
30544568
23366506
30474966
30553321
30570998
30498109
30545291
30536980
42044174
30564914
30583155
30585536
30776863
30523070
23172235
30610279
30614884
30614675
30581955
30585804
21942402
30553403
30605846
30622416
30529862
30554402
23467398
30574633
30550867
30638262
30537699
30860604
29452866
34247802
34241504
34277328
34161142
24621563
30608085
30587591
30589326
30563496
23594946
30580757
30683173
30613706
30563246
25004369
43261523
30574568
30580885
30608722
30572489
26745073
30576969
30666610
30577619
30528162
20879735
30598693
30587204
30583029
30557702
30570621
27855392
30548614
30551373
32740203
30540239
26232925
30593078
30562534
30598283
30560333
30658204
24706449
30593246
30592924
30567157
30530078
30575455
26359680
30613364
30576084
30606944
30474966
20796119
30528595
30548293
30630631
30549561
30539830
26843336
30532682
30586922
30552196
30541306
25491407
30765255
30594968
30538522
30503215
26599622
30766379
30704743
30684426
19803506
30589491
30554088
30620662
30573188
24713379
30615321
30596400
30598142
21962533
30630031
30623775
30513359
30703302
20498335
30564593
30600972
30696369
30584882
54206638
30636575
30418482
30589238
30581794
30535288
#end
