#729a2951|blade-3-m620|jdom@54ed0cc8b7e8deffd5e088305ca7723dc0bd963c:org.jdom2.Verifier#checkCharacterData(String)[generators@bcfe6d43107430b2604e2e34b9151742941652e0:cz.cuni.mff.spl.casestudy.generators.ParseFileGenerator('MQ==')]()
#date=May 9, 2015 9:25:57 AM
#warmup=1
#count=3709
#begin
38779309
54193097
32443545
36889729
30318943
29845514
36810775
30323431
29904372
36825369
30374800
30934631
30209789
30288844
29933142
36829890
30210070
30238186
32320479
30190389
45474859
34593948
30364237
30302868
30323909
45106033
30275700
30324398
30354039
30404678
30298566
30278069
30196452
34598181
30369445
30362069
30287020
30443875
30311797
30318086
30291382
30295727
30305822
30346273
31441021
34440995
30365565
30371762
30356182
30331533
30346501
30304582
30385557
30318243
30368445
30331693
30330354
30344518
30439804
30337346
30049213
30288289
32432496
30325533
30315087
30331691
30292351
30468507
30341075
30299646
30305531
30449442
32491634
30344081
19162600
30392848
31259879
30354926
30442468
30274187
30358104
30350125
30265136
30455737
30276360
30250131
30308712
30267726
30322140
28302937
30396386
30434174
30502495
30354291
30298821
30307744
30367528
30324126
30333362
30307927
30318119
30303931
22102175
30421693
30355798
30377595
30353199
30370593
30339186
30431509
30381886
30287997
30323617
30296048
30401555
23241852
30393593
30426231
30452784
30332411
30346011
30321066
30300984
30286513
30336410
30320602
31002132
20524112
30410986
30340033
30342680
32385359
30311555
30318897
30261606
30285991
30324424
30327275
30372267
23373149
30417482
30389473
30315315
30342826
30319797
30330062
30282540
30292247
30351129
30375977
24110996
30371284
30398190
30330460
30483127
30291419
30313815
30270333
30264804
30331485
30325223
25781614
30384110
30364582
30351053
30337930
30289796
30323493
30315951
30345266
30460855
24954381
30397795
30359364
30323215
30261926
30289962
30334731
30437444
30452571
30303202
29318189
30428950
30321582
32142927
30294542
30504744
30299946
30336586
30318566
25626928
30407790
30331655
30333220
30305366
30486075
30318573
30338236
30291442
29303591
30402322
30368247
30971971
47929810
30389580
30392059
30312973
23673382
30428475
30447591
30385829
30348935
30324295
30324402
30362199
23705479
30427580
30377046
30364644
30341133
30324986
30303153
30247458
28820401
30400944
30388211
30376955
30311666
30380973
30284256
24479856
30447467
30382807
30375270
30315287
30340432
30289249
27446413
30564177
30335510
30348929
30311871
30338482
30364128
30307855
30339611
24473799
30464021
30377611
30358227
30358586
30316482
30445878
30347844
30288558
30280196
30326344
30330560
27195504
30356924
30388124
30287973
30314754
30382300
30287442
30331508
30310526
30318982
30226664
24715323
30354129
30230791
30284127
30243413
32355461
30198583
30245700
30171564
30201888
30354995
31754901
30307765
30245790
30271833
30215495
30205757
39190514
30224971
30229141
30222340
26135505
30436946
30290858
30281791
30176014
30220059
30201524
32278087
30210820
19231505
30270089
30339837
30284195
30269975
30219211
30234843
30151804
30204642
30240673
26391252
30407533
30396382
30347795
30332173
30334069
30288823
30325381
30355541
29599734
30379028
30381924
30347655
30319074
30566326
30283275
30322528
23541282
30367746
30363447
30402411
30310717
30320297
30474875
30404054
23102499
30438808
30528163
30412066
30420380
30361682
30526391
30450468
26502097
30538264
30522795
30408813
30406746
30411646
30424799
23125257
30435913
30476146
30410520
30395495
30379895
30423458
23179560
30597982
30474431
30423317
30408431
30397484
30438733
26468027
30523393
30442922
30463416
30448479
32546817
22499726
30502411
30470986
30494886
30418673
44346875
21739053
30477699
30475876
30520956
30388841
30397742
23230444
30509015
30425521
30403126
30467999
30504506
28857985
30554565
30497842
30454573
30495332
24080463
30548044
30513897
30550313
30530006
23332134
30548397
30534722
30455484
30430849
24524436
30586312
30532890
30514251
30434035
30475684
25731291
30632433
30413277
30596475
30532146
30502703
30500259
24174321
30597306
30539754
30710722
30978692
30475762
30415537
26367196
30506326
30694071
30500364
30804915
30492707
21320636
30532786
31170250
30505314
30402904
30471535
19829090
30648261
30537464
30450119
30489583
30491979
19605075
30473253
30416709
30409202
30415309
30363919
22801404
30464315
30422960
49768500
30392840
17934213
30377233
30373204
30393113
30267488
30302886
32441284
23494046
30422884
30476262
30297866
30360006
30504773
30261559
30292413
25109325
30426529
30392318
30333462
30325160
30295120
30407159
30319637
30290854
21383805
30379933
30364482
30418613
30317884
30331789
30309342
37021885
30332024
30335104
30268046
18586442
30325367
30339215
30340877
30330289
30266090
30323448
30293863
30307106
30280564
30288704
30353487
30331895
19861819
30376995
30420022
30337763
30360996
30272368
30302537
30308202
30334515
30319342
30269960
30346542
30285636
30339168
24682328
30416417
30363217
30330980
30403361
30325464
30375700
30349100
30312388
30601584
30356883
30263911
30342604
26322884
30456460
30353276
30364820
30303693
30295178
30295002
30323706
30323593
30279326
30312397
30347521
23266536
30411484
30416124
30348989
30433886
30308906
30340276
30352562
30357460
30328444
30339322
30372471
26831507
30440273
30362267
30349741
30349406
30357420
30389955
30309801
30368253
30350610
30326909
25273189
30486202
30383642
30364593
30278680
30333709
30346022
30359531
30299141
30352876
19052024
30414695
30389337
30369870
30331924
30379603
30367462
30338476
30378679
30349037
30321671
29686033
30365860
30345797
30333575
30417686
30367287
30350228
30326453
32340436
21543862
30389856
29125240
29186807
29089163
30158759
30371542
30308851
30343307
19553334
30394207
30415889
30401041
30379285
30479059
30294460
30353104
30286269
21777248
30407297
30334468
30379942
30422297
30362184
30283620
30453269
30315718
29532947
30398822
30362714
30283498
30293559
30309803
30323969
30309573
29706856
30412370
30354611
30402857
30366933
30353961
30307762
21783698
30384752
30384971
30379795
30322782
30305784
30348926
18619250
30400416
30386475
30344375
30366089
30304249
30303177
21469212
31035048
30388175
30347997
30339802
30290193
30304400
30287996
30346017
25926942
30379721
30317958
30338395
30308251
30333727
30332758
30415027
26293999
30528002
30350560
30359159
30351584
30342078
30281106
20495969
30340649
30331226
30348913
30324553
30277669
30295317
30290382
29268851
30386518
30395597
30378314
30356220
30328095
17712647
30419776
30498921
30375160
30370511
30338337
30289948
22400189
30395030
30328362
30497050
30385129
30371824
19173430
30365804
30354282
30410865
30395827
30391064
18522696
30370557
30992599
30320966
30326824
30426799
21180343
30581968
30408010
30338722
30348095
30293122
25803931
30452651
30332223
30487599
30341199
30407295
19399854
30349567
30424724
30351954
30395847
30284237
30393597
30288793
20316507
30364639
30353611
30320153
30387871
30363137
30312701
30356580
30344986
30298820
24759877
30410264
30571775
30367135
30383242
30334397
30303769
30653613
30316627
30361806
30323470
20606700
30439564
30375209
30478435
30333455
30332788
30343936
30300424
30359335
30329358
30307508
30519297
26036509
30398326
30334859
30353851
30288987
30359449
30307257
30278594
30290196
30296179
30290022
30291764
30356799
18317460
30422660
30399997
30378523
30356453
30294522
31138192
30306370
30310809
30295322
30304883
30303252
30328953
30472328
29544127
30372206
30349324
30350082
30306025
30579160
30292522
30307639
30342286
30271142
30249477
30343567
23299277
30376883
30412879
30284367
30302426
30292613
30387250
30335669
30223941
30316484
30325771
30310069
24278632
30398875
30411104
30384210
30359153
30417035
30332220
30315330
30472166
30314195
30254979
21503849
30409650
30374149
30299633
30325750
30314405
30314175
30316633
30395160
30281538
30278347
23313573
30412556
30317138
30337444
30295255
30333609
30368991
30419209
32335870
30298804
20605101
30503146
30397075
30325071
30332116
30305767
30346788
30342979
30276370
30441251
22533076
46272446
30284642
30272704
30266673
30230064
30226964
30266414
30193677
18666088
30271124
30453957
30327839
30249436
30232933
30244012
30409290
30301683
20492770
30237753
30306569
30263439
30282966
30199374
30361418
30236082
30236926
24492057
30325738
30203349
30270258
30242622
30363266
30274044
30246898
23199204
46394023
30281889
30267045
30567266
30196658
30340565
30217542
25929771
30299674
30309331
30317121
30207867
30230148
30353994
21940418
46270745
30209593
30338884
30203813
30165831
30173037
21481725
30240788
30168491
30188108
30336102
30221376
30154994
23643101
30294986
30244800
30475173
30152669
30186446
30237502
30158511
22905615
30296012
30268367
30229074
30225273
30146415
30336146
30231037
30192925
30159551
25870873
30316304
30307957
30257828
30359222
30277393
30196237
30207255
30249004
23192199
30311915
30253635
30226400
30313376
30276755
30212376
30268020
30246549
25873376
30298163
30239431
30195651
30178346
30146059
30160389
30183360
20620250
30247812
30289213
30790630
30210051
30174230
30240633
30222744
20486106
30277531
30169378
30265809
30223987
30228562
30152131
30144400
23256928
30188373
30244332
30241709
30170355
30213833
30197422
30118158
30285669
21210405
46375842
30258777
30408350
30242182
30267487
30243464
30246853
30288085
30206366
30183785
20870948
30266277
30234222
30264306
30212149
30250518
30264201
30212937
30212267
30226974
30227451
30215747
17741445
30266708
30323173
30229783
30884846
30192396
30205788
30250653
30249642
30265023
30332249
30244287
30240175
30288600
25936741
30370103
30229744
30249851
30233067
30223447
30237059
30198084
30223553
30225366
30255185
30209259
19729979
30316373
30255467
30307215
30173560
30235760
30160239
30239839
30210742
30224393
30209011
30328909
19364750
30271488
30258775
30272730
30266751
30249077
30210177
30361014
30202153
30188198
30233802
30217737
24610890
30252781
30181613
30214762
30184911
30090385
30159126
30204760
30233888
30256810
30201008
25439302
30244016
30250997
30294073
30170958
30802275
30164611
30176575
30310822
30176258
21486338
30235415
30217407
30215553
30312500
30141489
30292864
30167342
30181353
30173824
22189660
30275048
30559455
30140380
30276702
30162695
30181336
30175451
30143924
30161082
28346477
30278746
30296921
30221913
30150022
30186944
30235550
30187774
30162535
27362610
30341304
30200676
30268600
30205139
30243216
30150660
30207263
21085713
30240495
30265411
30178555
30188409
30168383
30200253
30206499
18627570
38374815
30204607
30223750
30312411
30190635
30164642
30134988
21160792
30227974
30232568
30163756
30315631
30180036
30111271
30134567
25262236
30254682
30210239
30213355
30184411
30171871
30225118
38024902
30330820
30276928
30219182
30228393
30274807
30249156
25482113
30314062
30247631
30329841
30226988
30226913
20575554
46436780
30385689
30405742
31490812
30404534
30371384
30373955
22207396
30433496
30411597
30336976
30295839
30338059
30317760
30342840
30390290
30311818
29967471
30440006
30348495
30365508
30281713
30472714
30330626
30954646
18055513
30389592
30417992
30378078
30354457
30333633
30262553
30333853
30295377
30354778
30332184
21457546
30401204
30396144
30320584
30337333
30274057
30317957
40967853
30350508
30310889
18027357
30356295
30366440
30361629
30346055
30310962
30303635
30424722
30313726
30492224
21349723
30405348
30376837
30318660
30320587
30332149
30341571
30404191
30333915
30351737
29109351
30444978
30398641
30395526
30283495
31174664
30307520
30364459
18643414
30399533
30423055
30379558
30379524
30253900
30386582
30320135
30322486
25892604
30342593
30383626
30392875
30352064
30279362
30301724
30343613
23088778
31019064
30366464
30981826
30367744
30293220
30288507
30279895
25829169
30357817
30478969
30279360
30347775
30337124
30300549
22733979
30391460
30411660
30461115
30309651
30311180
30336976
21718458
30384566
30372880
30373846
30298655
30284220
30309260
24653822
30383675
30379048
30410302
30718575
30348482
30372955
30367321
23703864
30363361
30378323
30380186
30404430
30323144
30327582
30353271
30336072
30355963
27908170
30443055
30364954
30369216
30369240
30354324
30624106
30295746
30299260
30316448
30266540
26666900
30407842
30366786
30351894
30347517
30325786
30313560
30388588
30383408
30274497
21330296
30354599
30373704
30508013
30324303
30340487
30353009
30357253
30313095
30328067
20748836
31338446
31382528
30473801
30416622
30405861
30433558
30527902
30361410
30402693
24724005
30519340
30479347
30421684
30393415
30393646
30379915
30436552
30427579
23353422
30503867
30457351
30441085
30446235
30430835
30421587
30507865
30415052
26169172
30477980
30437666
30470944
30411235
30401022
30513157
30359027
22867400
30503943
30483726
30438644
30429789
30410891
30408935
30424686
23303369
30416308
30442310
30403000
30408584
47858967
30373002
30410111
29152920
30495987
30416697
30423310
30371890
30417582
30345162
25321230
30577730
30513335
30419319
30437283
30311229
42364434
26395285
30566262
30415398
30361375
30464478
30399595
20320930
30419307
30493297
30684805
30434894
30359868
30357287
28118770
30466694
30510519
30475783
30379419
30417515
30388002
21789742
30427066
30437833
30515246
30439893
30351475
30475128
30379409
30452447
20911682
32550798
30464144
30442544
30480499
30538882
30416766
30417911
30389440
30351807
19036234
30428168
30504464
30471237
30401005
30418488
30407224
30429342
30401006
30403024
30403178
20530079
30488615
30466887
30422677
30562286
30400433
30412142
30420552
30474433
31048668
30405940
22911960
30622520
30396297
30437553
30446066
30376826
30397182
30434173
30433153
30505935
30381622
29335069
30450611
30518424
30450470
30437999
30475984
30363691
30415769
30446333
19333651
30452868
31287703
30443628
30440904
30369631
30386809
30373745
30394960
30363013
24481805
30536946
30465135
30562901
30408018
30467462
30452929
30420973
30369884
24416201
30471331
30554442
30452023
30426684
30381856
30403375
30401948
20818061
30441228
30460149
30415511
30452530
30406358
30401355
30369015
30417107
27064493
30380971
30385104
30461033
30374024
30403455
30400617
18331922
30435280
30495597
31220226
30415462
30389582
30378031
30416396
24286254
30484758
31071106
30492981
30394360
30316400
30335595
22959301
30447751
30411537
30469242
30377675
30376363
30438011
25014454
30449666
30615633
30489069
30381658
30386255
20409645
30464793
30480921
30438751
30463815
30387906
30388868
29823392
32381549
30530228
30613720
30407581
18340742
30564682
30561957
30478390
30529121
30402750
22066609
30503895
30537339
44271072
30508873
30454631
30401037
24968406
30482915
30404504
30432508
30482014
30427385
30370608
30409266
22490482
30491665
30458192
30408081
37704537
30443747
30394067
30369953
24926874
30481835
30454915
30437233
30579558
30417506
30417933
20628223
30469033
30464680
30504820
33310267
30377055
30483435
30342964
30380886
21147094
30458263
30427238
30405039
30436431
30501808
30365635
30373606
30370277
30408829
30408009
23811834
30463306
30428070
30417431
30349298
30519916
30658024
30409373
30397782
30373589
21950721
30461856
30451804
30428486
30414427
30385989
30476306
30438382
30796740
30492118
24424704
30479617
30458275
30446410
30412616
30427795
30377197
30543024
30375788
21844689
30451062
30424803
30395937
30349679
30414622
30548058
30394715
30409904
23219401
30459955
30387704
30413240
30381326
30387515
30396453
30430442
18792158
30440582
30450726
30467210
30464924
30356108
30449755
30368226
30404588
30165756
30486484
30477353
30407549
30389085
30409528
30406273
21612469
30415982
30439695
30452213
30427117
30468882
30439190
30538129
45494652
30272684
30333456
30271956
30377110
30283073
30235336
29516507
30319104
30332982
30316562
30315376
30403975
21230056
30302696
30336726
30324862
30265306
30208793
30306502
27680275
30341912
30309768
30300036
30250073
30185529
26071985
30289117
30402555
30319166
30233907
30321670
29070759
30353906
30333013
30247835
30422613
21907171
30316812
30294986
30311571
30306581
30274627
30264275
24845411
30310484
30320294
30295824
30274120
30281741
30284478
30921007
39157666
30413708
30412455
30339872
30507700
30355822
30358493
30291644
29551417
30355846
30319068
30259657
30182676
30309587
30229180
24511183
30343137
30316782
30286896
30237993
30405011
30270542
24627472
30459691
30306302
30226331
30294460
30291417
30261264
29737969
30433333
30503344
30328677
30316525
30273867
26195275
30400446
30395624
30311303
30292153
30399795
23324359
30420278
30338460
30320157
30445126
30340951
30345248
20602112
30381288
30437959
48909891
30316250
30322417
30326477
21187057
30468372
30387976
30314006
30405069
30329929
30334401
30288309
30317115
26645691
30396933
30347609
31117137
30295906
30339026
30300798
30380522
26618953
30391064
30356862
30293744
30343107
30378820
30448417
20353985
30387893
30364755
32455247
30349915
30281822
30323089
30294939
28430819
30379224
30503077
30385495
30341769
30358815
30307014
29288572
30416209
30318144
30527738
30281626
30360221
21413399
30382382
30298122
30335751
30336958
30341855
30322020
29479655
31232125
30373286
30332904
30359999
30287634
27968683
30467678
30350884
30304528
30284513
19190002
30687976
30382719
30446180
30382668
30342348
23708923
30362456
30372415
30397753
30373820
30318782
30298315
28401314
30407178
30329551
30298791
30352085
30313820
23600955
30375915
30331051
30375103
30378916
30343233
23564083
30365500
30444279
30384535
30353834
30320096
25240593
30544949
30280002
30318562
30336680
30342797
30288122
25438912
30238269
30197295
30175140
30195753
30153377
30331251
30221846
22089784
30237196
30228347
30141353
30337963
30103816
30137487
30143284
22393873
30265940
30140475
30191313
30326493
30222267
30248712
30120908
26221893
30305618
30225348
30197686
30169971
30147045
30154513
23532010
30201866
30204939
30268133
30158442
30120306
30239828
24256416
30309224
30226155
30174846
30158435
30164204
30204329
29738258
30268749
30245778
30237578
30172113
30180529
24829470
30243373
30243466
30222685
30207975
30180314
38907360
30301395
30238549
30294017
30239222
30213113
26767052
30304156
30330719
30259889
30267260
21680401
30256127
30319720
30219269
30401142
19080831
30223237
43382662
30303029
30228899
30255129
30042146
30356846
30297663
30315528
20292151
30331144
30295336
30287465
30259271
23522205
30342302
30248487
30272744
19593186
30293513
30276716
30227030
30206562
27864397
30317976
30279804
30261391
30190291
26231587
30292920
30269905
30278753
30221670
29044307
30313522
30277373
30273962
21217814
30298038
30323549
30294024
30217745
26516186
30320853
30289040
30286379
30226491
23014066
30307873
30329317
30370667
30210778
30276416
18706122
30273086
30276991
30276489
30206248
36630175
30238398
30237095
21973865
30444271
30353022
30340891
30371900
30382669
30333128
30354095
39660663
30485277
30481948
30406091
30458310
30390329
30432033
21671574
30482228
30398236
30469591
30419050
30500719
30437426
21347902
30591169
30468080
30429611
30456588
30351666
30387709
24188952
30477146
30570196
30430239
30398823
30424200
20435964
30439369
30419291
30420238
30387610
31046715
30385153
30386904
26229517
30591097
30546715
30523620
30426948
30473633
30537459
25416696
30617157
30546696
30605773
30521055
30463977
30467164
19775821
30760273
30538853
30486173
30490111
30440451
30470310
30515898
30480300
24435305
30457948
30453853
30470328
30582661
30430371
30429406
30446102
38312926
59530883
43621607
43700258
43748209
46404109
30447072
30404465
30414906
30378395
30381297
45601543
30230350
30236593
30356740
33943523
49238027
30269908
30287578
34078121
24582332
30493687
55354091
38380197
30257326
30259786
30313865
30251972
32169978
30276391
30090932
30546775
30251713
30196498
30203631
30279691
30283971
30393019
20331932
30336726
30325231
30267348
32059496
30220533
30252222
30277251
30214507
25728449
30325144
30230288
30216024
30267142
30240673
30294684
30249866
26623177
30360367
30285155
30333911
30192151
30199956
30217724
18367451
30287317
30280004
30299636
30239439
30193925
30286286
36480418
25327012
30360740
30266502
30323233
30198851
30783912
30261698
25405940
37214393
30297904
30330120
30241648
30873115
18104118
30275117
30344389
30289957
30877855
30171822
30206664
24788989
30347820
30297196
30259102
30344361
30239060
23710382
30272224
30301167
30229428
30292413
30271804
25515876
30427584
30291124
37782981
30219247
20094483
30281265
30288856
30247000
30211549
30291811
26719104
30361711
30271624
30269373
30216175
33522796
22880189
30317169
30329661
30302285
30270829
30240030
21917516
30308555
30325761
30287271
30265361
30221717
30159831
18077729
30356796
38871739
30241191
30300450
30258484
30270331
30221331
32370813
20787848
30457606
30265309
30205191
30186342
39536243
30256288
30262867
30279597
22424731
30358963
30337987
30288636
30211838
30283797
30258538
30220451
30196389
40929944
30179733
26800202
30295097
30371822
30218788
30228551
30212269
30230644
30220529
30279658
30288120
26127658
30302131
30395055
30261850
30278791
30222066
30290173
30285236
30214757
20468747
30281406
30323783
42171382
30271404
30259280
30261378
30277766
30204518
18146925
30292620
30342900
30268446
30297266
30255678
30277082
32477253
30223333
21302766
30274826
30310206
30253527
30238962
30234639
30200319
30218900
30225242
29697362
30292873
30247237
30226336
30258706
30293519
30238326
17963611
30282248
30264273
30229864
30277089
30278588
30275355
30270557
22708429
30462185
30445674
30431744
30397958
30357718
30399538
20534150
30456482
30422478
30460752
32429174
30407261
30425864
21224438
30522299
30463503
32524400
30453322
30327995
30446788
24924089
30462327
39254603
30458180
30373953
30412588
21864334
30477473
30428821
30429786
30468962
30402295
21758823
30558751
30565620
30395751
30441455
30452302
23780655
30464329
30418464
30454515
30490051
18589629
30475804
30474509
30476362
30430184
30426688
30430888
22793969
30468063
30457242
30578540
30370604
30376183
30362677
30367626
23373372
32600646
30484865
30419925
30396102
30422484
30407723
30368807
30413855
20463972
30495868
30418953
30414897
30387244
30485343
30547015
30379099
30425541
30401616
24917178
30529101
30533828
32473034
30419418
30425795
30392373
30362867
30403601
23924906
30369098
30409161
30348623
30446584
30363897
30345835
30306480
30329599
28817291
30408989
30322960
43415505
30363905
30328922
30299906
30381473
24753892
30428177
30372852
30373165
30510848
30314184
30325834
30359531
26063222
30500586
30327242
30388846
30288531
32350636
30294661
20847814
30392393
30376040
30361918
30313657
30298765
30318369
18498623
30368788
30483570
30324153
30343766
30361533
30328584
20994677
30372107
30373827
30511548
30370627
30355353
30337406
24614631
30403308
30421459
30353107
30413076
30347822
30316522
30291426
26118814
30456076
30365655
30291033
30305772
30317660
30307064
30468664
30375208
27110715
30412450
30417382
30384771
30681164
30251816
30306825
30437928
21891745
30377937
30387634
30384355
30339453
30313531
30298127
30343777
20661299
30370324
30374595
30330366
30373446
30312591
30331329
30484533
30271893
23132328
30442944
30391546
30338024
30287982
30351184
30279555
30327987
19968776
30480667
30369426
30343091
30280465
30290897
30233735
30343847
20596257
30400420
30370829
30386016
30359048
30277954
30341124
30325791
24207506
30400135
30507357
30370331
30257893
31301655
30368814
21739760
30395167
30390988
32396843
30374828
30290528
30327055
30345595
30353660
24719085
30387733
30973843
30371570
30311823
30280900
30396285
30308091
30335997
20480543
30414465
30394071
30336749
30351833
30388779
30310575
30331307
30320926
30319844
30381280
25908229
30412564
30374903
30377402
30341071
30299166
30366804
30318489
30299337
30350877
26362962
30399235
30434428
30337936
30344602
30342864
30389521
32393741
30321262
21474125
30381533
30368276
31005280
30496962
30324164
30380920
30339501
30346691
21130690
30361162
30381746
30379239
30335064
30363684
30355073
30309556
30311017
24337756
30453164
30381380
30386433
30302940
30352235
30341438
30299711
22230213
30447509
30428184
30367899
30351756
30338801
30326784
30315031
23244146
30408788
30433975
30357275
30322793
30295411
30314208
17757223
51543683
30322460
30363609
30366060
30275481
30446910
30292506
30306740
30322778
30246462
30393339
30391493
30346593
30307797
30276295
30332464
30349878
22466673
30352508
30517084
30384196
30330802
30320234
30307833
30324173
20571040
30396415
30354325
30328359
30345278
30301084
30411333
30343513
30307015
30287484
23101977
30368447
30314752
30313115
47759004
30319251
30454628
30378564
30360702
20449985
30392421
30400206
30415383
30325991
30328735
30310344
30314084
30414215
21795687
46340729
30254948
30312078
30263857
30218273
30404655
30197929
30833973
28304492
30304147
30234637
30274678
30267348
30187613
30253420
30249071
41846574
30282485
30247569
30209691
30117032
30199795
30193060
19861879
30212786
30239649
30219481
30185873
30196464
30215230
30195571
30199699
30159494
28872524
30239617
30226531
30247613
30198033
30820827
30188883
30199344
19341457
30220531
30342668
30249941
30168486
30182656
30214340
30221548
30227225
25509195
30347724
30203245
30244957
30159880
30159384
30341615
30177946
25433044
30263496
30255635
30199713
30238350
30175909
30329753
19044405
30272189
30241516
30220902
30281924
30236704
30193374
30243244
25960562
30325095
30309042
30218858
30135460
30228708
30224627
26264147
30218147
30260873
30187260
30245478
30199613
19806762
30237666
30278741
30183207
30212246
30236673
30167048
26137209
30273309
30213082
30243626
30195495
30222525
25348836
30280344
30241429
30263239
30191898
30177433
28380585
31782863
30222607
30286193
30339995
21992995
46393067
30276482
30350935
30244108
18769603
30395844
30306237
30283376
30240209
30237422
29746935
38965970
30267667
30252233
30300157
30198365
28001979
30316442
30346573
30250420
30263397
19047631
30350011
30332113
30236980
30307735
30240028
30288165
19151512
30306327
30252782
30333295
30262991
30265896
30276302
30168680
30259410
29126702
30440993
30224911
30314798
30257873
30295686
30243462
20214540
30243943
30306473
30273757
30277540
30221104
30215511
30234927
20412950
30329371
30364759
30337146
30310457
30283818
30234013
30279551
20531986
31284053
30357097
30382661
30352893
30348000
30315226
30397431
30276553
30960366
24622323
30381171
30326944
30363869
30289776
30332968
30401693
30313876
30336199
23310383
30396102
30392740
30325031
30337969
30344212
30332572
30448896
30271551
26390653
30443345
30356606
30348734
30301141
30345153
30276067
40330647
23273126
30386749
30416829
30318188
30345542
30296295
30320708
30350526
23835383
30517466
30398588
30423139
30342474
30294571
30330719
30325652
30042800
30427627
30366080
30366740
30318451
30327071
30339660
26026506
30374442
30350542
30391320
30340204
32433405
30365464
42846241
30480053
30460688
30348966
30570639
30399630
21466208
30448999
30404272
30410883
30437495
30374499
30521511
30067581
30464993
30461973
30417977
30432309
30421804
29969755
30670223
30545897
30505797
30472027
20840049
30531942
30529482
30507784
30671344
30502597
25818059
30539813
30497224
30474244
30502744
23284776
30514488
30521086
30495999
30456213
23035749
32373578
32399677
30406068
30427672
24876619
46697526
30507213
30550235
30525942
30482299
28367892
30552000
30523654
30503900
30491261
30490705
30536606
29955342
30537826
30470896
30512855
30508175
30427071
22062258
30487524
30408932
30425591
30465562
30426617
18580909
30407840
30460195
30440847
30450298
30427865
30409660
30397321
23219587
30410162
30476664
30423995
30384124
30392291
30410629
30560578
21677439
30443248
30483493
30462322
30474828
30387888
30461431
30394997
30468435
20580237
30456507
30603762
30493435
30436464
30404900
30417430
30407162
30410991
19698544
30441711
30451562
30489024
30433907
30539740
30439747
30446538
30473982
30377815
30439351
20610704
30473789
30459202
30434777
30406515
30422044
30390309
30459124
30649784
30508311
30379831
21565936
30515620
30480726
30471653
30594224
30394117
30427137
30396777
30463179
30408513
30392796
30403244
30438724
20727343
30482060
30512353
30433889
30445984
30388246
30392163
30379767
30513958
30345289
30448944
30423729
30459119
25888655
30448095
30380111
30435775
30482260
30463280
30399603
30490646
30437664
30406400
30461558
30459269
27715261
30482831
30647727
30448531
30393176
30382326
30377202
30432751
30449731
30446996
30423769
23639549
30549786
30562544
30457151
30412165
30425894
30383238
30390575
30515597
30443941
30508079
26024916
30452622
30432542
30460529
30434179
30420556
30401030
30417161
30388273
30392771
23038855
30607134
30488329
30689281
30436688
30988328
30414755
30453184
30458217
30391635
24955877
30559375
30458271
30460896
30402130
30407148
30407431
30429902
30467873
21441752
30483118
30466904
30405695
30453481
30451195
32525435
30430310
30459958
22297233
30519133
30463631
30483171
30443407
31040961
30368124
30426782
30441888
27491875
30457491
30504312
30451693
30422937
30393467
30382113
32504770
25911554
46711770
30526939
30531642
30463488
30491362
30601430
30474498
30347910
30537246
30520315
30504018
30532981
30485469
30637157
24251546
30523280
30476988
30479399
30426005
30479078
30513366
38078022
30506722
30440141
30635046
30354308
30431677
30385646
26313826
30439953
30458050
30455877
30384811
30414053
21881549
32590618
30468066
30591739
30425295
30444721
20388785
30486277
30469584
30411439
30445313
30379853
21871752
30448284
30442954
30432793
30491735
30401739
30454706
20751019
30462817
30628853
30376540
30453842
30436984
30387324
23286264
30481464
30430713
30429073
31021987
30426563
18678814
30459433
30522202
31204597
30450395
30412397
30425863
30388723
21939518
46416373
30412244
30389646
30339658
30277948
30245564
30318637
30464224
18547247
30365615
30413928
30605697
30344246
30283131
30324382
30347107
30334762
20969177
30328236
30280862
30293507
30329782
30259334
30236190
30239070
30208693
25887129
30292381
30229898
30230047
30875493
30370542
30198198
30278522
25465140
30260119
30236714
30227832
30268937
30241930
30271770
17938512
30282320
30309802
30230879
30244550
30278829
30229762
30266879
25149989
30381318
30320604
30267042
30227148
30193993
30278711
25129938
30338915
30337162
30316303
30262517
30221707
30217093
29925496
30351127
30249013
30286492
30234306
30236522
24166764
30352751
30271611
30300416
30196742
30254720
23343799
30355930
30272198
30301984
30198302
30193375
24901351
30299520
30309947
30240869
30242736
19339210
30267417
30373801
30290020
30240991
30273084
30262858
22406585
30355098
30420918
30305651
30253279
30282028
30298193
30259436
22061105
30354760
30678264
30276606
30273702
30281682
30274821
30200078
30284906
30229279
25626558
30314449
30140564
30234820
30149680
30140639
30176958
30178722
30197262
23476895
30252120
30300747
30247585
30209943
30344977
30209797
30220322
30280322
26048478
30204058
30187686
30212825
30153533
30166670
30216853
30222446
22501958
30228384
30260917
30262513
30204045
30218899
30217594
30160468
22663286
30229257
30367918
30236215
30207855
30813790
30185195
30248051
26447071
30282651
30199538
30188749
30207209
30202930
30219326
23548339
30266015
30279834
30181552
30218788
30132546
30198034
24154088
30265271
30207800
30177936
30198980
30193363
30144742
29701016
30227953
30298981
30206964
30186759
30141151
24578367
30285854
30222022
30204708
30274329
30202088
24052622
30278449
30247389
30179879
30229636
30194647
30211765
21620636
30285381
30215046
30235920
30169997
30155022
30157045
30201211
30169666
24354634
30182062
30138979
30144784
30182165
30290789
30126173
30307764
21439950
30212842
30198213
30209388
30414124
30101133
30178582
30168119
22055696
30251053
30197650
30206887
30198937
30234038
30171906
30165599
26243724
30232429
30325284
30161573
30191516
30167373
30156813
23743501
30260233
30244595
30308306
30143429
30198622
30217348
24923505
43538954
30208093
30210945
30174699
30204360
30210404
30212049
22327307
30285133
30376148
30273606
30186013
30180660
30172115
30156829
23155042
30234588
45076764
30151160
30175440
30295797
30139057
30214863
29134625
30215529
30207167
30189677
30161349
30138609
30197984
25690320
30282126
30186102
30200177
30172461
30173710
30203993
27125715
30224909
30251222
30190219
30133226
30213807
30179064
30201770
24145368
30253346
30214607
30242192
30837140
30214764
30849906
30198035
25664756
30288208
30195377
30237073
30155022
30160120
30225362
20573810
30867758
30201369
30169055
30385286
30244820
30831548
18597957
30197606
30314508
30230575
30180020
30223751
30212133
21464328
30195293
30243965
30236446
30150079
30223675
30153409
24486472
30281449
30198993
30211012
30209468
30145911
22096858
46340933
30259883
30324954
30281497
30226980
30240669
30249764
27419454
30540291
30290233
30261792
30246782
30196541
30503533
25298517
30401700
30940673
30259569
30234926
30264224
30232118
27262617
30328395
30219479
30261173
30219985
30265985
21681867
30297180
30274031
30298297
30225367
30334545
19133969
30310106
30268424
30296648
30274133
30280482
19574435
30286761
30288029
30214490
30318720
30289219
22561555
30324458
30279765
30325370
30256604
30221413
30233317
23902862
30433201
30246454
30216682
30219757
30223638
30242927
30191873
22135602
30289059
30287866
30343753
30264842
30836866
30248389
30210489
30196188
23308215
30459268
30225166
30248553
30305154
30197129
30190659
30217349
30204269
30229380
24849079
30303144
30344082
30289120
30315726
30436216
30257963
32271658
30230490
21167059
30306369
30272833
30216731
30306412
30228935
30251477
30201268
30222053
21339063
30295839
30241862
30395612
30217136
30251231
30237060
30198640
30203099
25627338
30353723
30434060
30225268
30260695
30233413
30294335
30253771
24306163
30274989
30458915
30285021
30238499
30185980
30254024
31924432
26059181
30285060
30255497
30233262
30203365
30337094
30204329
21746887
30324364
30262842
30296244
30242127
30196605
30212898
21773789
30285840
30310471
30258364
#end
