#729a2951|blade-3-m620|jdom@54ed0cc8b7e8deffd5e088305ca7723dc0bd963c:org.jdom2.Verifier#checkCharacterData(String)[generators@bcfe6d43107430b2604e2e34b9151742941652e0:cz.cuni.mff.spl.casestudy.generators.ParseFileGenerator('MQ==')]()
#date=May 10, 2015 1:01:04 PM
#warmup=1
#count=3679
#begin
22629831
53464766
37298364
30338202
30599175
25750680
30188479
30219873
25673358
30248412
30217715
30911717
30348680
30380896
25306640
44582149
30320451
30989417
30229780
30273535
25551806
30360371
30254824
30255124
30285164
30234100
43079003
30282343
38143338
46213670
30254860
30279680
25537512
30396582
30239035
30286430
30270515
30303040
30279526
30226315
30257086
30243831
30240068
30221729
25663787
30314830
30230226
30295135
30268384
30280377
30268329
32383983
30201003
30217294
30377125
30223691
30178051
30294713
30244196
30258137
30284704
30253060
30253689
30236191
30212444
30249951
30335402
30258716
30225820
35079825
30203202
30247877
30262152
30289406
30251570
23185440
30226556
30296395
30323166
30226809
30289237
30332762
30281939
30251723
30221801
30244484
31243045
30251262
30270239
30228528
30253647
25978534
30210224
30298413
30225610
30213609
30226993
30360300
30281825
30231780
30212935
30247844
30201698
30275014
30251551
30195306
27092129
30266229
30241762
30200620
30330234
30246733
30277422
30315293
40434196
30123597
30200600
30208225
30307665
30231844
24632072
30278389
30438897
30239353
30189604
30283890
30343606
30195338
30244877
31485194
30143198
30238359
30216812
19790217
30286406
30227886
30240191
30307464
30240959
30267307
30222569
30255557
30222609
30213313
30317102
30240633
21575576
41978720
30299920
30307780
32376151
30246778
30287258
30283048
30231448
30350638
30252655
30199894
30245665
29649309
30320421
30327510
30393574
30323091
30372970
35128371
30257724
30282084
32452359
30294448
21799536
30350658
30351655
30443260
30312455
30328447
30286997
30454708
30290244
30295490
30223870
20122608
30300156
30310804
30390911
30341469
30260124
30451509
30283548
30273647
30283599
30306138
23895815
30290833
30306462
30490409
30571309
30301431
30294937
30317867
30374846
30600080
22008004
30241262
30289429
30357813
30172187
30185440
30226033
30298577
30196618
30218810
25392523
30271312
41187728
30224303
30155211
30210755
30273753
30290112
30184307
23306330
30285654
30228097
30293540
30198309
30222800
30173966
30197957
30234838
25429211
30282913
30234678
30217960
30175171
30244569
30316482
30242971
21713969
30406282
30322555
30313618
30310131
30277009
30305204
30250388
21787931
30325211
30315373
30320114
30294669
30217966
30240129
30397113
25283581
30376978
30242311
30297577
30327913
30339265
30321500
22589941
30335253
30322124
30309297
30329347
30221502
30234873
22881186
30297540
30337915
30307144
30295073
30358417
30320942
26638727
30396209
30238949
30248591
30331659
30312164
22852948
30337049
30333918
31124851
30285898
30315964
22361921
30372391
30269373
30330139
30497181
30283262
23867790
30318066
30339476
30365657
30230480
18724991
30326373
30324382
30282524
30283984
30290388
30298889
20948926
30327004
30275295
30333216
30291469
30252831
30339279
30294673
30273380
23105877
30322142
30312464
30326493
30273208
30323735
30348057
30278949
30338608
30258824
30244050
24619831
30412500
30416818
30403206
30407431
30410966
30457904
30363478
30371778
30377392
21734267
30423884
30474106
30449844
30392853
30429113
30396481
30358157
30322614
29123194
23144802
30395966
30392795
30349422
30350822
30394749
30384693
30420469
30374197
19331837
30382073
30420728
30404088
30534147
30335829
30418599
30401713
30423951
30343039
30348906
30350515
24885270
30428016
30423343
30488542
30401713
30382031
30327584
30360002
30356522
30361017
30360669
25733654
30431589
30450280
30435480
30365153
30423561
30404046
30411296
30328231
30364795
21965799
30459788
30531777
30635788
30487371
30465497
30472833
30473533
30447494
30399442
22713868
30451644
30429653
30469831
30483647
30455074
30436047
30503927
30463166
30421193
29965036
30478219
31266952
30494477
30377158
30483342
30488059
30413770
30518244
29461522
30456493
30445468
30426793
30446756
30424856
30464334
30472479
21887418
30466647
30566986
30575102
30496227
30478066
30480826
30443965
19650053
30514024
30479677
30460527
30430642
30485177
30529171
30428500
21441797
30468881
30488691
30626628
30465351
30485984
30509906
30449405
30467133
30376473
26761355
30501717
30530778
30499177
30531902
30516390
30550180
30533584
30556402
30458715
30461673
22005600
30562764
30519593
30548937
41463484
30540114
30515433
30466493
30518769
30514673
32511461
22850290
30530232
30564087
30542960
30505131
30582230
30540851
30588431
30490153
30514103
18155364
30570906
30505802
30512604
30501902
30523153
30565950
30539858
30489875
30549491
19006002
30535515
30566904
30576211
30584441
30534993
30582444
30529787
30532679
30496344
24419317
30568077
30548110
30515725
30493232
30560211
30552911
30518514
30487271
23976484
30560778
30560888
30552500
30510784
30526631
30502388
30510720
30496747
29523825
30541651
30520870
30518233
30479386
30547781
30686868
30491807
28247415
30547901
30543329
30489884
30564097
30506785
30492753
30545951
27895924
30534552
30562970
30513873
30501093
30507418
30516030
22655735
30540047
30630195
30545635
30535944
30498067
30477808
20914952
30538822
30592819
30713195
30554604
30528386
30529326
22488213
32417404
32339478
30474722
30452373
30587728
29189827
27138669
29168984
29224131
29177436
29159821
29190174
24302777
29186383
43098728
30482004
30464147
30498028
25484329
30463326
30508215
30421770
30388548
18034543
30465026
30468510
30439920
30489662
30429195
23971699
30574201
30480923
30459477
30470497
22289713
30532342
30421424
30476010
30410965
22397057
30469075
31356215
30428894
30399350
51324207
22636069
30483026
30476143
30431216
30553914
30467063
30432019
21186601
30506818
32842300
30525860
30470640
30439795
30420451
30394862
30434442
24951925
30502273
30501056
32511205
30464804
30557622
30555791
30419707
30410850
30417082
21837430
30515204
30475039
30543482
30484117
30477660
30438039
30529012
30434768
30401755
30570739
30435439
21114971
30512023
30504335
30515287
30452104
30470777
30412191
30542348
30423990
30503884
30391560
30390304
50360978
43598905
43579485
46459742
30470141
30440477
30496891
31679193
31018055
30449942
30361131
26324191
30560733
30508671
65368897
30447342
30433591
30503836
30431371
30420671
41370742
22013464
30442688
30626950
30472212
31070412
32548879
51913258
48897479
30448082
30400422
22186627
30543809
51358090
51906642
47816616
42054257
38158195
45059886
37598628
30953068
29540954
30434889
30449144
30506402
32494501
30510908
30490504
30440986
30420077
26546791
30587604
30507854
30471508
30475005
30482670
30466378
30444449
20312632
30544210
32680505
30485824
30562071
30465917
30497875
30414898
30458373
28846630
30457135
30552255
30457822
30506542
30466779
32418754
18875353
30500130
30514384
30506195
30504786
30475435
30610053
30454013
23623470
45677846
30395597
30510346
30473784
30468722
30427178
22092480
32522935
30442458
32535727
30425802
30728954
30461209
23330637
30659904
30552791
30454862
30449075
30455131
30467160
29924413
30525217
30499715
30465697
30444064
30443824
25706727
30471008
30457873
30540669
30505572
30442700
26036832
30520767
30440113
30490172
30406928
18864105
30432280
30469207
30523962
30467285
30493608
24158933
30437103
30419426
30477202
30396989
22369542
30487375
30456093
30435097
30429357
30409844
19537749
30438780
30511742
30565181
30483463
30441813
30525582
30453311
24398194
30466909
30474898
44754249
30458071
30450455
30422635
32559236
30424306
24272927
30448506
30469429
30457491
30439542
30488776
35327877
30460973
17818118
30475860
30481731
30469064
30487982
30500913
30585061
30626398
30402294
26566488
30591715
30402242
30470291
33041405
30453275
30491451
30476420
29972528
30505719
30456327
30457141
30580286
30531521
30483481
23426489
30464145
30475499
30441935
30433849
30419049
30435018
24236381
30449560
30571355
30451669
30416402
30450312
30508728
30429080
30452175
26594746
30443486
30418809
30447404
30782448
39806232
30478522
30428997
30552835
30391226
23636570
30500416
30447399
30376524
30503015
30426473
30480582
30455780
30456529
30371621
25789644
30570132
30435620
31080200
30447967
30444835
30467514
30397380
30424666
22314163
30516200
30400189
30398522
30439873
30361150
30395211
30345544
30362990
36482763
30481991
30465104
30482126
30679205
30412392
30472184
30532001
30464293
30218915
30464442
30490822
30594071
30474199
30449865
30451400
30499611
27988032
30451008
30496311
30537979
30579186
30407812
30487362
19836917
30483522
30439315
30582555
30467635
30457104
30502535
30441864
26013450
30544864
30485630
30448975
30597868
30412813
30501344
25704934
30471244
30427884
30512495
30441313
30438596
30475051
29937926
30496649
30444880
30493902
30429413
30701410
23528426
30441394
30529848
30451393
30436717
30414656
22220462
30500158
30446459
30465144
30461755
30437795
23426930
30481368
30500216
30494264
30433947
30465702
28556032
30472237
30472827
30495380
30485162
25203119
32421530
31104188
30661970
30510962
30608568
19108221
30582617
30562918
30564202
30590126
30487884
30586290
30530277
22003083
30673888
30532691
30514790
30542015
30560354
30535697
30549666
30513978
19007475
30639299
30510927
30559640
30658093
30511419
30495173
30533804
30487213
30534821
26664340
30574535
30532112
30495706
39242269
30540619
30587488
30510212
30521777
23770128
30546601
30568826
30574192
30501941
30554209
30585376
30502510
30446638
25688001
30641897
30665164
30506984
30477761
30504047
30559598
31137577
21288464
30542037
30469157
30536369
30545130
30523839
30562710
30603646
20923666
30600424
32657996
30546691
30498573
30555646
30469564
30581753
23917339
30545039
30543517
30570946
30503334
31145782
30549835
20875296
30556224
30637823
30575559
30553918
30525774
30491214
20945465
30564827
30460859
30539460
30484677
30540364
30513902
23800579
30384310
30404664
30410802
30369790
30413551
20328924
30407139
30378048
30379111
30328129
30367651
19006884
30422707
30392840
30647035
30440450
30381631
30411128
30372184
27592543
32260664
30384453
30307969
30340288
30291113
30375875
25951715
30408562
30348855
30320129
30282784
30280542
19332058
44543415
30336344
30355952
30375116
30269263
30333394
25433243
30381722
30361942
30283866
30326154
30330598
24306098
30347007
30336508
30362700
30291919
30308669
26318413
32415145
30303482
30334920
30342697
30320359
30356944
26735005
30365977
30317153
30323833
39123994
30288471
19610911
30305177
30334864
30285897
30280553
30290513
30294592
30336504
19863435
30321328
30328562
30373242
30400721
30297314
30330963
30330199
30300518
30270977
23501835
30328678
30293969
30326231
30270425
30333950
30300148
30286784
30272618
22187741
30331436
30322745
30325873
30285484
30311633
30410560
30932199
30312542
24539418
30347777
30350991
30338802
30264604
30318873
30341304
30291812
21312211
30348575
30296129
30357611
30306962
30297940
30314920
30273709
21992298
30313557
30332457
30340615
30342704
30292433
30454275
30326653
25724536
30357311
30354444
30340966
30298813
30228662
30454282
23232833
46615153
30192588
30325370
30198108
30262410
30271933
23769877
30243358
30221269
30289882
30332596
30307066
30248010
29481936
30287004
30217493
30287309
30544448
30276522
24683172
30267918
30244661
30229938
30218071
30259598
24196681
30263562
30268362
30241862
30264766
30857013
26746539
30260749
30217069
30215175
30359294
21521580
30207715
30291198
30288057
30252306
30180853
30272061
25451161
30291649
30200811
30223258
30228890
30228939
30216094
30230773
26020494
30412542
30250239
30220562
30224137
30188796
30189085
30229766
30242553
25457887
30463164
30332677
30303116
30346940
30295700
30322146
30315393
19345342
30313586
30272319
30317168
30336333
40085141
30331351
30296750
30294329
26659942
30194469
30187409
30294555
30254639
30222993
30262115
30223359
29669304
30216606
30234834
30260411
30407218
30184435
30224641
22830465
30188211
30219697
30248209
30210040
30260146
30318758
22642596
30233000
30324786
30296464
30217606
30216295
30272266
23288592
30333306
30312060
30304073
30288367
32364718
30316433
28622567
30293471
30330427
30322090
30415816
30278811
24903049
30284192
30226996
30283751
30258217
30301699
25278607
30336922
30230951
30320666
30276009
30254224
30158080
30350742
30333930
30301146
30305329
23675551
30271717
30383862
30357247
30316245
21795788
30336886
30335504
30437495
30319126
30313777
19038291
30318902
30292518
30367431
30318625
30330062
30310208
30295282
24131899
30292789
30324870
30284476
30300756
30292795
30418462
30288417
30294521
26165487
30407316
30321020
30364279
30292469
30316635
30282273
30292365
22317314
30356608
30298426
30314864
30327664
30276582
30258315
30334737
38287308
30299802
30358264
30318958
30254191
30263568
30404789
30307993
30263382
25679450
30359122
30305807
30330858
30294856
30300390
30278618
30260220
23311794
30305284
30311228
30310184
30317367
30297222
30297905
30359107
24287317
30323691
30272640
30300364
30334333
30304584
30323297
19225301
30313221
30288940
30339633
30299671
30306380
30308915
30265849
28616461
30307635
30333815
30315986
30265830
30301133
18691986
46453216
30392212
30383501
55738958
30424673
30432782
23419811
30443842
30415251
30430945
30382670
30374260
21067937
30383231
30977311
30418082
30512310
30379733
30423477
30329355
26085025
30456792
30436440
30405562
30365747
30359948
30375117
24215868
30447459
30392724
30490562
30341320
30420528
31062688
30353217
30412122
30331458
30392111
30382427
30412430
30334355
30374348
30372994
30343091
26433025
30469997
30402770
30405112
30373328
30399070
30366120
30359989
29970331
30381531
30377691
30378160
30317473
30349122
30383708
23390977
32395852
32373548
30521647
30469933
30470956
30521410
22105967
30491428
30475173
30451828
30492410
30472847
30451811
23885279
30495821
30491140
30451911
30450363
30492773
18656594
30552199
30542259
30512648
30491986
30438739
30503171
30464870
25425283
30512467
30464938
30515889
30366651
30473581
30440629
30405432
30431400
25046177
30679057
30528220
30466975
30486602
30470770
30592435
30487067
23423501
30607328
30461560
30470757
30477562
30470875
30495546
30514499
24805344
30531914
30495228
30485206
30573795
30480292
30453344
20555885
32566802
30446951
30397701
32613647
30527069
30442929
30440793
30472778
20730337
30489264
30491222
30441581
30461741
30466233
30475839
30474565
30418773
25376940
30560787
30438089
30486617
30515153
30454695
30447181
30501164
23490508
30474904
30534644
30516164
30460147
30462422
30459946
30429735
25956734
30505033
30596764
30408608
30417006
30429522
30458326
21860240
30373715
30388262
30436185
30411039
30330889
30356031
20845073
30396391
30391504
30400117
30373686
30326136
30489978
30371415
30326639
25749984
30480691
30484115
34562292
30419826
30459197
30505517
30437659
24349832
30518866
30505133
30429504
30447637
30493993
30442033
30396771
27159138
30428100
30421099
30523327
30428415
30476157
30426433
23000731
30456521
30471104
30607788
30429364
30455653
30451290
22485100
30461998
30540344
30455971
30498292
30503245
30393022
24826872
30521404
30488560
30571682
30468589
30465414
20613381
30504661
30478538
30505976
30417840
30418388
18686342
30495738
30477579
30503290
30455205
30565177
30488211
30509953
25535140
30514230
30454985
30464127
30479003
30474660
30462533
30430795
21453934
30558620
30462056
30577810
30513551
30532875
30532955
30606315
30523562
29335234
30595327
30501124
30515884
32600050
30643964
30509095
30517164
29638602
30522511
30546895
30518602
30550073
30528387
30601621
21915993
30573327
30578144
30547111
30639833
30574593
30546989
19024953
30583246
30514521
30507497
30552770
30699143
30530464
21009774
30545653
30557353
30566986
30546944
30516199
30560288
23319139
30568931
30527382
30538813
30484530
30486991
24973728
30560045
30516675
30589261
30640876
30536153
30554968
30505786
23776324
30559995
30562423
30581384
30527856
30539430
30509190
21494401
30577468
30587908
30613615
30535411
30653675
30478935
22081850
30663397
30564898
30515140
30518637
30518595
30501469
25856575
30552304
30586906
30572908
30510229
30569484
23976882
30605311
30468388
30545530
30524586
30572828
22222831
30594166
30529000
30538693
30501708
30523521
30553853
19626877
30541775
30535911
30490138
30526862
30495615
30553031
30486704
31253199
23009142
30520837
30569296
30559882
30537040
30511470
30543397
30527758
30534000
21024445
30526466
30513162
30578097
30515453
30537753
30596763
30509462
31158728
24190432
30532833
30556976
30547834
30603593
30508900
30579144
30522528
20379997
30570004
30566010
30524619
31156775
30523884
30593244
30546026
20590374
30537838
30630513
30547915
30547676
30527164
30581493
30513586
24475975
30516870
30506604
30532099
45326169
30629428
30565864
22109259
30566426
30502757
30573428
30536977
30499754
30549457
22811206
30542253
30545137
30548210
30568804
30660526
30581768
30545990
19896768
30450167
30407711
30540973
30418380
30385991
30519849
30498631
30455213
21786821
30487731
30580164
30471884
30515239
30481007
30463048
30576777
30449567
23795830
30523028
30497840
30513864
30550016
30465557
35219555
30412524
30436489
30474400
30392999
30463926
30422137
30471872
30475482
30369886
30450382
30424481
30475915
30434915
30445119
29558315
30476538
30455295
30406413
30445708
30447186
30495111
30447771
30418870
22210231
30493344
30457852
30610613
30432580
30435164
30459790
30480376
30465378
20721832
30492001
30455853
30492933
30607748
30430469
30477424
30394659
38904834
23246586
30482346
30484257
30506050
30493844
30454291
30509878
30453493
20373617
46388116
30298764
30393271
30323215
30308391
30315081
30295433
20744272
30332252
30295673
30339075
30336544
30326695
30464690
30231666
24881178
30340413
30333982
30288134
30307127
30370026
32277380
22604960
30296842
30321508
30311755
30292604
30216546
30303848
23356192
30413453
30390573
30452128
30267566
30331155
30305626
28837122
30313044
30319277
30343919
30387454
30300442
24362138
30347480
30345882
30363173
30231568
30358476
24227368
30367784
30322577
30338880
30257229
30278188
26774073
30250215
30313233
30283423
30292660
21725034
30362891
30599235
30309532
30234365
30307841
30257089
25614467
30283899
30242926
30235184
30264851
30186123
30254075
30279494
26389555
30271933
30235842
30234501
30175827
30224009
30197952
30898361
30236433
21348123
30243913
30265480
30321877
30383221
30253635
30262857
30204586
30227108
20823412
30364228
30955252
30291415
30258046
30343035
30249143
30299557
30313473
24011026
30326528
30252020
30279473
30250811
30265192
30296104
30306702
21827732
30321352
30327931
30267767
30290715
30417608
30333107
30299781
22976748
31168117
30256335
30450388
30242325
30297270
30327648
30307291
29143549
30297720
30320806
30271600
30281112
30241477
30246295
25065458
30400442
30487958
30305765
30233058
30278118
30332264
28549053
30298748
30281124
30365492
30303311
30277240
22136807
30352940
30331480
30432582
30346410
30309587
19707274
30296633
30299363
30287715
30310698
30298664
20903713
46481236
30465697
30567529
30357480
30342440
22673017
30402936
30414842
30404836
30397713
30379514
29791926
30404424
30408009
30413922
30400608
26000335
30472989
30395773
31137797
51586567
30416673
23212857
30407318
30389777
30551451
30326742
30374413
30393154
30406583
29936183
30396348
30413880
30415860
30382460
30373569
30376685
30389511
21632065
30455697
30445546
30477743
30413715
30381384
30397113
30365846
18038884
30365971
30406284
30395175
30435069
30391750
30352582
30404322
33060983
19066382
30409772
30393707
30397098
30324376
30388582
30534529
30403413
30435184
30327458
19901456
30392133
30362339
30481099
30361164
30381271
30428902
30371607
30362918
30410044
20780377
30481500
30404905
30360375
30390255
30358235
30437858
30371951
30446311
30381615
30367438
30341513
21459390
30387113
30448926
30453548
30487304
30363689
30411762
30354466
30369129
30313042
30371173
30343588
45389435
30266478
30330133
30323375
30275964
30326373
30285591
30304124
30328730
30252498
19691593
30426377
30416476
30397889
30423335
30390102
30380071
30409099
30353951
30401438
30364597
26683558
30393689
30440508
30479964
30345191
30373760
30428903
30394478
30330935
30365147
30132853
30501791
30360229
31206660
30384909
30384835
30387584
30403246
30375473
24425941
30394142
30382611
30380329
30380268
30400404
30460813
30423415
30380619
25141189
30410484
30363289
30369764
30394104
30426836
30371723
30422311
19764026
30384739
30457646
30418231
30348469
30377238
30396200
30384459
30343573
30306197
30457575
30371550
30447239
31011575
30417829
30410184
21033145
30449160
30414723
30377544
30383901
30548841
30413998
30322908
26609501
30461459
30344142
30456131
30367468
30387658
30402449
25846971
40183261
30452631
30339549
30417273
30336386
30667142
29979764
30376593
30384409
30444028
30360124
30325861
23513266
30448302
30366442
31005566
30362020
30412409
22005194
30389004
30382570
30410980
30338835
30394163
23026930
30396402
30385562
30478424
30485793
30406057
26786415
30408502
30370457
30391398
30398385
22865600
30454378
30463280
30397393
30363135
30398097
30458928
30029282
30410653
30431768
30496800
30368457
30399533
30378897
20867949
30413144
30408184
30447795
30393913
30403730
30387142
30400550
30333749
30338136
29007616
30375719
30394249
30400328
30357102
30427804
30367686
30453920
18608707
30527447
30508415
30525124
30535744
30435640
30501866
30504218
30450074
30416125
30440106
25846569
30433008
30412486
30469078
30434527
30416617
30468619
30459208
30435131
30413976
28989676
30439515
30649769
30440393
30502184
30464524
30457028
30483149
30415980
23691343
30513417
30484370
30477592
30457970
30463728
30487151
30465424
30427463
24496919
30481810
30466237
30463216
30484418
30440988
30500204
30459268
19434157
30430935
30492785
30462224
30488621
30462369
30468712
30475910
30436442
45666272
30319984
30337222
30296791
30270624
30539627
30317502
20530456
30350538
30325390
30412079
30278107
30261108
30283954
30270402
41661914
30421767
30336230
30382905
30365664
30391677
30415303
25848051
30451357
30380891
30425042
30411379
30387133
30378337
29841231
30501717
30385409
30419781
30391542
30440198
23607875
30421411
30344144
30412302
30399101
30358126
22113160
30400385
30412659
30457639
30348735
30385575
23117113
30379184
30391114
30451393
30337177
30443178
30367320
22821867
30406620
30435442
30380966
30392818
30422528
30321111
30404706
30333684
29297041
30407755
30426690
30478141
32481074
30407507
30381433
30387937
26860235
30470600
30358148
30372477
30390196
30365848
30517559
19513066
30396857
30435195
32498336
30375584
30394017
30475779
30406247
25969878
30420384
30452752
30354607
30383664
30498764
30372304
25591296
30478573
30413924
30393527
30459520
30350851
30425348
30221046
30455799
30426651
30385651
30367618
30488231
23884913
30432117
30522115
30412481
30384406
30384113
30421915
30384710
27574862
32477905
30507000
30407597
30425928
30371627
30426262
30398678
30442251
30175822
30426823
30372993
30398931
30361079
30416858
30401455
30334111
23484247
30387317
30559979
30432943
30377813
30389880
30382551
30371946
23063749
30405124
30404951
30451195
30334559
30307231
30397131
30384092
25825800
30422457
32500883
30411692
30366658
30361995
30408793
22284034
30470844
30433509
30464566
30363130
30356599
30459243
22017378
30407736
30426164
32450838
30390457
32465161
30370838
24707570
30419167
30429088
30339113
30483871
30418484
21070169
30382002
30403467
30385730
30352725
30398715
19293804
30404103
30361806
32597047
30386687
30394184
30387806
30385550
25842240
30407308
30404266
30455085
30410469
30348233
30343820
30380428
22466946
30418971
30354729
30450088
30351209
30369700
30407424
30405890
19039473
30383899
30353771
30405511
30366344
30422721
30340973
30381481
30355935
30364389
18921239
30424268
30353416
30373644
30430325
30433218
30425844
30399176
30363084
30363713
18592758
30385362
30424739
30460209
30392197
30404433
30422745
30397226
30351826
30379650
30371659
30380497
18886186
30402633
30450340
30493522
30424128
30427331
30442800
30393491
30440282
30353802
30371491
30504068
24695542
30389862
30386898
30409858
30313195
30428973
30384313
30372146
30334291
30350114
30355588
25762582
30509597
30374646
30396028
30369504
30384986
30425246
30536441
30329593
30390158
21992319
30422520
30434560
30420464
30363403
30407077
30430831
30443677
30334247
30675231
23076124
30524051
30510520
30552473
30468390
30459648
30472499
30503303
30493965
17795760
30477157
30467535
30454324
30463533
30612395
30479866
30474962
30537053
30460508
30337526
30503222
30433375
30490793
30539340
30403306
30590635
30473371
22599160
30454553
30472231
30433224
30444735
30490517
30428333
30475835
20650980
30493052
32640831
30453470
30524621
30474732
30490622
30494478
22357009
30516100
30551915
30481707
30446017
30475953
30487348
30524824
28915085
36683027
30434909
30534593
30492964
30484270
30546804
26389584
30583139
30514463
30485179
30490807
30422584
30575096
30024226
30480015
30458359
30446904
30475299
30543496
23235630
30545202
30461307
30416315
30498293
30466796
30458978
30548244
25289346
30503313
30459700
30469889
30481468
30578057
30499359
30427276
30427248
21684489
30444257
30455811
30511463
30449962
30454513
30434340
30473253
30452666
30455313
30396533
23327047
30456829
30409940
30504819
30478538
30533754
30489650
30503118
30478453
30391729
21033838
30525764
30529406
30511892
30440452
30439378
30603653
30461471
30425664
30447931
21794618
30420417
30537009
30482476
32474729
30495946
30422955
30534427
30439928
30402700
29317174
30437767
30472684
30509637
30494822
30462163
30431182
30475241
30409676
30082189
30473178
30464811
30449451
30391495
30474213
30491113
30479711
22864540
30483851
30471866
30515455
30496302
30518957
30474725
30498958
21493123
30492880
30497911
30515079
30482022
30579615
30435956
30439984
23448255
30538570
30435506
30456075
30442344
30456468
30468210
19300329
30611595
30432999
30456771
30491675
30467482
30445664
30455485
31349175
30551395
30533249
30547895
31328030
30486204
20960627
30554744
30551524
30562144
30487117
30497266
30700192
26277457
30643249
30595619
31241003
30536299
30583875
24296859
30541757
30561724
30579549
30544586
30511782
25455793
30568733
30551724
30577604
30518144
18792085
30564126
30506318
30573556
30583227
30501744
30488024
21364452
30577301
30522279
30582186
30535065
30494298
30561902
30483601
20557539
30608418
31187629
30541602
30529249
30665837
30595221
30517355
22554758
30537500
30517538
30659381
30494760
30552249
30547709
30566526
30472371
20044059
32618261
30531962
30495475
30508178
32685816
30583392
30561824
30490351
30512005
23324833
30510126
30551293
30586649
30492751
30511195
30509551
30577293
30472359
21398403
30549736
30566546
54421361
30527657
30574362
30544880
30479021
30536660
23665107
30560023
30558813
30510285
30508657
30556880
30545289
30516850
19809179
30353488
30415404
36334796
30421556
30408382
30451333
30400669
19935106
30551790
30497815
30464481
30468181
30489941
30503886
30472898
30456928
30568424
23874908
30493879
32720979
30435566
30454444
30436705
30486002
30441695
30410009
30422850
30443315
25261967
30473005
30471284
30437270
30468649
30457280
30455077
30469752
30392615
30432095
21687330
30420364
30366380
30385018
30386119
30332604
30431344
30329438
30381075
30347944
22830123
30435217
30388361
30404081
30370114
30349955
30435806
30448728
30505731
30352566
30416904
30475055
30436861
30393533
30428946
30368964
30528353
30372590
17959291
30377097
30395723
30366462
30412142
30436062
30403186
30431437
30383131
22915419
30414764
30433533
30511154
30365113
30400213
30410792
30364534
21036083
30392113
30405333
30498534
30430892
30389984
30473370
30423891
22842914
31050529
30475880
30738237
30354238
30417176
30542486
30419860
30011277
30395331
30399646
30447055
30390564
30399290
30543427
27398389
30366895
30449195
30400822
30382771
30405224
19326202
30376826
30399520
30387404
30495028
30392453
30419307
24057250
46212049
30440611
30438165
30448857
30463092
22183009
30485175
30496693
30532638
30443078
30448417
22881360
30477540
30513283
30465597
30403283
30483282
26227425
30464184
30605012
30483732
30422984
30452768
30471724
30053627
30408007
30418813
30449131
30455428
30454120
23408413
30524869
30436837
30464342
30428986
30543008
21459455
30475677
30566064
30540324
30401266
30442468
30414818
30473018
27004417
30463877
30466977
30466617
30481562
30405344
30510104
48021324
30441327
30523128
30528417
30431613
30472399
30471262
29667044
30495822
30426991
30436560
30427744
30456050
23066902
30496947
30456127
30493684
30457135
30454913
21783888
30500649
30455737
30578573
30445166
30418004
22011660
30565080
30490151
30466315
30503722
30386170
29315134
32233156
30336604
30372071
30264967
30212722
30327610
28751896
30292046
30329458
30301588
30355799
30358193
30278633
30281335
26200815
30377061
30281505
31062791
30348955
30256002
30280836
30343844
30021137
30272553
30271975
30320872
30330021
30336122
30305124
23852306
30348427
30331875
30367211
30301926
30282793
30290470
23170408
30282997
30283997
30357387
30316271
30342238
30324402
25492848
30345530
30334994
30328593
30288710
30265986
21023037
30336429
30329496
30413153
30294629
30286750
19511123
46229490
30303582
30234115
30258972
30390067
20327639
30247055
30251693
30194613
30425520
30222225
30240204
20295645
30615255
30289995
30294595
30278464
30306053
30434745
21907960
30324642
30269209
30355993
30286405
30290447
30333933
28074187
30329170
30271546
30345067
30318851
30275358
25623776
30343458
30277535
30348857
30315471
30420464
26672280
30339482
30262084
30293284
30242326
20476515
30326350
30313779
32347914
30234938
30273040
30332980
22676193
30285966
30279859
31125586
30247724
30262268
30423716
30272256
21647229
30296013
30334048
30305559
30408533
30237609
30295395
30335071
30274768
23437551
30435502
30352648
30378726
30400589
30373902
30500770
30379393
19013539
30402560
30423075
30335465
30442177
30312033
30429740
30383046
19325273
33468845
30460875
30514422
30461021
30432569
30436566
31309841
22006400
30477390
30513325
30444920
30439578
30597889
30484864
18445198
30451913
30468115
30496081
30512521
30483435
30448905
18634805
30486402
30490984
30519711
30511388
30470079
30444955
22154745
30499061
30526475
30695833
30463056
30502716
30475705
30451979
22117473
31141365
30497864
30415302
30480513
30451270
30581455
30488533
25314436
30646542
30513912
30521213
30428649
30459252
30506562
22369389
30489550
30450006
30517531
30515179
30527631
30449302
30503957
30427293
24594974
30505396
30456315
30514982
30477106
30500555
30481433
30448946
21224736
30463746
30467250
30609562
30433871
30426429
30498542
30459353
21447705
30530541
30469004
30489666
30416966
30438453
30520395
30521546
25354976
30465435
30737856
30491815
30426208
30443433
30480908
22603814
30466780
30508462
30473634
30469571
30492384
30527706
23279834
30528815
30494126
30452793
30475802
30447948
30419366
27110552
30693268
30449508
30461946
30426094
30486384
25685918
30612380
30541067
30560165
30544775
30584595
23219878
30643278
30582611
30709702
30576260
30534568
25417674
30591029
30573971
30596704
30512071
20381562
30391651
30475820
30580161
30523486
30440935
28323750
30471467
30506613
30503933
30529230
26908967
31304600
30527078
30462075
17917020
46694449
30622306
30641677
30553775
30530261
20846270
30531959
30568333
30577862
30528164
30527235
30525669
21116745
30561177
30591459
30567855
30519837
30519698
30494101
30537997
19710946
30553479
30674902
30570122
30495433
30518079
30512129
30544196
30443445
26415466
30504460
30415739
30448106
30451269
30500074
30437702
30402633
23091412
30602341
30495224
30483021
31415464
30465022
30490084
30590222
30455904
30402242
22874891
30510337
30488173
30416095
30579295
30450188
30456624
30500708
30428729
30406169
27710328
30479326
30661833
30435673
30459853
30469458
30470517
30420923
30723166
26127816
30537846
30429967
30565926
30463556
30419857
30465938
30504673
18993729
30431240
30462895
30443961
30634918
30466385
30447921
30451637
30480264
26202574
30498031
30502332
30447841
30448488
30647706
30717455
30509948
27504085
30470066
30447100
30448525
30464828
30456684
30591512
21731628
30475109
30489883
30473003
30422224
30470451
30505075
19430033
30603206
30492564
30441902
30414719
30438064
30432518
20821657
30461831
30435273
30428811
30528185
30542806
30498439
24877483
30488260
30480984
30492224
30493422
30599284
22315033
30487892
30495253
30480495
30454246
30442705
22351374
30531869
30392624
30416411
30327826
30405339
24538801
30420804
30405876
30375460
30403285
19951786
30435157
30419929
30417870
30416724
30361646
28520804
30397957
30399707
32664387
30419988
28067154
30392322
30376024
30368844
19204766
30387801
30423877
30402071
30413253
23609776
30274291
30361435
30480135
20102468
30340109
59662749
30260299
30330133
28237619
30330900
30300257
30391731
30284158
26758572
30298085
30263284
30479193
30304347
30296518
26108220
30367022
30339617
37090030
30317462
30318839
30298406
23344678
30556044
30329953
30367700
30243806
30333100
30321284
30289355
18988491
30285405
30343791
30248368
30329623
32427574
30290605
30428549
30311668
21874174
30308208
30356993
30349346
30291263
30283871
30309334
30339369
30342817
24590414
30373459
30331308
30336542
39815021
30357095
30333562
30384076
21755458
30286810
30302782
30339306
30263551
30315305
30317313
30280567
22352859
30346824
30320157
30315675
30312453
30305664
32036619
30349140
26451053
30368971
30283564
30319602
30413931
30949653
30296720
24004319
30322575
30282551
30356319
30296833
30238019
30330204
25132387
30460317
30330800
#end
