#729a2951|blade-3-m620|jdom@54ed0cc8b7e8deffd5e088305ca7723dc0bd963c:org.jdom2.Verifier#checkCharacterData(String)[generators@bcfe6d43107430b2604e2e34b9151742941652e0:cz.cuni.mff.spl.casestudy.generators.ParseFileGenerator('MQ==')]()
#date=May 11, 2015 4:39:17 PM
#warmup=1
#count=3798
#begin
24610727
55483002
26128226
33447278
30430524
25517930
33403520
30220075
25588664
33642144
30326320
30750626
30319355
30316751
25748767
33427808
30364602
30673262
30339773
30366835
25939637
33334827
35050450
30412190
44996731
30358857
30779951
30336251
30441944
30301849
30338491
30336833
26069819
33200981
30360777
30460553
30285540
30439551
30320626
30364291
30349475
30358707
30380006
30357144
26569731
33070725
30423915
30368944
30337498
30328390
30344058
30323197
30338707
30501331
30356633
30326186
30390531
30436658
30305337
30280996
30113573
30337695
50335334
30423994
30351631
30467171
30301506
30329851
30331173
30417306
30318960
30331833
30292967
30294879
21859414
30320444
31178224
30285147
30235825
29026271
29039656
29023031
29018511
29079500
29093994
29033291
30332868
43213712
30490757
29498854
30321855
30450504
30311916
30322576
30303893
30251644
30374460
30352259
30343902
30332174
30294502
30261153
23161196
50996014
30323059
30357449
29080512
29056865
29102194
29108715
29095856
30382497
30338584
30317269
30371944
24294559
30330382
30361393
30340642
30285388
30370328
45352595
30263066
30377622
30364344
30480244
30952621
21929861
30369610
30415432
30414277
30340466
30319533
30460553
30303466
30355106
30286186
30465646
30354314
24318234
30414773
30417095
30331459
30434471
30288089
30343847
30349516
30316251
30306853
30339753
23499330
30502149
30499395
30387913
30297475
30309760
30267836
30319331
30325936
30364884
30325864
25680185
30505408
30361800
38782670
30279163
30397964
30323492
30381984
30407163
30484530
24548778
30383423
30314288
30364183
30310293
30334921
30347615
44429191
30331502
30347698
29420756
30347180
30330777
30326795
30271949
30314548
30314600
30444584
31577641
26056493
30388117
30369504
30296210
30330499
30327118
30340375
30313358
30374644
29304054
30395020
30309584
30944546
30307750
30309013
30362729
30356733
23648509
30358804
30362397
30328038
30284720
30344573
30340858
30332591
24501563
30367892
30380951
30343188
30370353
30346311
30334197
30318982
28902361
30339208
30383578
30359165
35513122
30325335
30285860
25149767
30420806
30370074
30358649
30333925
30378389
44776566
24998114
30370522
30316593
30321522
30439891
30364153
20632161
30322068
30411951
30435002
30476282
30373104
30349983
25478630
30331086
30329558
30366149
31433595
30918521
24341536
30263116
30302247
30403656
30367400
30290524
26701558
30413753
30271065
30467024
30407793
21217150
30322409
30379248
30400313
30303351
30397209
29728006
32432700
30360591
30370382
30244828
28494058
30527472
34807008
30579766
18624893
30610244
30640040
48042143
30450780
30439119
30452833
30252187
31829143
30536609
30720428
30509655
21290467
30520208
30547435
30493948
30666938
30486415
25055883
30488260
30634640
30538433
30562694
22142998
30524743
30548055
30501638
30462741
30435486
30546697
28399434
30564693
30661535
30476167
30439824
30503166
22994976
30568766
30598303
30531588
30474130
30654068
22581920
30587549
30522232
30560200
30502448
30504664
30526073
18298131
30488397
30525271
30548167
30513718
31763458
30501230
30572711
30528544
18297397
30439699
30488033
30535839
30556501
30478668
30529315
30448992
30515516
30476479
30463093
19435252
30431004
30503847
30664046
30578053
30517275
30450853
30563849
30441455
30576879
31844870
30443044
30606659
30466386
25113796
30590459
30555355
30525160
30453325
30496464
30509115
30610944
30600138
30551134
30493606
30521853
30457629
28950334
30531050
30492340
30558397
30535915
30554154
30502270
30477566
30565477
40496860
30499357
30523871
26158173
30617301
30491313
30500426
30489210
30521217
30491820
30597668
30482498
30506246
30481071
20609397
30504231
30487105
30628185
30586499
30564991
30543537
30604922
30462287
30455964
30453304
19725651
30716553
30637571
30558546
30670811
30591653
30560181
30550903
30497504
30502215
30434269
24450107
30528604
30495675
30458037
30600340
30532080
30609197
30455980
30488159
30631248
24106102
30463367
30555264
30541117
30541854
30475589
30456144
30585953
30519677
18370741
30544175
30487261
30578996
30535330
30462555
30505482
30470795
30551819
30518490
28501160
30504973
30492804
30529862
30506607
30447056
30489512
30648670
20450510
30525659
30607048
30499034
30488298
30577540
30536209
30493264
30499797
28201021
30590153
30567117
30530357
30538795
30479199
37235866
30589509
29956307
30520320
30559010
30516382
30549035
30483613
30498356
22563080
30589244
30536650
30530522
30631259
30522986
31758210
20665517
30667209
30614953
30546062
30559722
30484537
30456344
21792920
30500933
30517018
30634497
30493960
30490595
30534319
25637874
30551361
30485341
30574246
30497612
30526222
22931307
30450433
30540241
30511653
30512863
30489688
22898806
30510562
30594695
30533617
30540852
30476159
30603082
20566469
30504353
30563437
30486326
29226223
29190560
29316349
29188605
29154544
23109270
29208792
29253457
29201663
30624186
30480350
30434379
30501604
30434247
30463584
20660999
30494998
30566428
30613971
30609564
30478539
30473500
30529157
30521200
30506284
30412127
30500228
22246020
49506579
30548386
30503935
30523360
30490712
30517760
30484319
30605578
30506604
30525344
19394446
30535850
30507438
30510390
30446100
30484824
30481011
31271369
30493645
30498893
30484148
22017014
30549561
30519233
30589263
30517909
30469150
30485126
30546218
30512091
30443379
19648786
30474783
30543291
30518460
30577030
30501125
30501598
30418895
30480073
30409976
21816001
30510719
30509076
30615005
30536668
30577341
30596933
30498335
30527476
18395402
30611513
30571482
30563742
30529159
30416983
30489301
64087391
34080615
20351927
30654702
30526570
30554967
30472317
30448129
30724401
30471642
30515144
25178044
30555124
30559778
30649797
30478328
30512751
30481888
30490570
24122827
30570442
30568638
30549213
30472923
30478044
30451144
30497607
27483400
30607870
30515951
30669863
30518772
30542764
30514466
23412171
30513222
30518280
30514540
30548967
30531928
30521357
23100788
30554434
30528221
30475428
30671042
30469630
30462126
25992264
30590893
30539658
30555304
30486553
30547950
21727660
30503491
30624010
31106753
30640770
30506487
20581650
30484904
30580279
30493318
30482733
30435727
21889852
30556077
30492447
30667566
30419511
30497593
30497946
21780743
30474462
30575428
30604793
30522711
30511324
30493538
30463224
30498231
27959873
30519351
30557011
30541031
30479660
30533386
30452215
30493121
30552828
30564051
26165887
30549164
30525200
30467666
30471192
30573529
32517981
30442737
30508973
19589975
30458046
30500426
30512137
30551811
30559552
30514302
30493450
30531233
30623460
28451477
30466996
30585780
30517379
30454359
30500077
30469676
30548731
19696695
30477102
30690568
30536295
30473157
52786949
30494651
30455469
30466306
25942022
30676484
30575824
30506817
30529504
30529931
30527894
30776626
25955544
30491291
30508353
30451160
31069946
30474628
30490099
19751924
30470946
30547353
30521633
30501864
30533316
30472960
30463146
26901475
30515978
30420514
30515542
30450815
30576935
30529700
27943863
30523410
30479980
30510186
30508612
30517989
21074323
30505078
30538540
30634501
30525831
30525924
31713059
28358774
30504479
30526626
30480175
30422014
30517116
27000618
30585022
30569268
30588666
30493520
18308447
30538290
30559383
30533777
30659011
30486380
30521075
19462395
30483993
30495322
30523344
30569848
30536015
30466602
30510362
30512979
25921423
30512158
30460826
30688508
30477469
30499564
30528780
30484010
26323113
30609854
30610080
30534262
30477188
30536433
30446245
30525865
30479095
20886660
30494204
30572451
30509639
30503068
30429784
30580818
30544781
30473187
19748740
30641888
30534388
30575124
30582616
30436077
30517638
30519098
30522438
22771815
30427024
30501225
30504750
30484315
30543139
30496875
30429208
19629458
30522311
30523270
30536059
30483642
30457833
30430895
30512966
20622227
30581421
30506246
30511291
30618064
30596664
30532562
30494006
25041232
30588698
30563279
30527092
30499937
30441896
30515350
23046974
30583509
30513666
30561339
30422947
30479164
30498575
23939579
31747098
30481013
30488146
30492911
30456519
30465710
30030627
30559302
30525149
30549386
30554425
30505962
25442461
30554249
30532224
30549375
30530552
30529757
31303444
20351439
30516386
30528964
30522262
30634266
30521706
30502553
30503380
30505119
19503729
30477273
30513851
30527459
30529973
30512024
30513299
30506246
30473104
30522483
24924678
30693266
30510932
30529713
30550366
30470366
30528626
30461495
30468960
24562816
30622269
30610473
30680069
30538726
30421368
30458871
30489615
19243304
30504431
30512192
30743829
30485698
30457237
30485791
30479808
30462429
30475217
30440260
25301213
30572161
30552213
30584840
30566422
30524154
30699453
30483141
30471498
30738462
26914851
30479915
30509459
30588437
30442167
30436842
30526890
30557306
30513046
22911873
30560924
30491508
30517506
30505901
30480661
30544193
30529031
30514410
23242153
30498989
30649000
30505669
30521117
30500444
30487855
30475489
30601938
30581400
18606246
30482042
30528344
30490910
30516234
30503971
30515907
30493558
30737540
30478638
21003510
30487075
30446013
30510344
30547112
30497548
30626467
30490040
30494664
30455294
24421668
30542040
30512481
30484709
30501118
30494882
30479844
30439313
30492474
23806334
30521955
30543178
30553310
30517184
30501900
30518815
30497612
30560696
42107281
34150935
30491268
30467240
30498071
30492904
30522700
30586253
25424001
30549630
30575430
30527966
30623046
30492575
30526728
30519077
26932847
30482522
30513349
30528007
30548317
30492273
30471208
21815602
30532661
30620973
30531720
30509995
30513966
30481560
20389150
30462875
30549332
30477065
30505624
30472747
30478288
21886818
30499206
30586208
30525806
30572642
30502650
30537646
37019030
30613866
30617051
30647894
30574958
30560893
23945172
30620599
30587311
30568421
30581168
30546888
24317832
30599689
30700077
30615004
30583506
30552684
30518687
22898245
30590113
30639795
30584797
30585759
39374034
30540559
30561622
30587914
27214057
30606968
30621072
30607827
30575075
30597087
30543236
30595292
25062376
30656593
30602778
30655702
30570362
30504829
30601285
30559787
26918769
30598209
30580175
30606062
30655649
30554637
30581296
22163372
30745013
30583983
30625733
30603389
30529068
31458817
30604715
30597568
22616622
30572797
30574575
30663600
30569875
30622395
30583032
30579491
30738455
27324940
30632892
30607790
30595956
30596716
30604952
30539157
30749654
25582287
30650963
30623763
30583840
30555017
30585982
30618710
30666128
29086049
30576473
30680451
30607082
30550124
30585502
30587889
23396188
32038629
30495381
30425253
31015552
30395967
30357457
22395768
30382298
30392617
30363353
30442686
30366421
30414508
30609824
30327740
27871959
30500105
30393328
30374718
30342553
30346024
30514780
30370447
30360105
29092623
30318586
30302647
30319620
30377806
30368410
30411906
30447727
22537871
30336840
30341031
30348577
30344929
30317600
30339199
30331946
21206759
30405153
30509343
30421617
30323510
30392968
30315599
30398142
23432730
30313186
30402362
30330844
30367764
30331737
30411911
19301576
30359629
30399742
30433511
30367284
30355882
30312711
30316138
30345324
20377084
30414377
30372415
30408390
30417619
30368166
30333195
30393052
30369646
25417919
30513612
30422602
30469297
30378594
30392650
30343235
30407336
24208809
30354739
30385640
30377460
30382858
30404111
30467733
30392291
30324962
30322218
26824448
30414530
30337871
30396349
30287402
30508695
30344511
30321262
30352053
23839513
30320247
30442895
30404599
30403742
30312998
30340775
30375353
30326503
30412180
28870091
30388386
30468695
30318451
30288989
30271464
30334542
30341226
30479793
25578971
30304939
30365598
30340604
30310546
30302785
30504489
30369902
30332448
29304267
30378393
30378877
30386733
30297508
30350993
30372427
30322589
23966241
30392946
30473955
30337019
30334937
30446993
30336745
30413757
24122085
30388522
30364073
30356239
30340458
30298273
30435043
30398353
29626103
30290640
30334280
30400987
30312693
30485508
30392315
25256467
30715890
30424027
31773739
30343781
30357044
30569951
25707732
30417655
30328544
30367554
30262055
30351277
19663946
30453647
30314192
30346087
30450011
30268742
30249834
25906922
30379053
30401160
30372908
30342984
30313613
25277556
30316982
30337520
30324986
30279738
30260755
28502663
30279908
30300044
30438890
30314331
22172536
30248697
30258146
30303917
30310837
19417483
30237133
30348909
30313538
30308411
30256019
30355859
25777557
30362011
30299473
30339259
30236840
30312351
30333604
19524801
30356124
30967180
30379362
30341996
30606507
30357972
30374706
30307323
30433786
29683127
30366171
30433386
30418777
30575960
30360658
30352352
30356194
21056725
30340461
30331958
30318091
30422782
30328862
30336842
30345100
30333451
28722279
30371779
30387388
30395077
30354395
30325315
30305409
30346429
29800340
30312082
30318915
30367078
30312959
30221124
30312838
22514376
30393364
30423171
30342775
30338486
30283359
30467645
20090595
30302928
30375374
30435472
30351337
30387301
30666810
20945483
30319036
30352662
30334593
30319339
30454186
30327508
24808658
30346371
30368259
30313044
30363805
30373289
21911555
30338860
30388413
30426686
30352035
30320200
21867701
30339087
30403951
30397920
30382011
30322159
23778861
30376663
30459352
30428148
30310450
18949951
30312210
30407690
30340749
30374702
30288302
26213577
30412104
30437373
30359911
30278826
40795037
30329797
30276486
30277912
30385615
32991271
34058031
33995403
34188679
21644412
30257651
30286944
30296053
30274704
30245582
26367073
30307921
30276795
30349469
30400270
23619882
30298661
30290922
30311909
30309493
22918218
30282671
30294597
30346132
30244442
24495908
30295280
30296855
30278669
30258933
29836449
30239506
30278555
30921844
23965234
30249593
30363797
30307679
30287924
20750516
30273817
30435711
30284584
30235452
19737729
30246368
30296346
31519241
33924073
33937881
18972555
30276933
30340230
30279888
30349013
30258382
30242672
30283631
25408539
30258864
30320116
30297298
30253287
30302806
30337660
30265191
19480812
30410233
30280829
30263755
30324728
30266289
30277296
30297129
30313111
21547580
30298987
30355784
30446104
30211840
30308990
44919621
30294766
30288788
23418795
30308548
30484998
30282820
30270899
30301563
30309387
30284242
30290100
30276412
30220651
29741596
30231993
30347164
30299437
30248433
30230334
30250243
30302747
30226131
30177280
28747834
30254304
30311975
30392899
30223341
30264808
30296746
30216164
30198548
21704563
31193054
30396586
30408582
30424720
32338892
30381264
30396388
30367316
20307740
30366296
30397655
30429824
30364911
30309900
30304395
30494698
30329705
23060985
30357819
30434716
30345944
30385864
30317242
30595290
30303058
19648902
30346473
30393668
30334666
30311906
30291550
30367469
30337484
30385240
30311413
20355388
30328473
30349219
30412251
30565019
30405999
30353433
30383535
30291748
30344695
24666314
30408831
30368377
30319493
30308935
30368334
30344431
30435889
30240180
22898565
30255893
30286415
30345130
30280180
30305289
30298624
30331082
30277740
27885014
30299906
30385778
30316253
30293196
30323915
30318995
30286189
24326952
30264778
30308524
30234600
30309013
30196716
30253380
30263502
25628206
30330028
30237703
30211193
30212542
30277642
30283757
20543679
30246497
30300314
30318478
30254308
30416816
30303175
17949110
30286928
30331510
30256386
30386742
30326293
30194511
30281882
30331477
22609493
30297607
30443729
30336311
30305789
30287895
30191404
30230260
20064970
30318266
30300026
30337203
30341380
30460776
30260580
30291302
30282853
30284898
40222372
30392560
41426153
30343020
30430729
30259658
30282593
30319486
30326289
25286002
30380379
30363041
30382233
30361518
30348474
30390260
30280119
19216382
30355800
30314722
41475653
30375826
30282687
30295031
30271590
30268459
27995403
30337193
30426813
30396113
30310927
30275728
30264008
18613942
30314975
30629059
30294719
58318471
30349944
30335333
30332606
24131619
30407828
30377736
30386661
30365973
30320116
30350153
22940323
30347081
30404453
30334391
30335053
30317413
30330317
24670543
46363373
30383646
30292913
30286686
30253868
19514962
30289718
30235431
30434106
30322405
30276421
30287763
28551973
30347433
30267219
30347764
30285002
30199220
31614289
31801195
30355370
30319637
30293269
21389523
30340155
30357426
30315980
30353200
30339651
42799641
30429530
30416231
30391878
30411214
25146310
30510721
30504777
30552151
30536388
30433927
22880524
30444797
30454677
30529546
30578429
30479368
30420013
30437362
29905511
30424451
30421290
30485888
30461001
30434574
30452782
26884997
30447522
30426891
30464997
30379169
30555138
18435212
30422685
30467833
30472446
30518260
32475861
30446893
30445991
30440629
29061918
31414378
30508662
30458179
30510170
30538899
30675602
19541084
30524632
30536255
30587251
30502466
30478773
30462075
30976555
25575873
30569993
30448753
30543364
30669742
30519764
30513302
24844309
30506001
30511013
30540182
30561942
30480384
30463606
28053883
30550468
30560644
30701666
30495144
30463935
23296242
30537673
30573735
30502429
30514008
30503291
22008288
30625022
30576095
30546088
30567931
30497977
22412042
30517272
30561974
30461528
30492863
30523193
26057938
30542662
30488062
30513382
30531464
30513521
30498413
30229260
30546511
30508078
30458464
30528882
30439400
30522503
23789264
30610904
30555430
30558891
30615482
30547424
30535920
22953478
37566893
30542250
30498530
30489205
30560820
30537746
19250651
30644656
30522977
30527911
30489240
30469893
30686395
30446093
25719113
30574991
30523153
30564640
30527565
30452742
30474429
25487735
30557053
30585586
30515785
30457653
30536165
30549753
46030450
30562123
30469310
30596106
30502877
30485677
23863298
30504997
30534068
30603460
30548868
30512377
23026026
30519619
30519073
30586107
30564633
30540429
24033581
30517946
30556380
30548549
30528759
30483620
30017006
30639218
30540264
30550662
30470864
24674687
30539426
30560633
30523603
30577735
23505670
30487684
30566244
30509972
30448104
24778476
30509799
30547761
30529758
30554309
29219249
30475971
30580824
30497219
23053758
30561817
30573988
30477538
30553495
19128152
30448857
30487004
30541778
30533550
30512898
30490636
24627052
30481518
30497922
30553360
30502676
30514808
30467746
30516420
27449359
32537395
30676344
30410981
30425470
30356796
30449364
23139387
30451611
30459435
30460460
30403615
30380682
30485962
22556283
30463293
30455258
30479877
30495059
30513046
30393497
30425172
23326971
30644795
30368919
30352955
30343239
30312935
30315515
30410995
24477572
30377786
30414420
30264077
30359282
30305410
30359615
19255245
30342560
30382204
30393569
31123465
30377240
30325122
30441373
28068263
30350446
30377000
30366133
30374518
30369784
18176789
30369378
30400628
30476382
30337833
30327871
30316420
22970042
30356924
30367230
30284584
30396006
30350593
20704873
30384291
30414362
30531244
30341789
30407478
20652564
30328156
30344033
30414992
30365495
30328491
23339702
30398719
30398895
30398453
30320055
17862185
30374077
30419557
30397017
30494562
30339108
26141818
30440467
30406715
30401798
30342065
30339567
23406937
30340966
30378514
30373233
30348135
30400993
23336270
46262733
30349880
30306615
30299233
30325557
25882955
30229020
30423280
30370162
30277967
21178979
30231033
30256902
30345760
30312453
30379503
30296879
25256658
30282746
30288102
30297177
30219584
30245977
22395032
30330646
30403577
30941183
30307909
30386389
30313278
30220356
27052988
46474523
30429514
30373858
30352456
30266271
30426462
24886992
30372667
30420767
30404526
30379311
30350893
30363738
26166851
30361915
30359781
30345281
30238749
30474630
20613638
30368433
30303330
30367442
30356498
30344112
30367742
29013703
30352691
30409482
30325504
30317608
30456215
29162845
30384955
30342208
30422209
30323693
20740927
30335627
30583031
30380751
30346206
30312764
25660749
40548671
30369984
30423144
30414491
23197577
31158128
31255377
30286858
30304844
23130600
30235593
30398286
30301234
30278721
25113885
30349976
30419602
30319604
19433579
30311978
31126494
30322287
30353820
25412338
30296156
30318906
30315742
23379701
30329636
30379629
30332246
23071191
30274570
30323007
30260182
30283104
24457128
30314480
30329738
30269737
30281646
30359313
26492180
30300446
30307695
30339348
30304127
30255810
30224220
26978982
32193622
30332438
30401816
30369275
30313083
20512990
30471031
30420050
30471411
30512624
30362662
30368267
26810128
30321713
30269078
30345715
30270103
30305022
26221436
31311837
31232298
30399036
30543219
30446270
29897111
30477329
30433899
30436855
30379566
22749191
30463069
30489399
30519749
30431186
19919259
30448743
30484647
30421139
30450922
30389837
30376365
25888422
30471696
30442748
30609089
30444053
30390579
25139934
41331191
30485132
30549848
30497428
30443565
30562458
25966149
30587881
30571548
30528759
30537791
30503981
19791882
46743613
30547339
30607128
30583695
30578886
30584104
30626869
29131322
30666290
30626349
30641702
30537979
30612812
18378772
30580692
30634067
30539331
30653788
30593824
30575860
30703404
20964743
30569381
30687387
30590302
30561569
30539187
30588826
30522477
26236123
30579096
30643456
30622120
32583200
30555876
30602288
39775197
30579746
30624936
30611680
30567382
30437511
30522790
27208304
32526296
30640673
30521059
30563075
30531812
22143315
30499028
30550899
30522113
30506098
30571593
20612032
30471471
30524339
30689172
30508319
30512503
30534588
30529722
25783430
30549057
30515785
30613255
30562928
30545982
30563069
24607486
30570104
30568459
30655255
30671280
30518764
30504284
30515729
26912662
30478531
30449918
30523646
30492551
30503978
30438546
30523343
21632995
30525084
30536128
30632940
30583628
30522444
30573592
30519223
30492022
26332025
30564991
30517035
30534125
30473954
30614206
30555532
30492971
25037625
30616786
30539059
30498253
30502055
30499016
30487665
30546217
27687596
30579712
30530677
30655693
30517411
30526299
30515133
23081183
30642935
30575439
30518499
30472644
30541416
30515062
22322818
30436206
30491932
30538782
30593895
30467780
30476764
24554656
30503059
30569862
30522907
30554377
30496350
20410528
30564400
30530779
30548408
30497769
30543786
30549891
30395946
30611857
30502935
30461336
30494630
19601309
30503761
30553196
30564262
30562070
30507693
30516964
18546497
30516942
30519801
30537473
30542764
30434233
30454653
30505915
30509882
23734982
30524829
30645469
30515726
30490906
30472086
30527335
30501442
30720882
30438151
27505268
30419015
30563057
30509051
30630395
30535187
30482399
30451487
30481367
24828139
30533318
30574835
30649585
30494692
30505519
30545984
30538176
30564356
26959519
30487395
30618028
30515894
30475869
30487155
30473882
30487557
23187644
30471878
30551735
30608233
30500100
30566860
30452408
30636115
22876893
46578526
31097939
30432944
30383902
30454999
30467778
30449130
26412520
30469860
30503027
30475891
30451508
30415069
30420482
23440571
30428051
30466360
30495703
30613844
30457626
30406190
23813969
30456440
30398677
30414653
30397158
30559779
30406319
27953838
30413613
30477770
30402396
30403113
30393584
23685619
30429924
30495992
30497248
30402689
30698188
23069908
30395000
30417642
30567111
30375741
30534040
24990492
30529511
30503300
30469224
30400624
30480808
30400693
25474112
30485253
30499465
30516053
30461204
30408287
34518695
30405524
22075143
30372686
30371473
30375369
30356901
30371204
30364504
30331344
30449893
23363307
30339833
30391104
30335060
30310248
30352642
30368716
30361265
30309380
25159592
30434813
30344918
30493227
30370913
30382357
30366175
30331580
21277435
30358834
30368501
30415719
30368168
30333388
30339948
30367309
20697578
30350627
30352164
30551132
30311354
30301273
30349431
30318829
23649224
30345840
30319770
30361158
30306924
30321915
30363407
20792131
30458593
30376198
30315150
30370122
30344170
30426906
20872992
30378595
30325847
30411802
30313682
30328851
30361538
30489784
30341616
26715824
30401151
30382822
30381070
30353289
30344738
30316620
30291733
26554431
30363539
30394627
30542526
30318146
30458986
30319995
20630281
30383926
30353998
30443540
30353512
30345077
30394211
30329463
27827336
30510972
30383895
30427237
30338747
30419489
30290322
28799238
30376769
30379439
30500533
30995150
30296920
21216276
30520678
30307355
30305675
30383313
30370981
30264724
28733034
30355654
30414004
30365175
30354734
30371256
26831778
30313237
30441787
30424596
30346240
18762891
30363424
30442806
30409396
30566530
30320671
30341381
19253715
30346183
30395264
30443068
30428062
31008339
30400444
30302782
30380633
25667565
30414544
30361038
30356697
30309692
30324993
30490649
30338515
25953904
30491608
30411504
30386854
30278322
30298254
30330817
19787584
30353146
30356067
30375402
30365102
30349568
30312302
30341188
27892215
30313845
30395431
30334298
30308287
30356478
31604316
29426143
30324135
30378029
30472833
30334209
30369622
21614760
30389088
30338839
30337907
30334993
30284986
30325182
30124398
30358360
30405532
30522369
30357877
30446822
29560506
46641020
30442975
30441745
30413497
20536294
30397563
30420575
30535322
30565249
30421702
24987259
30498877
30447864
30471128
30449862
22320395
30732101
31197781
30542904
30606344
21820556
30497851
30602387
30548981
30496564
23546028
30573773
30745259
30531391
30503902
27610492
30582491
30526439
30495878
23029904
30539440
30517079
30537975
20527572
30526199
30719840
30554733
30537933
19731606
30506431
30504068
30522147
30527279
30543773
17958197
30524829
30532984
30519128
30529407
30543298
57492609
30474711
25316105
30573866
30591120
30504364
30529951
30467698
30547402
30659315
20937219
30492428
30826367
30556663
30545165
30561087
30508435
30494464
30486946
26285384
30593837
30532889
30681880
30525568
30472177
30494199
30511261
25628113
30580846
30497734
30539571
30565099
30505046
30569574
17954613
30549313
30595127
30557570
30556332
30518829
30463740
30511901
25010948
30549082
30571753
30538659
30536988
30559429
30484503
30493744
30473281
26940739
30561360
30495084
30561342
30522526
30524671
30643136
30495897
22836424
30628775
30664501
30626353
30622109
30548295
30675579
30556071
22763996
30641701
30628604
30602973
30566851
30562284
30587473
30625788
25903303
30763195
30557753
30695051
30597128
30540731
30591248
22768940
30578841
30642826
30619475
30588811
30587341
30530117
22938642
30635391
30564579
30641233
30598978
30587194
30566886
26166339
30745555
30583657
30620817
30509919
30599151
22579193
30547517
30701324
30588856
30593873
30572387
21566535
30616560
30611764
30611037
30613948
30545758
30492226
30639092
31204443
30576584
30649095
30653015
30582915
30527146
18355031
30500318
30623951
30553866
30517669
30504886
30490017
22147715
30671528
30572638
30542197
30560879
30515640
30562642
30354615
30502900
30556940
30509444
30491164
30476168
28922461
30635620
30524722
30504491
30598620
19674308
30472935
30528842
30594595
30576764
30501344
23871431
30532281
30526937
30633552
30529177
30467730
30567259
28151912
30485969
30504395
30533502
30551871
30506402
23613866
30685295
30593153
30540895
30534224
30443800
22900989
30574157
30564044
30564372
30472126
30517631
24606010
30603617
30529110
30554524
30446534
19237338
30497389
30578546
30513955
30493859
30509859
30483064
22593840
30497390
30456048
30575053
30552115
30454273
18333651
30516788
30574517
30617513
30470900
31083942
30476047
30512441
22571671
30487999
30582028
30521611
30471193
30498798
30582873
30457397
19760688
30443133
30470328
30503449
30450471
30461887
30411584
30453635
30381168
30431809
29853544
30404724
30587461
30412925
30398488
30414221
30344409
30420019
30411677
26357385
30396184
30430400
30484382
30393782
30474235
30446349
30450786
18751166
30454147
30452840
30536356
30526828
30373781
30344144
30379470
30492004
25467656
30517513
30499902
30490560
30416542
30465351
30441073
30419451
25799762
30526404
30416076
30424337
30379244
30412139
30450847
19731028
30446839
30511177
30517738
30471053
30434474
30434350
32216285
27769397
37697216
30322903
30381853
30389951
30290065
30308618
29436649
30395533
30385239
30405930
30355242
30344453
21906696
30321484
30439657
30385971
30403142
30347128
18142183
30308644
30360373
30359328
30282713
30312515
30280713
29830547
30277102
30381664
30275137
30194669
20606067
30265123
30344670
30315945
30304442
30234312
25361596
30325380
30277768
30299142
30236162
22696889
30443780
30317884
30322569
30304527
30217951
19298105
30271854
30289318
30299353
30292460
30207844
30312760
30294920
23396912
30292231
30379946
30396875
30314097
30325351
30312131
30302042
30220693
22235634
30294627
30301273
30282232
30316547
30350064
30240893
30340460
30270627
30260835
24098123
30256964
30252455
30280918
30497525
30242105
30267198
30249946
30244785
30263598
30247739
24785412
30333431
30323453
30318108
30224380
30264911
30277193
30250004
30296863
30194138
20787148
30451739
30286498
30347860
30327996
30279384
30255499
30298913
30421187
30272997
21051705
30275776
30300744
30311307
30410821
30294120
30281195
30213671
30280875
30297722
26040972
30254325
30293759
30342781
30252895
30300995
30284640
30405224
30366666
25465461
30309946
30214507
30292820
30269153
30265578
30238625
30250246
19259973
30299847
30335493
30330279
30283435
30282306
30224327
30309831
30424332
26731446
30454731
30313467
30287256
30199259
30268977
30253358
30273956
29807822
30338095
30396555
30336755
30317428
30322446
30268179
23198000
30262413
30369998
30281289
30261777
30294883
30303025
21598938
30287222
30336213
30299933
30401157
30243905
30270818
23153804
30327137
30284949
30272553
30273838
30261536
30270857
29193387
30232459
30334024
30266053
30342268
30338188
25326449
30364788
30249655
30372315
30273955
30320931
25664307
30358949
30450813
30264845
30266818
18441420
30319109
30286148
30315557
30261884
30234362
30243357
20505730
30286299
30304197
30312775
30264809
30279719
30451399
30389380
30249578
29830884
30334813
32256393
30325604
30256634
30251991
30217276
19932781
30281062
30307213
30363433
30341205
30273604
30433124
30257671
25005958
30363748
30297340
30267532
30266776
30247298
30342970
23598212
30351452
30345531
30299384
30315049
30268948
30303749
25668677
30330412
30310058
30307061
30227134
30191453
20584550
30384228
30290291
30313888
30287448
30319108
30267380
30320468
22432678
30295484
30298571
30334280
30274726
30252002
30279677
32239823
29027611
30269566
30253098
30253404
30201377
30293637
30307579
26441716
30363762
30270126
30326482
30301302
30236355
18011116
30276160
30395315
30389553
30304288
30272973
30269744
23388933
30344929
30275890
30328660
30265380
30267015
21621743
30319193
30289926
30263833
30258718
30326359
22446084
30243584
30305515
30288019
30294313
30264969
25496223
30333549
30291529
30315173
30264500
30268829
30382173
28739436
30280538
30304749
30910728
30414624
30286917
22693449
30249507
30279318
30299882
30257005
30214877
30245793
30271442
24488806
30329035
30377930
30272540
30277776
30241218
30285013
20773899
46440302
30438265
30383488
30325800
30288571
30336964
19068293
30383413
30372818
30415322
30440661
30320253
30445787
21555302
30378441
30373114
30380933
30319791
30345682
30340628
26538895
30466864
30355656
30442153
30297366
30485069
24416818
30356928
30425500
30344421
30387311
30337786
33211964
30560817
30366866
30351228
30346822
18736363
30392379
30402725
30356597
30337829
30324296
30477179
21187453
31011690
30357850
30355144
30364800
30458453
30334213
26073414
30331114
30370297
30283070
30387198
30335750
30325917
30357500
29933149
30470792
30353496
30387066
30327173
30329193
30347017
23850466
30346924
30377151
30364387
30305262
30342735
30396339
23151506
30376409
30335703
30462211
30379082
30345286
30410351
25285081
30555412
30488321
30448414
30435019
30413349
20914034
30478717
30461535
30595754
48427249
30452215
18735642
30486940
30475991
30489895
30450733
30477915
19964186
30484648
30506911
30543035
30491517
30453778
30512238
18926210
30419731
30442877
30470144
30413619
30408824
30454024
30418677
22095030
30524401
30487073
30584639
30505884
30503079
30423953
30722626
24910304
30534984
30445227
30446010
30426923
30392584
30463132
30417644
30422826
22582325
30488278
30380342
30471122
30457528
30428464
30475877
30429249
30470960
20489830
30423309
30542323
30489282
30378037
30448723
30407299
31142035
30422578
30340640
30370716
19579009
30504257
30556248
30613954
30497235
30466807
30502560
30548142
30528222
30523928
30518224
23817206
30553777
30596060
30550609
30411034
30485698
30521577
30570086
30496797
30564941
22839219
30462973
30508017
30625493
30513953
30461298
30627261
30523781
30497006
30588162
26743486
30542950
30541181
30524324
30531211
30543582
30500860
30488398
30481518
25001889
30593486
30565009
30556166
30602151
30545966
30648528
30588933
30618409
28930285
30572579
30671358
30564824
30553322
30511979
30601462
30744237
24128397
30586099
30596573
30612181
30636666
30581771
30680222
30679875
24493194
30625204
30612597
30586732
30705546
32583137
30480113
18272837
30587995
30597018
31450518
30658988
30563415
30531762
30574653
26112976
30615344
30705394
30597962
30532742
30602017
30580621
26926479
30604518
30535111
31275277
30568279
30597920
20811200
30521999
30697511
30592528
30621244
30688803
30655030
28637480
30554726
30576753
30607077
30582291
30553128
27620612
30656491
30824764
30696929
30561775
19494482
30616746
30616446
30606926
30589689
30689408
24304772
30610299
30649629
30641746
30777962
21696911
46556280
30551195
30600971
30512841
30526566
30494104
30169438
30729219
30562387
30587620
30542891
30557877
29348753
30582100
30522313
30569515
30574841
20203952
30534957
30621449
30770009
30624995
30517737
24844401
30650755
30600775
30621369
30607195
22220801
30600345
30604292
30613721
30630251
21667476
30581899
30552104
30578331
30658942
30471293
20950879
30569277
30628008
30688902
30532922
30609973
30583172
30528526
30136522
30601704
30563968
30593129
30627840
30527312
30537639
30578824
20876904
30571444
30562117
30595724
30569013
30616797
30573735
30530333
30642955
30562433
28474188
30599268
30600046
30586110
36553701
30583515
30751408
30541524
30612879
30271299
30634190
30608740
30630331
30584632
30579629
30559218
30578987
23332769
30567553
30626944
30631831
30543380
30564963
30567973
30570631
22310617
30657604
30691448
30679965
31141582
30560715
30516904
30561232
30722027
21843416
30575007
30602084
30609051
30619881
30571526
30561564
30558910
31190279
21437774
30570610
30583049
30623533
30578270
#end
