#729a2951|blade-3-m620|jdom@54ed0cc8b7e8deffd5e088305ca7723dc0bd963c:org.jdom2.Verifier#checkCharacterData(String)[generators@bcfe6d43107430b2604e2e34b9151742941652e0:cz.cuni.mff.spl.casestudy.generators.ParseFileGenerator('MQ==')]()
#date=May 12, 2015 8:15:01 PM
#warmup=1
#count=3822
#begin
22683574
53580642
38097605
30357217
30320437
25549389
30234855
30268942
25612460
30243293
30328193
30999973
30391815
30406379
25337407
43095777
30319744
31127044
30343169
30353553
25178100
30375490
30343147
30362499
30377181
30297885
30463333
30286482
30258887
30319635
30305622
30397677
27040605
32156936
30274090
30478604
30325880
30407753
30458771
30269408
30349555
30326461
30265933
30353509
25569232
40670462
30321706
30271762
30274678
31476841
30408686
30306204
30206621
30398906
30267166
30249982
30662086
30350053
30378720
31257568
30252313
30350814
30267480
30258864
30282729
30348193
30292155
30480439
30300282
30238477
30285862
30240884
31117893
30262046
30298771
23966752
30700382
30263884
30289010
30363887
30344611
30334837
30290473
30441208
30323613
30272243
30322866
30311162
30462061
30395437
23177952
30200524
30364753
30927800
30354542
30324800
30280978
46918740
30277968
30305220
30338590
30437742
30275637
30349056
23059953
30265121
30323185
30333642
30308593
30300384
30252631
30323830
30426779
30255503
30216195
31292492
30338355
30273380
25802658
30931610
30908012
30258869
30301680
30314705
30327286
30370502
30286083
30249644
30289814
30267129
30304813
26803602
30284611
34701615
30250107
30249722
30222189
30295878
30467853
31560391
30336998
30233893
30250683
23812997
30237289
30347226
30419831
30289062
30268546
30380471
30271960
47328641
30251122
30256493
30198425
27292492
30284375
30298288
30379279
30403262
30269680
30347369
30273027
30183982
31202302
30245606
25532311
31109773
30248211
30285929
30198924
30278533
30285817
30308286
30212660
30276555
19018502
30232981
30374216
30338184
30323138
30431680
30230802
30249344
30253873
30259922
30226886
29481469
30240426
57196357
30346788
30275013
30280313
30266860
30286391
30250564
21372263
31454680
30302443
30293380
30389777
30256776
30345967
30300502
30406462
19040667
30249447
30233291
30317200
30283618
30245170
30306284
30269072
30236033
21919878
30234173
30313039
30287462
30479377
30295020
30348871
30227089
30262417
28479620
30228617
30228902
30356668
30277324
33507144
30234435
30241296
28455569
30333582
30824672
30378253
30325493
30302111
30363813
21093579
30307057
30375679
31873206
30276184
30267982
30300455
30266997
29729071
30417309
30302092
30284009
30253646
30237984
18175034
30258418
30306862
30189473
30287536
30218113
30195687
22319413
47735610
30494880
30533746
30342017
30432995
18263789
30389588
30459426
30540757
30395211
30344368
30389835
29703047
30269299
30404467
30359767
30293059
30328913
30315260
18996924
30288836
30382417
30303867
30341453
30413217
30413081
30358673
30307340
30274614
20615090
46404212
30432367
30391998
30430704
30384049
30386797
30415298
30365818
30364350
26428109
30414281
30382578
30601997
30398382
30412097
30427816
32427461
30403035
26792735
31167528
30288229
30305613
30355950
30380940
30860667
30341653
21499787
30969481
30383831
30316990
30313342
30342433
30394643
30264604
19428326
30271107
30279713
30280926
30361819
30303994
30281939
34186800
21761005
30286013
30364998
30296864
30286950
30310875
30320804
30314266
30297894
30333957
24112432
30338059
30303560
30318797
30362173
30335010
30264502
30483461
30272535
30312569
30289040
38820129
22834573
30277702
30458457
30297213
30338077
30302491
30348636
30325275
30352387
30237589
30298694
30270693
26581541
30347047
30385455
30352418
30357453
30339880
30327772
30296361
30352908
30360968
30281901
25979359
30375815
30362887
30375393
30357842
30356424
30280698
30304909
30334489
30324164
20713664
30355682
30971739
30357658
30239864
30412200
30371516
30370782
30209079
30334467
20246428
30373961
30277762
30375110
30810841
30340011
30384342
30317526
30285604
30238511
24047672
30339937
30324317
30308675
30358469
30305160
30365806
30320576
30283805
22795471
30409452
30336413
30278960
30267149
30328019
30275319
30282485
30349247
40542137
30343366
30282784
30282413
30167825
30251064
30253867
30216137
22488558
46370020
30392555
30449460
30283257
30356318
30360462
30270900
23547724
30351419
30339383
30318795
30293861
30357441
30341184
30425929
28218767
30297760
30341545
30384535
30334108
30373835
30349602
24886029
30343307
30318885
30316207
30379360
30351788
30349174
28026228
30375348
30312249
30304764
30416290
30377793
20187259
30292751
30252498
30362899
30340541
30377069
30390417
27045852
30375758
30380855
30291502
30317226
30379128
26716555
30317635
30304720
30486936
30322053
19189075
30325449
30296694
30314465
30345306
30331534
30329080
20389652
30326957
30276331
30357595
30298478
30299286
30312702
30353247
30333540
28118767
30466095
30352204
29862478
29663102
30366220
30910183
30445477
29965406
30301646
30928666
30357271
30375728
30320750
30349075
24003820
30265157
30358716
30322643
30318393
30355833
30354142
20795512
30305741
30299312
30944513
30325307
30267789
30375346
30426617
30364707
24032282
30350365
30314111
30372906
30302400
30341640
30282055
30352117
21905209
30319867
30315054
30315253
30325613
30261768
30290634
30443897
23205563
30315095
30370638
30389497
30382033
30353762
30360430
30328009
35599100
30193125
30235093
30244764
30320619
30212380
30282736
26117189
30416394
30805697
30271198
29768031
29723176
30281246
29212689
30264731
30335941
30330253
30362189
30273315
22422487
30292058
30315580
30262415
30241131
30362798
30369792
30399713
27526019
30306757
30267104
30248936
30277651
30304535
30319995
18914645
30280795
30298975
30245256
30262057
30348939
30252906
30241635
28374148
30192000
30308362
30341349
30264948
30298122
19087093
47628693
30538606
30381975
30491397
30483411
30554060
30472885
30432491
27785168
30462560
30426582
30423450
30390835
30403567
30548906
30323906
31052548
18608892
30381885
30423119
30399545
30410775
30331532
30353833
29891867
29906322
30377223
30368517
30365251
26304306
30421513
30411904
30495478
30495252
30332042
30411739
40825741
30353986
30392009
18540090
30371442
30416644
30439249
30475146
30392851
30384767
30434147
30441865
30375553
30373683
26442857
46364719
30298064
30267570
30337400
29626057
29674940
30273035
30240888
18748656
30318857
30366349
30334455
30352108
30313488
30247540
30383906
30239113
30320073
25883998
30423591
30959445
30379260
30269064
30549409
30370062
30348491
30332273
27046357
30355909
30323517
30280053
30357171
30324910
30334522
30298363
22509462
30429573
30416386
30499010
30401280
30354682
30581126
30419740
21760364
30499888
30471842
30614650
30446880
30465034
30443484
30367417
24195317
30462239
30392258
30448886
30425053
30376800
30380017
20718306
30546831
30342251
30343833
30418545
30454135
30745739
20644147
30368797
30429010
30394181
30432220
30476455
30433555
23381483
30430249
30419658
30410524
30384369
30445018
19080587
46519162
30433006
30483757
30484002
30470826
30668022
29591816
30477393
30501164
30515026
30602428
19645191
30456742
30455307
30454815
30497855
31127752
30529454
19234571
30511804
31136770
30487958
30501340
30533211
30462926
22171838
30576076
30496317
30412346
30450887
30417389
30364115
30401531
21952435
31001352
30442460
30450831
30507888
30335528
30402791
30435302
30343055
30364614
25285929
46786920
30573895
30459795
30446708
30488173
30473495
30464444
30428502
22972304
46845110
30876020
30628620
30569395
30532175
30572106
30578064
30550090
24984239
30588254
30648480
30515518
30580506
30546173
30553446
30566328
21257805
31116672
30639889
31279013
30506502
30531768
30495179
30568726
21319958
30532332
30574744
30609533
30536175
30753397
30561598
30537518
30581199
30495582
25114485
30603013
30569500
30561480
30570022
30487466
30551931
30545124
30578444
23549240
30536224
30613784
30597853
30586127
31217547
30599764
30699017
30586081
26343308
30576348
30564178
30646697
30522684
30577411
30556328
30611184
22926531
30574413
30577409
30512081
30516045
30544503
30563752
30528511
23383959
30586691
30608328
30584193
30575124
30618809
30520784
30633675
28466543
30570012
30558229
30606568
30596887
30550715
30565488
24940303
30583306
31106400
30554173
30575955
30560864
30574053
25834044
40249844
30616305
30552177
30495489
30534673
30570530
30586895
22729277
30553554
30556715
30535920
30568907
30590752
30492277
30606813
23636930
30535209
30538736
30537690
30551621
30557318
30574791
30588506
29578138
30548804
30579534
30584947
30708242
30667446
30623386
25763311
30612018
30544426
30565128
30542244
30559286
30631755
27060261
30905802
30529764
30574026
30542842
30721206
21132014
30575631
30578567
30555318
30550657
30426131
31139787
29960669
30599346
30564478
30627002
30586539
30525684
29965258
30873451
31102283
30636831
30635621
21718223
31356993
30480411
30524506
30531076
30626284
25977218
30631777
30655306
30516646
29252667
23608023
30506688
30581113
30528662
30586559
23206546
30591829
30758271
30559717
30548466
30553526
23400062
30658224
30605664
30594239
30694084
31313948
30561161
20746959
30611070
30499041
30595227
30596534
31160528
30562220
22229066
30519473
30536039
30548315
30562733
30514109
30507775
26008840
30631990
30613371
30615358
30499657
30548619
22951978
30580008
30566433
31252432
30673437
30643833
24996625
30599362
30695384
30581654
30526522
30570702
25286954
30476160
30435580
30439466
30392439
20437128
30372773
30387817
30399189
30594593
30399898
30413321
24365323
30421982
30471492
30399902
30414400
30504286
30450018
30380394
25409430
30404216
30448267
30458215
30485964
30393652
31917279
19968370
30396726
30433855
30446595
30489928
30721481
30520787
30438562
29333686
30418646
30474964
30555806
30443088
31129671
18729703
30400199
30388605
30420264
30470620
30471607
30379102
30454376
30415590
29969929
30442666
30401893
30484071
30328124
30326248
30449104
21237645
30387346
30382220
30451505
30452743
30447121
30418356
30348831
20173075
30358391
30437949
30458984
30982753
30611593
30454557
30405434
30478329
30480181
28870839
30441389
30412893
34749921
30378711
30403705
30390003
30401374
30348518
25033080
30559890
30484104
30312760
30315838
30520357
30423811
30461892
30389038
30303321
31599172
23992814
30421780
30961609
30595706
30427542
30433727
30600022
30429813
30409567
30428709
30452891
30382775
30413675
30452337
30368353
30376146
30428649
33481011
30393052
30386953
30362832
28798660
30358578
30389209
30455857
30495331
30356478
30354267
30373781
30432670
21546661
30459297
30424073
30441253
30425178
30437173
30512875
30471229
30399686
19473386
30382373
30385745
30402852
30367901
30667879
30509795
30442943
30372621
22304167
46405260
30359940
30333305
30291781
30293590
30281928
30344039
18216432
30314502
30294565
30272069
30363758
30341873
30360101
30421864
19395300
30248840
30229520
30407975
30233176
30278842
30203349
30276562
22936773
30256109
30275433
30215881
30228954
30303868
30349684
20578608
30252197
30256753
30191014
30208556
30273256
30296933
21480442
30370020
30266781
30239088
30460049
30287830
30279722
24876314
30320978
30267485
30335697
30265684
30237358
22001345
30208667
30273424
30193131
30227464
30293283
21610991
30294324
30432108
31003388
30382582
30321400
23479385
30306811
30317488
30338663
30265961
30298788
30339115
24346681
30307654
30381411
30276911
30345409
30286429
30309711
30399398
21660917
30301109
30316807
30296674
30361864
30336789
30424613
30412124
22073490
30393242
30371223
30453200
30378155
30336233
30336788
30330030
26314282
30378893
30334502
30333882
30338383
30323896
30416042
23798848
30318409
30256273
30360349
30296549
30296192
30351558
44810795
30509023
30400629
30334520
30333572
30354255
19113252
30266169
30287979
30340353
30245112
30281775
30375342
30336231
20438045
30329818
30338344
30351186
30319146
30458586
30406543
30419931
24493575
45744774
30460482
30421213
30355555
30409546
30518575
22682776
30393542
30402298
30382141
30440180
30426306
30408586
23784243
30401898
30467962
30437468
30442561
30421630
30458919
29798113
30533975
30449937
30420498
30508508
30478582
25225096
30463420
30465217
30427306
36723267
30363455
25226734
30398635
30480988
30426060
30408073
30427119
29542225
30451703
30447682
30462029
30610518
23303827
46790029
30424984
30475846
30395340
30518469
30493001
28233552
30500772
30517371
30478945
30569182
30458393
30540753
30525966
30316148
30657023
30546813
30480582
30518968
30820219
33491563
23175588
30521188
30515452
30454604
30437702
30487882
30530340
21419551
30541862
30492568
30536948
30499882
30463559
30505257
22515242
30588186
30432506
30531526
30470119
30442668
30514253
27018146
30560441
30436826
30460562
30473151
30560979
23947147
30626702
30488908
30495235
30505124
30467020
24195336
31433280
30497392
30465978
30453124
30452408
27282392
30481809
30432096
30510535
30529291
22476742
30508947
30558660
30410204
30451402
20352575
31070344
30675413
30517890
30519189
20107819
30469544
30463164
30571538
30484409
30472513
20973343
30490269
30501718
30490993
30501630
30486578
30575350
30538296
29116318
30511287
30516659
30472566
30423264
30524150
18562880
30540253
30429104
30601855
30506729
30532702
30467696
30494933
30464211
26608393
46752133
30563442
30554550
30600582
30625797
30519379
30520290
29498285
30595871
30526541
30625983
30594890
30497506
30524213
22873498
30580698
30594967
30580135
30556753
30544188
30566333
21385517
46606996
30568972
30787666
30532660
30551146
30452984
30482415
21701607
30521446
30530080
30545539
30452394
30455530
30501719
30510957
25665237
30551237
30478487
30450157
30461382
30493021
30471056
23088399
30520778
30537415
30526310
30557515
30464084
30522411
23897505
30570129
30607457
30469062
30462862
30517400
30452423
29115727
30520503
30436394
30501731
30521885
30450936
24350997
30422064
32684261
30425551
30410659
30550637
24124443
30553508
30499360
30532286
30609917
30504584
26528626
31185350
30517153
30631348
31025610
21300827
30460649
30559675
30538540
30543764
18317974
31213494
31086809
30542175
30509162
30450137
30458224
25300156
30520044
30671897
30606936
30502366
30514835
30453622
21955249
30497973
30490487
30442931
30490504
30533711
32504987
30473476
26079724
31100908
30627515
30586033
30412631
30513251
30481998
19975621
30459061
30456429
30475080
30496479
30515460
30699182
30390553
28542904
30443698
30513419
30661472
30552514
30475970
30531333
29758214
30200026
30256633
30197102
30309851
30240251
22148551
30319891
30273613
30337613
30183342
30304127
18767223
30232332
30301824
30169216
30277498
30306982
18174064
30259653
30345298
30258407
30315255
30275930
21949918
30248775
30206271
30444690
30337979
30173795
25680467
30288459
30285616
30304060
30279151
23049794
30288095
30205322
30890083
30301285
22729488
30337104
30264037
30285682
30227126
24319493
30293860
31056930
30285633
30265634
45803479
30346117
30907668
30405178
23959593
38636599
30445626
30440768
21899089
30449248
30399282
30370118
30410551
21249205
30434941
30383159
30446544
30462691
30422092
20600623
30386108
30413444
30479579
30412928
30406853
30479565
30431902
27222817
30443413
30439984
30424484
30480241
31090577
30496196
30391148
26727047
30360204
30433788
30449779
30422930
30350144
30394693
20121968
30329300
31246314
30460758
30443562
30439826
30484513
30408860
26851148
30352051
30365400
30421244
30407457
30480933
30429226
26858212
30417759
30466885
30593457
30377615
30414746
20246908
30397235
30457948
30506809
30414070
30454902
30449726
26366900
30440397
30444391
30392191
30432211
30434491
41488233
46749533
30459435
30507376
30428568
30448104
30461317
22235451
30495904
30805533
30506964
30474295
30516835
30566539
22629016
30497433
30465778
30539315
31031323
30620548
30504907
25685373
30537506
30551624
31113650
30554811
30528735
30449320
21976224
46654719
30583315
30665693
30540699
30622732
30516601
30606138
30264991
30555655
30546073
30604079
30596551
30560354
30599905
29908897
30635397
30650779
30587182
30529748
30526029
21302379
30586501
32536449
30620204
30579306
30549251
30636638
26843104
30633901
30440359
29291833
29249956
29270194
24677918
29279095
29242844
29255390
29253582
29316138
26053624
30560423
30541466
30514022
30557982
21103063
30540015
30524573
30593786
30558982
30519799
31204166
23709137
30579530
30554988
30663722
30514159
47340045
30601153
30585507
23179359
30538177
30469735
30545720
30541262
30584221
30711135
30593268
20091253
30556042
30547103
30599046
30543946
30541646
30569966
30524650
22273252
30565510
30475573
30731810
30515344
30510953
30688410
30552566
24633652
30580491
30593480
30550964
30584824
30615342
31096720
22413708
30565482
30616289
30550518
30571217
30588101
30502764
23198628
30522975
30720935
30511240
30572159
30615531
30559396
30548376
22509140
30558227
30559529
30552936
30551860
30634741
30544082
30571293
19323094
30557097
30660071
30661739
30521271
30596383
30521166
30683793
30552749
26393106
30725284
30506709
30560099
30526349
30620291
30695149
30558503
30486341
30509891
26910337
30523777
30546013
30577177
30593872
30754491
30568304
30623928
30555234
40303929
28085009
30546105
30556473
31192153
30580290
30567758
30564719
30615951
30727204
22645867
30661599
30553452
30564728
30533786
30569188
30547277
30562820
30592777
22030718
30670471
30600072
30689155
30548722
30543528
30583300
30492366
30653940
25606982
30535461
30605420
30550201
30499669
30569833
30568038
30510713
23274362
30561150
30571051
30565493
30552607
30564904
30614586
30597867
24468294
30620360
30627802
30543867
30651453
30634943
31310437
19571592
46520886
30487679
30430973
30481244
30626471
30464782
30529221
29209485
30448827
30447331
30420267
30489562
30556331
19508839
30458150
30475277
30466335
30594395
30555715
30524957
23943844
30430889
30513717
30487493
30520560
31041742
21789758
30488104
30476396
30461840
30610648
30522249
22006851
30494778
30479471
30417523
30416227
30486165
30463040
20944946
30488095
30499417
30492993
30614473
30509022
30481404
22085373
30499886
30479064
30484832
30456932
30486959
30550847
30528208
20044223
30462623
30538762
30530440
30473008
30481055
30544250
30453773
30450525
30447613
21532584
30474353
30447045
30486808
30464312
30499549
30503975
30433764
30469938
30430635
30426775
21543031
30520844
30443466
30471813
30449922
30535479
30492231
30444659
30464498
30443644
30464344
26544858
30525483
30487504
30453627
30514018
30433569
30388284
30497561
30418291
30461530
26157202
30480677
30467817
30467585
30486964
30484224
30452943
30560227
30574978
20774003
30493419
30458829
30471604
30447915
30434204
30457416
30423906
30553109
19386777
30401797
30476635
30437577
30506818
30513913
30622004
30503595
30460837
30454257
30487340
20522412
30482233
30521784
30394826
30470566
30487882
31325430
30457624
30422266
30464015
30497611
25772176
30552688
30477785
30453827
30467018
30557747
30550437
30511688
30440990
30419502
26479726
30517381
30484488
30499335
30425017
30465180
30518334
30468717
30473495
21739167
30456075
30517235
30487546
30513258
30547138
30492530
30566448
30453904
21329123
30378328
30386421
30428473
30442439
30379175
30411217
30427606
30362623
24977241
30422895
30393866
30388606
30420639
30444464
37387245
30403364
22857955
30397155
30484364
30467344
30422196
30468135
30412877
30449411
24205225
30985721
31088972
30455380
30428045
30447406
30407181
19337094
30491901
30502204
30478855
30489282
30448435
30468592
30458930
29244805
30411151
30423607
30404963
30433301
30479922
19495815
30366675
31029153
30368900
30449935
30885235
30446288
24130875
30447486
30437845
30458426
30953568
30516560
21941513
30394342
30369490
30404242
30504206
30438999
30452750
30453951
27599292
31386404
30429901
30399097
30419242
30406608
30458113
25724412
30427669
30521646
30395720
30305429
30482171
30361591
28692725
30402424
30427844
30426162
30403344
30391408
22626525
30494395
30431693
30497796
30339130
30393196
30456227
30415475
24093515
30458960
30552342
30434460
30379287
30436214
30422073
30453623
30395925
20557002
30528822
30427949
30450990
30380497
30403476
30433275
30387793
30413999
30407720
30351907
28148670
30497762
30549870
30423291
30422314
30421597
30433624
30355647
30343184
18782065
30387356
30605998
30431709
30455344
30493013
30341953
30539142
30355582
30351424
30398375
30388672
28816243
30424944
30431968
30411986
30479755
30421879
30422307
30415709
30443693
30363085
30347040
19746039
30424854
30438509
30381040
30461844
30416581
30725197
30538890
30407453
30419028
30372652
30403099
27437276
30352869
30408833
30425032
30362562
30328483
30429479
30569733
30442448
30345730
19759564
30449757
30451776
30430075
30392695
30420081
30524644
30427527
30413477
30421969
30384769
28950292
30398771
30469907
30505657
30495290
30433812
30364124
30382404
30378056
20535272
30338731
30322144
30487624
30383104
30353748
30411624
30418433
30356702
30355935
27702990
30466967
30340788
30291967
30346933
30303557
30499919
30421069
17952602
30340379
30253765
30374746
30274589
30317500
30295335
30395657
30394442
23795765
30332454
30369846
30330982
30337489
30451073
30427809
30355137
23318253
30307385
30454822
30357711
30321133
30361475
30363100
30357448
26126551
30378950
30321549
30372713
30354188
30282386
30356186
22487815
30324211
30366260
30365708
30292682
30321671
30311464
22325707
30355424
30348168
30242715
30262666
30293429
30383788
25241371
46266796
30304851
30295979
30246489
30312380
21183659
30282073
30268154
30255675
30301535
30334457
30267749
30211808
24142043
30254617
30212451
30270480
30241775
30301728
30198251
21058399
30224355
30256497
30475717
30258233
30292566
30356613
20957736
30266588
30379056
30882141
30283791
30871366
30321460
30253268
30276382
26752262
30252240
30259671
30253247
30213893
30265815
30276475
30290917
26626517
46357809
30315051
30336859
30266081
30312038
30456671
20295320
30327062
30309313
30322855
30359927
30309416
30388209
30289302
27246985
30274192
30235247
30227484
30312014
30259305
30323938
27847024
30206287
30406129
30224298
30257942
30270711
20847390
30257258
30286651
30209722
30292729
30259207
30330100
27060344
31188019
30761332
30351224
30255388
30329461
26187500
30347073
30334724
30344175
30364091
30279613
45716446
30339817
30395324
30470063
30572539
22666808
30403556
30403613
30434973
30405165
30413069
30529116
25832778
30422588
30442743
30446792
30363347
30403586
22154925
30431229
30457255
30382288
30615173
30455702
30518334
30457108
25617105
30429115
31214844
30405606
30612681
30990997
30555071
30370500
30360609
23815808
30467944
30439628
30582186
30443219
30568586
30448300
30415380
30423626
26508667
30441177
30312419
30409664
30409128
30382877
30387522
30467922
23026700
30381433
30476246
30379033
30409749
30444859
30393171
30541266
30401322
30315128
28926385
30389510
30457217
30387362
30377837
30409375
30495657
30403237
30466619
26681224
30449096
30404847
42391337
30369324
30395369
30423013
30506989
30372931
30344302
28664294
30396071
30368122
30406985
30377715
30389038
30446428
30354597
30415078
23053619
30354744
30469336
30409220
30399068
30414139
30470265
30982510
30462953
22841808
30410102
30468365
30530561
30968333
30502495
30391434
30392723
30355531
26788395
30428138
30390006
30380439
30843808
30418647
30417355
30430266
24539623
30419670
30424278
30410251
30408175
30365081
30431904
30341430
26413698
30444499
30345275
30459342
30431682
30450246
30472768
21745587
30433525
30429804
30430473
30431116
30388098
30362326
20505051
30454007
30797938
30624715
30496113
30483716
31580912
30429468
30495348
24648647
30524264
30495673
30493127
30504751
30601590
31011790
30535951
30484326
30461949
21741256
30534422
30452897
30551450
30509506
30471130
30456595
30563176
30413113
30442058
30532000
28202263
30487768
30610025
30493111
30459476
30451073
30505898
30453549
30485141
30435410
30444704
30453382
23900927
30460182
30582824
30566109
30454969
30545006
30507465
31065948
30568175
30454186
30523471
30503653
26544365
30506448
30486831
30434575
30422132
30461138
30560806
30504126
30402368
30456344
30468064
24332470
30513394
30491581
30615993
30470529
30476920
30517873
30455498
30485938
30505009
30447296
29122341
30519954
30506531
30458036
30492629
30522271
30473564
30492100
30492089
30453439
25951800
30566604
30493635
30517887
30450515
30640667
30473002
30506589
30428564
18751031
30497986
30491202
30468126
30511248
30506737
30458115
30561568
30474458
30545178
26215597
30501913
30494093
30531541
30935153
31123557
30548142
30507568
30472471
29364580
30505189
30492569
30508306
30544611
30452978
30494718
30485991
23447317
30500850
30472806
30434106
30512675
30439482
30570097
30506278
23269891
30464013
31239235
30533353
30459380
30466655
30464391
30468293
26530842
30498997
30445407
30468471
30459473
30432706
30537055
23190648
31061971
30441149
30543172
30481899
30531927
30454642
23259948
30611091
30539064
30464397
30529611
30463051
30640517
26454275
30493413
30637613
30474839
30549387
30543993
22652622
30506537
30501290
30506460
30497953
31047667
21915050
30529304
30578549
52347953
30590137
30552211
30547346
18332829
30516160
30611870
30490082
30689002
30575111
30653199
30642846
30549720
22357998
30539895
30536293
30553795
30602379
31150529
30709595
30535406
30586300
30541531
30474006
25443307
30600600
30604002
30575059
30530137
30789711
30563765
30513264
30530273
30571291
30658948
22415487
30596149
30540734
30575491
30532970
30523164
30491321
30574537
30505381
30524524
30509500
24485218
30587041
30598427
30591119
30598415
31211003
30625260
30571110
30543048
30474279
22088322
30594229
30718584
30525793
30604447
30611661
30634289
30620713
30595951
30597173
23857957
30534474
31182385
30559656
30570169
30558107
30575628
30603455
30547789
20728955
30550071
30579928
30582720
30544559
30500522
30522646
30574033
30500078
21495378
30534497
30535288
30699240
30574093
30683420
31091004
30665884
30519455
26412637
30656360
30560189
30529697
30620031
31100377
30612378
30610639
25262316
30659335
30575524
30536898
30700625
30583347
30522650
30556828
29206449
30547031
30584459
30552902
30536477
30586702
30617200
23788010
30544575
30537077
30566679
30598026
30605677
30591453
23535623
30569749
30616882
30574820
30559635
30653238
30556097
25979725
30523289
30601920
30585846
30589347
30537412
21687207
30553780
30681148
30683257
30529920
30691750
30570970
30497853
24211380
30562791
30597373
30474169
30521695
30556859
30573885
20724575
30555673
30572244
31396227
30513317
30589426
30572500
30589604
30539402
22247449
30681753
30558084
30543520
31119566
30523159
30583257
30548384
30502015
30510451
30490872
26172100
30599251
30521510
30561471
30525231
30648644
30597824
30695726
30576526
30593797
24769083
46760353
32478958
30522304
30523597
30487145
30590068
30523239
30495613
30453217
30025860
30644870
30440971
30480709
30458551
30555626
30474822
30425460
30500188
26487904
30454764
30493680
30496935
30476191
30495245
30489511
30468338
30421150
30309694
30462241
30490810
30515935
30460096
30471611
30500126
30456178
24575760
30488133
30516224
30427506
30504462
30507929
30497701
30484607
24660916
30485693
30425458
30495539
30686639
30453489
30479573
30465767
30434632
30475739
31039817
30536610
30436147
30502595
30497262
25637316
30501167
30475959
30504602
30409586
30533648
30477675
26124504
30531222
30601700
30637404
30468275
30558959
20930619
30428275
30508608
30509008
30487184
30598717
30487133
26205699
30507849
30395416
31042882
30488215
30388891
25576727
39556688
30350815
30365219
30312469
30243945
28962136
30396117
30363120
30365713
30317506
22327400
30286064
30294300
30480933
30295191
19292466
30313011
30348706
30351717
30288070
19869982
30487000
30355464
30332957
30344715
30347498
30300054
29513578
30320749
30364353
30968813
30354145
20110403
30282884
30310273
30399535
30308625
30424788
30908459
20610517
30357464
30392156
30494322
30320755
30295588
30317934
30331809
30326824
26431289
30304346
30341492
30420824
30434927
30376437
30348024
30304382
30299455
30276827
41127270
30440966
30431811
30438998
30378484
30461310
30353861
30415393
30418080
30418682
21012999
30385358
30554034
31338563
30385077
30432566
30448679
30451278
30521993
30411124
20815239
30387945
30395883
30407404
30422884
30457664
30403382
30348537
30410131
30357371
24645260
30415973
30358360
30359948
30453806
30467966
30328814
30401233
30459484
23657432
30408162
30411779
30440083
30407693
30400513
30440437
30539815
30468259
26540389
30381648
30471710
31045077
30527204
30360315
30478255
30422331
23459451
46361809
30615784
30337057
30300504
30359834
30298744
30316282
23949262
30295510
30280653
30368869
30331842
30333511
30369748
18297247
30459137
30379393
30361050
30914019
30528941
30325175
30348246
26357823
30330153
30286420
30378919
30337398
30316957
30337549
32447785
33835867
33804229
33818509
30293219
30308731
21766804
46484809
30399716
30413967
30448370
30340473
18536075
30398923
30421562
30716428
30430647
30564011
19450680
60121911
30438126
30653857
30471091
30932142
30925406
30637473
26692881
30395695
30411927
30396187
30355164
30416457
30389588
29384889
30417562
34486678
30428475
30410392
30438974
22166538
30434813
30386598
30401859
30393124
30384906
19295086
30390457
30450128
30429442
30431322
30439000
19473393
30360040
30509635
30404230
30509404
30450198
30414629
30455988
28076832
30634964
30453433
30402313
30424733
30410837
18108912
30363789
30423892
30454488
30493460
49988768
30524995
30388550
30548587
26053499
30395275
30504231
30522762
30661155
30405289
30351020
30451744
27933683
30426867
30445066
30440824
30553481
30480721
30426333
22046301
30449520
30474408
30434450
30429748
30432651
30458982
20779066
30421567
30419018
30433376
30429219
30492235
31103586
22209753
30401944
30423911
30426226
30406002
30414648
30451266
26420968
30496059
30418346
30444502
30405424
30389659
23784599
30406798
30400266
30415529
30390429
30412732
23894022
30425469
30468884
30404960
30409218
30440659
30638015
22573816
30485137
30467284
30418733
30376909
30480446
30677622
23728195
30347711
30412495
30389720
30395802
30566148
18030976
30328120
30391801
30435333
30634346
30415364
30458082
31000597
20543623
31031581
30419738
30445359
30507897
30538549
30422606
30353830
25329719
30443131
30421957
30366595
30445861
30374812
30381200
23720563
30405329
30463467
30423949
30436631
30492328
30414392
25661022
30380065
30357468
30450491
30974492
30492162
20458535
30441602
30392720
30443304
30353000
30404535
30509802
30454728
22320951
30405673
30345382
30364357
30356413
30461848
30429831
30435246
30457106
30373530
29942842
30382657
30413904
30390376
30520139
30463198
31015921
30955995
18287108
31071297
30530285
30402687
30413906
30381995
30442926
30351313
30472924
23479981
30565885
30469335
30488973
30491829
30511122
31953937
30476777
21796806
30588302
30526235
30484209
30493757
30478645
30597599
30546156
30585787
19520007
30584113
31081894
30617020
30474211
30473079
30493526
30474819
30480349
23177855
30646104
30702487
30550246
30477330
30487064
30511639
30487254
30406973
20714977
30475664
30474720
30441429
30567815
30694700
30427573
30426964
30496129
18248536
30459001
30461655
30420138
30594073
30470844
30470680
30473220
30489583
21390821
30443644
30464626
30515008
30527183
30651490
30412693
30473431
30457935
29466091
30428440
30483457
30498069
30487378
30472924
30475620
30511635
30434555
30476464
30483419
30455119
30477641
30535502
30471670
22549610
30448557
30472660
30464000
30497303
30467902
30456583
19809647
30597848
30483695
30537855
31074484
30566414
30714571
20886523
30456198
30484493
31671581
30400361
30497946
30519486
24417754
30436351
30445330
30483457
30442233
30452282
21441654
30483371
30538384
30458673
30477933
30451777
21272582
30510813
30490122
30514969
30498046
30455426
30512487
18313339
31030018
30628026
30464493
30527693
30492951
30504097
30495750
30462167
21733741
30454685
30524010
30524319
30521491
30523464
30650337
30517962
30542258
30451250
19151190
30441555
30493866
30477181
31081150
30492494
30507586
30479366
30487901
30446118
21640973
30480544
30493195
30475533
30461008
30556506
30522254
30421111
30503808
30505376
30116069
30428864
30531682
30537168
30533170
30512207
30426490
30444177
20646705
30447715
30466675
30563304
30478375
30447084
30571240
30527017
30484844
24552772
30524584
30549931
30471302
30641077
30505064
30455962
30545533
23638701
30469246
30516251
30541869
31083981
31084139
31080384
30521338
26617104
30616373
30528150
30406232
30503664
30498620
30483916
22793754
30431944
30451406
30527013
30495860
30520140
30463113
30649083
30446531
24147564
31114199
30495630
30518644
30512567
30460957
30558606
30491660
20280061
30559979
30583537
30665324
30536267
30578473
30648797
30576000
19317556
30612513
31150866
30630837
30568633
30597384
30621182
30588701
30539859
30528818
22908509
30567183
30615671
30526395
30547626
30538066
30563562
30584293
30501784
30536257
26208362
30626038
30510704
30557744
30499771
30560538
30593520
30556080
30492526
23811419
46615942
30487467
30618959
30515231
31033206
30579787
30507120
30439286
25833593
30487141
30464352
30462135
30498572
30526333
30478328
30513110
21994031
46442686
30403943
30415424
30418073
30428357
30363299
30409251
21949457
30366104
30446799
30420467
30384098
30420295
30369426
30370271
25471727
31021223
31131910
30582411
30442779
30424782
30470884
22455902
30398438
30396053
30423308
30328157
30417697
30462292
22759427
46451819
30353797
30369659
30291433
30333249
30327908
26141693
30369658
30340637
30315397
30326755
30351233
22649222
30422904
30371071
30316200
30332236
30407220
22086420
30332760
30381084
30234510
30344588
30355949
23774139
30268670
30312997
30350948
30293413
18993971
30325377
30284575
30351731
30392393
30505244
30305001
22041055
30243602
30299769
30385261
30300942
32612451
30297203
30328048
22098143
30255969
30272309
30240102
30191829
30254625
30303849
30272642
25786349
30286365
30230188
30446229
30219696
30325037
30320615
23244199
30248353
30244033
32297045
30271925
30216509
30224549
30318293
30265738
25693536
30260194
30261225
30279128
30237764
30312102
30280164
30296966
30283044
30251733
21001588
30335857
30316275
30382111
30869986
30314264
30460657
30228851
30268155
30409349
21089676
30295015
30272349
30345131
30370459
30297022
30300421
30217768
30284648
30207300
25670473
46439559
30297438
30248021
30299943
30409317
30303214
30275003
30279078
24738585
30426224
30557890
30336181
30292119
30294631
30323844
30313488
30258235
29728202
30309406
30316722
30367211
30338247
30361824
30266023
30251256
25289819
30262302
30320660
30374990
30318639
30369217
30326055
30314960
26373733
30377673
30424284
30423031
30284809
30327897
30276882
21175185
30314736
30309337
30395542
30352546
30356498
30379134
19061437
30335113
30291658
30294326
30452787
30356051
30299965
20634503
30400744
30291889
30429213
30356417
30283792
30346295
30414857
30861102
29619131
30346456
31028086
30329460
30332628
30319318
30374270
19330653
30286338
30311977
30312895
30335169
#end
