#729a2951|blade-3-m620|jdom@54ed0cc8b7e8deffd5e088305ca7723dc0bd963c:org.jdom2.Verifier#checkCharacterData(String)[generators@bcfe6d43107430b2604e2e34b9151742941652e0:cz.cuni.mff.spl.casestudy.generators.ParseFileGenerator('MQ==')]()
#date=May 14, 2015 12:10:23 AM
#warmup=1
#count=3863
#begin
22734282
54444847
25502581
31469799
30572108
31093445
42755196
60215822
40513230
31553537
43505715
53728933
30645750
30553572
25221882
31784139
32021717
30573553
30579389
30621166
25368885
30514180
30485313
30721620
30594366
31367005
30590453
46880252
41932802
30516435
30586834
30635284
25592471
30532307
30702452
31431628
30550204
30664793
30575260
30574914
30575297
30543124
30648515
31411095
25735167
30573872
30506104
30569938
30658636
30681117
30634853
30612988
30554609
30643733
30641089
30762821
31592614
30542301
30617235
30586841
30405278
31385639
30524604
30646773
30609993
30581899
30597624
30592578
30649042
30710447
30582155
30632764
30650346
30568738
21439649
30607027
31356490
30487106
30524613
30604192
30546652
30548672
30590519
30637437
30618751
30618339
30582875
30611982
30622848
28545021
30507102
30482273
30539162
30525233
30591913
30528755
30588721
30537613
30589318
30589606
30607352
30577620
23184348
30555684
30492778
30557184
30553318
30574375
30639455
30636010
30603786
30550475
30558077
30624840
30575926
24206656
30593393
30483597
30559670
30501361
30596302
30595510
31374059
30683606
30539602
30536702
31210877
21483933
30584146
30531824
30520584
30594253
30672576
30549464
30611126
30625990
30585217
30571592
30600395
24238919
30584482
30522584
30556359
30567580
30531108
48554633
30607953
30560437
30604427
30672145
23062960
46490136
30372211
30392864
30421326
30394400
30397406
30449206
30416667
30468617
30438406
25831064
31757308
30480784
30445133
30434388
30395726
30846040
30479215
30349980
30462697
24734606
30434442
30506922
30500391
30379581
30449950
30373993
30535630
30390237
30368691
29466518
30357492
30385335
30423006
30467177
56260296
30456609
30363371
30326917
26180508
30416428
30402677
30404115
30425875
30468615
30433354
30422782
30345858
29403958
30380675
30313090
31154463
30460651
30437011
30436015
30406007
24338099
30500657
30400661
30427160
30421557
30534784
30402047
30394261
24269053
30424295
30375329
38912853
30388946
30393766
30343655
30409483
28884767
30404357
30398474
30455098
30381053
30404415
30446995
25026428
30447484
30380423
30494352
31227262
30430497
30420769
25508667
30422976
30403502
30404951
34182458
30470024
19803364
30442799
30405208
30446515
30415886
30456439
30531685
25253710
30476748
30403225
30455480
30479906
31285972
24260210
30401339
30387333
30416875
30318564
30411490
26536013
30408374
30386073
30452501
30404924
21139751
31278491
30401787
30404311
30430642
36289210
30353264
21821843
30424426
31278261
30420338
30554324
30362214
30375937
30872259
30407357
25252922
30382662
30400866
30497742
30425988
30592598
30409198
30439975
30437269
30341544
30446592
27241269
30372491
30373541
30437408
30421229
30483490
30406829
30486772
30435198
30555809
30413556
30453313
30438446
22620124
30403746
30378360
30421038
30432328
40235518
30446882
30470246
30487031
30441137
30452664
30451073
30371782
30409820
21222936
30383531
30426644
30394609
30473409
30418482
30376526
30508820
30397506
30411631
30454620
30480766
30427797
30404946
27662390
30366322
30376777
30430294
30403748
30452147
30376362
30444070
30406349
30371384
30447335
33726543
19723658
30384989
30580969
31207541
30407595
30393489
30452582
30452386
30389884
30434293
30486508
30436895
30404762
29601625
30403482
30340270
30399966
30400497
30381711
30355339
30402582
30412549
30428497
30433326
22138463
30393948
30346596
30411231
30413477
30439151
30403840
30394400
30445573
30418357
30479107
21734067
50765621
30420835
30454173
30395315
30514594
30365624
30443894
30431769
30406313
30605620
26348385
30419077
30302706
39169976
30380719
30362410
30376428
30343817
30354213
33278434
25940734
30368622
30349142
30369425
30347277
30345582
30344693
30347710
30461344
20478706
30397648
30403529
30654497
30313399
30386273
30299469
30365684
30338537
19610648
30362482
30367371
30359865
30364972
30361659
30406853
30314571
30426977
22416103
30318042
30344951
30323314
30301699
30359596
30364499
30360813
18671417
30397935
30322266
30322593
30383316
30391582
30310649
30445577
19494780
30403259
30451037
30389819
30364347
30415016
30399790
30534280
30379642
30331095
23375631
30297313
30381897
30362564
30343448
30370486
30727806
30403748
30365344
30457015
30341593
30355443
28483798
30305533
30336398
30356964
30574746
30871636
30355982
30312458
30322142
30516766
30390184
26759160
30379706
30307784
30563200
30334813
30365482
30375707
30352929
30490168
30363962
21426605
30506513
30365612
30384351
30375384
30374794
30494239
30373184
30446642
30370239
20737828
30404646
30335325
30340019
30435530
30376051
30352488
30406645
30370324
30436129
24647000
30420841
30373198
30686330
30371007
30337527
30353128
30415858
30455997
23203776
30359385
30327297
30508253
30316565
31810763
30507228
30387777
30397251
26076815
30329382
30335604
30378723
30376917
30398191
30410244
30429633
22972206
30438729
30373429
30754826
30402811
30432547
30362644
30426571
23431390
30404273
30378882
30339846
30442739
30409484
30432086
30443913
28740680
30426688
30375580
30442876
30445753
31284032
30500944
25146650
30421291
30342204
30327436
30463944
30473330
30432959
26093154
30450322
30422073
30429149
30437749
30476291
20032784
30440601
30623124
30460500
30491119
30437158
30481362
27150724
30443000
30441895
30415177
31219746
30630453
26646497
30418988
30339942
30516019
30459536
18960788
30424913
30445908
30378293
30417371
30314249
30530484
20145937
30420479
30445962
30403060
30479875
30482135
30432961
30512368
30457397
27213135
30550848
30400704
30494677
30473095
30491333
30460066
30434782
29237451
30684568
30366047
30409244
30397140
30499951
30411238
22303504
30467024
30403531
30388540
30423002
30406436
30429364
20411242
30483264
30512739
30401047
30396826
30465710
30443068
30602760
30728266
23529462
30445751
30432855
30401784
30526722
30487997
30600658
30421333
21007834
30493644
30331553
30414488
30463427
30382958
30494119
30436151
22126066
30483093
30441023
30429001
30489380
30559672
30567117
30467159
26992968
30380522
30381870
30428247
33848231
30453524
30451755
25005565
30423685
30369582
30479487
30472949
30497595
30457814
26490428
30416138
30419156
30421486
30474536
30501667
21101914
46663600
30469462
30464752
30497220
30534204
30457293
46681562
30544901
30532389
30620551
30729105
18421803
30508927
30523755
30539160
30722275
30616749
21897094
30526289
30459344
30559914
30491326
34090402
27178257
30470975
30458517
30512906
30519232
24653454
30437195
30450833
30442362
30433277
24714381
30509077
30430299
30531953
30503782
30453670
24861306
30520852
30425973
30512547
30485889
30510041
30477934
22950404
30498556
30410302
30516211
30433780
30487929
30483568
30544287
30449474
26655619
30462379
30471109
30555887
30476701
30494284
30469196
30531654
24018182
30506990
30434120
30526611
30486286
30434491
30514626
30495617
25673976
30447338
30469781
30516724
30503371
30571942
30529615
20907914
30481994
30477727
30469901
30495155
30555371
30464833
19197951
30453964
30416807
30452886
30499378
30462465
30509033
20565719
30450262
30719813
30514751
30469580
30495688
30434080
25075456
30451833
30383217
30490457
30429775
30451729
22788011
30492102
30420327
30498155
30467057
30465744
30586891
30456309
29164494
30460853
30475268
30464753
30520655
30470359
30923470
30515062
30449849
29375429
30426942
30471429
31340181
30449155
30634714
30559271
30477293
22343735
30505361
30582439
30439791
30447722
30478626
30476481
30593665
20393377
30454237
30478248
30524271
30677944
30466082
30531339
30640001
22180163
30478704
30479084
30504950
30534145
30505217
30571680
30605441
28949416
30443359
30456466
30539828
30640106
30480250
30433624
26529975
30498573
30601217
30537607
31359452
30526073
18156319
30454646
30442244
30420423
30494389
30487513
30631751
30473884
30503627
27129862
30425067
30437012
30450935
30487182
30655320
30467358
19266826
30488834
30476213
30600609
30502278
30456037
30443215
30468239
24743912
30475026
30459686
30469924
30472177
30505548
30750220
23741982
30521938
30465382
30480792
30440039
30465140
30425519
30407173
18291765
30469647
30419042
30449594
30499768
30490041
30502469
30491431
30708333
30511093
30485333
26636431
30481344
30444746
30532770
30461797
30480733
30465906
30535963
30451045
19098009
30452541
30421658
30441909
30656699
30513744
30536291
30517080
30541635
30548622
30479751
21757036
30497268
30447080
30485535
30458073
30482082
30523682
30529805
30486708
30551795
30518773
41191331
30491898
30432929
30535330
30492507
30671735
30474335
30495681
30551942
30444491
30595180
30510319
30434299
25208683
30705669
30531017
30614096
30703504
30628806
30691908
30623251
30569388
30583676
30584875
30686076
22387958
46961987
31266861
30834242
30726039
30720968
30707419
30665216
30878359
30644337
30710390
30634968
25059545
30615740
30584700
30569487
30664133
30643444
30676900
30637611
30582380
30714751
30810398
23423262
30523034
30543973
30501735
30528175
30613940
30836485
30568841
30650042
30663971
30533840
27209656
30467959
30516085
30517936
36334809
30557906
30572419
30551410
30743247
30572295
25593200
30535445
30499384
30709520
30584515
30595964
30637601
30615571
30688702
18325303
30568370
30531144
30509288
30683633
30588860
30610114
30673866
30603262
30615381
26577031
30575908
30605581
30604930
30624188
30642180
30611800
40514490
30569927
30482526
30551242
30500586
30569395
30586046
30633735
30520698
30569060
24430999
30553767
30588541
30701246
30623911
30518384
30520425
30580520
24260907
30502517
30424327
30473045
30528242
30519190
30458508
30484731
29535527
30367946
30345551
30450048
30466617
30506702
30412798
24763347
30469737
30413786
30574262
30455662
30518808
30448117
25122891
30538602
30375284
30469376
30426182
30486457
18167058
30433173
30460940
30430542
30497113
30586411
30461365
25043921
30493166
30415200
30518849
30502910
30524630
30625013
18539766
30392237
30463382
30396773
31384888
30504173
30414017
30425422
30469631
30416267
31821538
34009900
34138600
30415812
30449124
30456884
30425102
30416505
20003622
30428001
30447040
30443801
30479966
30483217
30466984
30449627
30419511
26577266
30446860
30400860
30439925
30462504
30461764
30466137
30425238
27414606
30403415
30451489
30425928
30458993
30510320
30427344
21290863
30497878
30409649
30393402
30456115
30428878
30474731
18634542
30451936
30486596
30487115
31143937
30520367
30464410
30460469
30489977
22015796
30443599
30369008
30428264
30511168
30443806
30498190
30498205
18736124
30484244
30461066
30412631
30464175
30467584
30425772
30490255
30443147
30429051
19386791
30529524
30403635
30444293
30450255
30522228
30441558
30528644
30487253
30375773
30455956
30516662
26876629
30388841
30388056
30437291
30506464
30463795
30438004
30448266
30464966
30398307
19680615
30428290
30400851
30343795
30479357
30493296
30414219
30501142
30504802
30492586
30479736
28608100
30455856
30432795
30468906
30443771
30469935
30499911
30431555
30468631
20086171
30492857
30541781
30405406
30416633
30392462
30394069
30439446
30451138
30517793
27296664
30420306
30455097
31083492
42690829
30622289
30506097
30570128
31152762
30089357
30557124
30383810
30454028
30450553
30417680
30477686
30506062
23664697
30434582
30408493
30406928
30528718
30493891
30462524
30498584
23039797
30514624
30378659
30438546
30485103
30539155
30500308
30525799
26035136
30431877
30350542
30456424
30507445
30468462
30472878
22442622
30536349
30989895
30420607
30462075
30466444
30432537
22333636
30377756
30472520
30415750
30468580
30467455
30482371
30559275
30540739
30443882
31485892
30504066
30631104
30630097
30594246
30571492
30584636
28731940
30585417
30570126
30584022
30619463
30633795
30640237
21065098
31132807
31387339
30459815
30619147
30567644
30656406
30596640
28654069
30538592
30515866
30524572
31463032
30654869
30582263
28841803
30514877
30516051
30535725
30590592
30609586
20879654
30570401
30503111
31138423
30615268
30612221
30579235
26957186
30684702
30523350
30529536
30607735
30597204
30659248
20422168
46541243
30421358
30672097
30441524
30463066
30409697
30439393
30456500
30403697
30195920
30477177
30398762
30616448
30470681
30414166
30495943
30454726
20781194
30484480
30431691
30409111
30477826
30613509
30479306
30495530
30444489
30509493
25289203
30454829
30441391
30490430
30515838
30511762
30502000
30493016
30465706
24079344
30456385
30438221
30414964
30437714
30431869
30500377
30449337
30474278
28228120
55644320
30291815
30438560
30450753
30453864
30424988
30408149
25234683
31356912
30373141
30424703
30497071
30367959
30472415
30481984
25433323
30490511
41552617
30460961
30509661
30433323
30466834
20064695
30587797
30416153
30381010
30424204
30475634
30504444
30480757
29504293
30438142
30361942
30714986
30427441
30480402
18972862
30426102
30367641
30388092
30404704
30430382
30431975
23455835
30424977
30360767
30411960
30470982
30459960
20940721
30444400
30394175
30421595
48939784
30435782
21023409
30403956
30403737
30417375
30612391
30462096
23324237
30428639
30403535
30517717
30414101
18230280
30472311
30409788
30548086
30446221
44648594
26301913
30444181
31018253
30448611
30462073
26210293
30408693
30374826
30425024
30454964
29937280
43320663
30411161
30558882
22283776
30540415
30646118
30471567
30448463
30128569
30426476
30591790
30504766
26241319
30520399
30498982
30552179
30534162
25709752
30464451
30421198
30490853
30474773
30472035
25114723
30464146
30476684
30570789
30528265
30462833
30527432
22404245
31286359
31262242
30463662
30483485
30484393
30438221
30442232
30479927
25061852
30509864
30367222
30451149
30514600
30461013
30383633
30476773
22004235
30437871
30403566
30411400
32443897
30406649
30464757
30471815
22504124
30460619
30380885
31262262
30516130
30447986
30519133
30490478
26610133
30463633
30388188
30444184
30506766
30517835
30435295
24111129
30440000
30424588
30431119
30455653
30434708
30478203
25100009
30428137
30335165
30482858
30464453
30480313
18928006
30394704
30374924
30403657
30474100
30509686
30493639
26126164
30441584
30386816
30413284
30434193
30456078
25769555
30370858
31002018
30366567
30456488
30448866
30125938
30466866
30407365
30459606
30462719
23233449
30459644
30394569
31007510
30426882
30559246
30496388
27166357
30460648
30360762
30569760
30434675
30432433
23726068
30477040
30404159
30493047
30465148
30510222
30410346
30415404
29880424
30448724
30380046
30563790
30449282
30467575
30502285
28061420
30401049
30394673
30504492
30495419
30498298
30485237
27103113
30447273
30501860
30538367
30517958
30606939
21045436
30483079
30385416
30531644
30431483
30492751
30486484
29357782
30413166
30435153
30466058
30435623
30426720
29100925
30427688
30434813
30481360
30465935
20559835
30479947
30451074
30416170
30432087
30510897
25144793
30544939
30452744
30494367
30539937
22754451
46715113
30516027
30589369
30564855
22373237
30635426
30561759
30565367
30549553
24180259
30604298
30557415
30549486
30619204
30565246
26573036
30598040
30582484
30631904
30581217
30576731
30605269
27978806
30588742
30555794
30573177
30646240
30574898
21215480
30571002
30506615
30607057
30581897
32595363
30556499
29448171
30604964
30783466
30597575
30557597
30531673
28727566
30616493
32553216
30567126
30592606
19655429
30537002
30518055
30540893
30538749
30508359
30536000
20686747
30596550
29826161
29262278
29245704
29274691
29266505
18386502
29297373
29266940
29241002
29379218
30611346
30581188
30558451
28171140
30554088
30619865
30663053
30687188
30674162
30703217
30647039
21529440
30611284
30581673
30557518
31213146
30607828
30621086
47117441
30655568
25465356
30680988
30573877
30662240
30695604
30651257
30674884
30667017
30634369
30704917
22317078
30682430
30668575
30701106
30672773
30723106
30664815
30637028
30631717
30610889
23807282
30630757
30580457
30655939
30709701
30670037
30676692
30804417
30707306
20425998
30703362
30642775
30687140
30658831
30616178
30643264
30668589
30672368
20743730
30633660
30660413
30636384
30664866
30708231
32707776
30693513
30737935
25420914
30683437
30566886
30634782
30647175
30616869
30649793
30653538
23793144
30607670
30623879
30695453
30651638
30673461
30552806
30596895
26394421
30656239
30594995
30712126
30678275
30681822
30714975
22185554
30662441
30544655
31287559
30685712
30627333
30633449
30633774
30656875
23197241
30614324
30670001
30608822
30739005
30602771
30555577
30653788
30651393
30191689
30615388
30589433
30702858
30665042
30875795
30684410
30683917
27814826
30655251
30724473
30862633
30663313
30682274
30659406
19914700
30617475
30587816
30528295
30664447
30598161
30621513
30569218
26149620
30580087
30516489
30731551
30838924
30637878
30584279
40582539
30616273
30506262
30575488
30847977
30586644
30653931
30204380
30528806
30569316
30594284
30562132
30589195
23939770
30752015
30522609
30498347
30669106
30562959
22580858
30558764
30509647
30520685
30616168
30712547
23813279
30578935
30518559
30520120
30516517
30644836
30520778
23441074
30594913
30510724
30581403
30555984
30607266
30571586
30627702
18975633
30587186
30538030
30507551
30509053
30571877
30576291
30552892
30540218
30544933
30195249
30520372
30479941
30760050
30564411
30564397
30580066
30560948
30552359
28299156
30620626
30793802
36799930
30769983
30630684
30653815
30593104
20775122
30630067
30532322
30561277
30741281
30664050
30605942
30580975
30826868
30585334
30655824
26828803
30583736
30740759
30617023
30600535
30629891
30575068
30646984
30617487
30597928
19089031
30581365
30523024
30468947
30543310
30569964
30522434
30598195
30504681
30627470
30559062
27104613
30552246
30576424
30583835
30777012
30600595
30607300
30585828
30555447
18226347
30502013
30540619
30475195
30599962
30617100
30618177
32526001
30566065
30604089
25602752
30555122
30486022
30567597
30610004
30565313
30520193
30606793
30657911
26664711
30581281
30519262
30584053
30692759
30566242
32728341
30657981
21796182
30608635
30503206
30508575
30705372
30571848
30596151
30645659
20872021
30684442
30525004
30567184
30592864
30602275
30690064
30556051
23475606
30564075
30555575
30530230
30503904
30519883
30578466
19528202
30567149
30508024
30519757
30591833
30598887
30578895
30521071
30593360
21313068
31489019
30467223
30598935
30581111
30710673
30587121
30611984
30619062
26937477
30511632
30494063
30580457
30594217
30562946
30564017
30505755
26360676
30619549
30516535
30580269
30540035
30601851
30562648
19347175
30576524
31211057
30522644
30584667
30629737
30760928
30575711
26019598
34401237
30511455
30586292
30602831
30597115
30614362
25964482
46616197
30356085
30440823
30470609
30512564
18751306
30442350
30482695
30382724
30536564
30508033
30449938
30438224
18511173
30485564
30414266
30432429
30402171
30485167
30474118
30584838
30476893
30481984
22530703
30513988
30350366
30435826
30519414
30465155
30473210
30498309
30501526
30484908
25998127
30417555
30399467
30416275
30482149
30494857
30518211
30516233
30517217
19881054
30441673
30425869
30427820
30481893
30518437
30481185
30492669
30490859
30488050
30463182
30440112
23669940
30519542
30426219
30463825
30434117
30500502
30618520
30558244
30437111
30423942
30483231
37878298
36978153
30357062
30368781
30396090
30378028
30419982
30438626
30444333
30372037
17702694
30424112
30405734
30357344
30459855
30486500
30407933
30436678
30409673
30499221
30421744
30071087
30467204
30343353
30501006
30518584
32464632
30534444
30408330
30477934
22867626
30414453
30554290
30363307
30430678
30446359
30429411
30449515
30399442
21808521
30426989
30388826
30555335
30427931
30403475
30396206
30441278
30417075
24496963
30407705
30673442
30429666
30436306
30491819
30419269
30392747
21947669
30398651
30386191
30406742
30532084
30453900
30415488
30428418
22683687
30382124
30371115
30412186
30717404
30422237
30396195
30411673
27275994
30398719
30359122
30376054
30426646
30395507
30412070
24810705
30415004
30409744
30416423
30400215
30456502
30432681
26135938
30411010
30386753
30436347
30385298
30422330
20486119
30388041
30428033
30405984
30494873
30462571
30451593
28550880
30376979
30390506
30466087
30529857
30453442
30389278
22121303
30453222
30391162
30482045
30376151
30429893
30411255
30428567
30434006
21560482
30407610
30497513
30394807
30477167
30451360
30405060
30440673
30380595
30400746
30460273
26753552
30420901
30351097
30453059
30475684
30439616
30426019
30398533
30456580
30344504
26648278
30400344
30352128
30404293
30487577
30439813
30437236
30457856
30445133
21281832
30453110
30343892
30344622
30409041
30891306
30422629
30482648
30489700
30476844
30511442
30109687
30293546
30364387
30507337
30433160
30451497
30354025
30454502
30454962
20606050
30416771
30376659
30363960
30424688
30463900
30449187
30447749
30474211
30424117
26730753
30381458
30347275
30402033
30436855
30382794
30430517
30464701
30422915
28681748
30405848
30341340
31276957
30432991
30413851
30406828
30381866
22548331
30413602
30371084
30390904
30467537
30461261
30448717
30401833
21267775
30394569
30350084
30364849
30408493
30451775
30469295
30413787
23711021
30396987
30322528
30356323
30458733
30386188
30453688
19901110
30403652
30480197
30404728
30425459
30471313
30416573
19709424
30556734
30355787
30369008
30454198
30429537
30397762
30404584
30401210
24255349
30429158
30381805
30389944
30417383
30442226
30434823
30425332
23549126
30437611
30380275
32352672
30358949
30388504
30434431
30364506
26290342
30439700
30342406
30459858
30428282
30454024
30473130
22742962
30369562
30392041
30419535
30415957
30441676
30422773
22400551
30446151
30407593
30381362
30474119
30376577
30401624
25039888
30414117
30366289
37298873
30459670
30478016
30529740
30482400
24390419
30408061
30330899
30412500
30417006
30417695
30513906
30454481
30445934
30399122
29150252
30363824
31232716
30391195
30536908
30435853
30406447
30343159
30400209
25561647
30455361
30371984
30415775
30423538
30421100
30427390
30482988
30450842
28440314
30434249
30329767
30404548
30472384
30434629
30433710
30456427
23462373
30435654
30413118
30428669
30406359
30373249
30467502
30401081
23242802
30462387
30337046
30529911
30393193
30403684
30376382
30395686
26829324
30395753
30334671
30402317
30494038
30429788
30446957
23654506
30547421
30331595
30433747
30483633
30490124
30544306
48075254
30401140
26269644
30419402
30546164
30314566
30469381
30476744
30442233
30434940
22774378
30385324
30345173
30399633
30513600
30454946
30522909
30346882
46709505
30446513
23361624
30458707
30591846
30444490
30411721
30458876
30509656
30450153
30450856
18956265
30392561
30383778
30346013
30442854
30473611
30460004
30449247
30379037
30428836
20232141
30330484
30376449
30382768
30445030
30413833
30488004
30409973
30410084
30454957
25902380
30411106
30337878
30386924
30452868
30449184
30426280
30442826
30451084
26232522
30424002
30349655
30445573
30440911
30428562
30441513
30415835
20800407
30445002
30387603
30339282
30460810
30509037
30353233
30443040
18821787
30438590
30359482
30383933
30417444
30456762
30459955
30453483
30398507
30380221
22716550
30437869
30347302
30448577
30446284
30503840
30463490
30398204
30470242
30603268
24375583
30417926
30337793
30446966
30463387
30432513
30481793
30434997
30364749
30559577
26536299
30438102
30381511
30436277
30433722
30473008
30409188
30483658
30459806
23202238
30449304
30394309
30559384
30407373
30417182
30377795
30426096
30528188
23641206
30390582
30413527
30531186
30675228
30440577
30450517
30458606
18488988
30406570
30326602
30317262
30511146
30986342
30478892
30444632
30442821
28834061
30403455
30351079
30448081
30449236
30561975
30414320
20332177
30424106
30352239
30401095
30508544
30480861
30561416
30419880
26141666
30444598
30360605
30486577
30425944
30446864
30473593
25552336
30614800
30465455
30571915
30631928
30594019
30536209
29838774
30527566
30478388
30565868
30530002
30574084
23505057
34161024
30451087
30521101
30524106
45981890
22132701
30594023
30474654
30502224
30549810
30554644
23223775
30552947
30387015
30495395
30539073
30545731
27323240
30594659
30533480
30615326
30666602
23300994
46947670
30629560
30825852
31246193
30667093
18601822
30669431
30628178
30574417
30690630
30656842
30617475
30686944
21534351
30714159
30613969
30600857
30615806
30508157
30591805
30555168
30625921
29307114
29077245
29204689
29298420
29322035
29387382
29385532
30680983
30573308
19783113
30637973
30644482
30634973
30705866
30683016
30671393
30596773
30674224
25298138
30776088
30564882
30628806
30671400
31308188
30688031
30658421
24435616
30688855
30590999
30790160
30666015
30596777
30537473
30602207
28850234
30632375
30611807
30740949
30658108
30683817
30693029
23854008
30570119
30601459
30568755
30572128
30606076
30588409
23734041
30682112
30549800
30630453
30862131
30675020
30565104
26932970
30639223
30495198
30581931
30731295
30596624
22826385
30599555
30530909
30596938
30622153
30597571
30601289
30620070
26025414
30621350
30531884
30621213
30811657
30576997
30616326
22783337
30615675
30576795
30563917
30511795
30592814
30615844
22651865
30570671
30546612
30546792
30642595
30610346
30586876
25765623
30620733
30525675
30793683
30589192
30624586
22102356
30615262
30554677
30556095
30624524
30638706
21119212
30556619
30581175
30689608
30577447
30618106
30625954
30631282
28909081
30607699
30594107
30638960
30712855
30670163
30686220
29124222
30620184
30558665
30598780
30661418
30607283
21140736
30589789
30610153
30602237
30622071
30602027
30620911
27589864
30603948
30554810
30610500
31316143
30608986
26287553
30612088
39550678
30593037
30590104
30615191
29697518
30559733
30574816
30643102
30644522
22602553
30595284
30544955
30519660
30565811
18859762
30592724
30535978
30530574
30654875
30618161
30116351
30739381
30574557
30651577
19590970
30590390
30551415
30552866
30579050
30615651
21214774
30634977
30605092
30587797
30820881
30589981
30667266
21068032
30641546
30586066
30603806
30640574
30579784
30623391
30664439
30605884
26941090
30519456
30519791
30587826
30647311
30657770
30592053
30597252
26676065
30599677
30488933
30634064
30637138
30666009
30601181
19969302
30637666
30544233
30603837
30549357
30601168
30629053
30648840
26860218
30606635
30561706
30625179
30645362
30622295
30647820
26994114
30567571
30558308
30592686
30562504
30639218
20545670
30591713
30556377
30523713
30681471
30584564
30598764
26595204
30564829
30570372
30580486
30749164
30643746
25601272
31255748
30647093
30609103
30664799
30649802
28528607
30758072
30568447
30613378
30661555
22009254
30583920
30621319
30574212
30622937
18146560
30634955
30761829
30493557
30646318
30637535
30685408
24830243
30598549
30656806
30575306
30641123
30635428
30674059
30593668
30189169
30560574
30737106
30679686
30601531
30665890
30595369
30605335
27859464
30600869
30590622
30607062
30677826
30828484
30629904
30593176
30554797
25397610
30704511
30579764
30603740
30650520
30626265
30657151
30726162
30642363
28881229
30646515
30592855
30701193
30645595
30633417
30612156
30719366
23704773
30725273
30568840
30638324
30632562
30673711
30619773
30694913
23932374
30632976
30623447
30598269
30609366
30592001
30661502
30602811
29496263
30632253
30635470
30666242
30675139
30581367
30651484
25193767
30601366
30654924
30712789
30619517
30658964
30706946
25779784
30627137
30614280
30642793
30620449
30617568
19187528
30638474
30545788
30603747
30664403
30619173
30636335
26033424
30600501
30559361
30621523
30660157
30811471
30679750
20039628
30643758
30652522
30748457
30688013
30699731
30684802
30638684
30623251
24537612
30661755
30590824
30616207
30685320
30720740
30707315
30839327
30703170
29508591
30579839
30602706
30858977
30645280
30720664
30744115
30634337
26083528
30547306
30558860
44741718
30675344
30705435
30673973
30675380
28706663
30630482
30624369
30758198
30735157
30624110
30725715
22752800
31300985
30594491
30618451
30586921
30671240
32662851
21545399
30827447
30550314
30622106
30615758
30608367
30607808
23369700
46785580
30518755
30600213
30587372
30638773
30615500
30600866
21473296
30585555
30551640
30628497
30658724
30622770
30617010
30636068
30587293
30641180
23409492
30613842
30507358
30613100
30563348
30634659
30570420
30594606
30608214
30587931
23978254
30790300
30561286
30583179
30706206
30613411
30575640
30640577
30563877
30593980
30616138
30661665
26405390
30668170
30574140
30655360
30679306
30649350
30652236
30649587
30829226
30679698
30610808
23886763
30621140
30563506
30628433
30618126
30556413
30646679
30667361
30674815
30686501
30810655
27239271
30588024
30525633
30620007
30651024
30704606
30643036
32660011
51572756
30586547
24968449
30579066
30538122
30574608
30651386
30636084
30608652
30643951
30579241
30624339
28870445
30545375
30529483
30584535
30640529
30705217
30535182
30599685
30591299
24756775
30618691
30508264
30802353
30578579
30675239
30589008
30728604
30664504
26309160
46779366
30452425
30511397
30556530
30581002
30589113
30648044
21956003
30562618
30537146
30528793
30650307
30555695
30551362
30650260
21507863
30527804
30561269
30503844
30548523
30598656
30533609
30583631
24297352
30531986
30473635
30560751
30589837
30613964
30594555
21126030
30593891
30505433
30511875
30623541
30543877
30587004
21108407
30524211
30421784
30494997
30508495
30535871
30490941
23812403
30729046
30532034
30590206
30546420
30562776
30588077
30521669
23520577
30553315
30537820
30688893
30545615
30591275
30531493
30586822
30710290
30579799
28246405
30554767
30474217
30534580
30528848
30664381
30604688
30627520
30617672
25632560
30640544
30450888
30608115
30538241
30536673
30559688
30546236
30537931
44962215
30429938
30409378
30490360
30439506
30467477
30382697
30373791
23608372
30473717
30396823
30383080
30479616
30526308
30415281
30498310
24207238
30373664
30374199
30373111
31331632
30517951
30379013
30432743
46025402
30535320
30487864
30555700
30502926
30552808
30581235
25583827
30559582
30432420
30560698
30564355
30556300
30527202
26161058
30541197
30526292
30569268
30587153
30608080
19777066
30496606
30526888
30543382
30598019
30557397
31180052
26532962
31427543
30501389
30641269
30615394
30602610
26013435
30607955
30516106
30592991
30636195
30547819
29972851
30513406
30480386
30560664
30553015
22873470
30562920
30545013
30518149
30779931
20313206
46545469
30402079
30399922
30461353
30454120
30373136
26659778
31005417
29139984
30354375
30554311
30448586
26111469
30475011
30401671
30487655
30526788
30478917
29925966
30438978
30422885
30401524
30469486
22889986
30538161
30434153
30440160
30455077
30516437
30468854
26423186
30482549
30424166
30506555
30486849
30623113
23004921
30448933
31227319
30444826
30712326
30477002
22348758
30516117
30465562
30479033
32511797
30481616
30456009
19616834
46456976
30370359
30333611
30358762
30499966
30391550
30394255
30398329
22438831
30397378
30367221
30423948
30462141
30447634
30470837
30424431
18895166
30505867
30407288
30351558
30408964
30412577
30603119
30427476
19620694
30433000
30471174
30563522
30456435
30387471
30435444
30514407
30530024
30460459
24071866
30556640
30345408
30412821
30410735
30437635
30567513
30501957
30455302
23269565
30457523
30515812
30387373
30445439
30415604
30447351
30598847
30412477
26466115
30718073
30378629
30582740
30358728
30454333
30453731
30425197
34507533
30404649
30376180
30426646
30497088
30508377
30613606
30520139
24516525
30438473
30334596
30385822
30461493
30451964
30444613
19344008
34222344
30356166
30386033
30429402
30438749
30413451
30426006
27982072
30395679
30327688
30766306
30461153
30490513
17725032
30433273
30403371
30404234
30371139
31043737
30455450
30438086
30457943
26032020
30462017
30343596
30391804
30409727
30423018
30443329
30538873
30732724
23324446
30419455
30336393
30374474
30369231
30457237
30452898
30391552
30433542
20730708
30455086
30351093
30360860
30391442
30388351
30426495
30467415
30517762
30428322
30403335
19694668
30412449
30535155
30335879
30398615
30565793
30419475
30395497
30387560
30475667
30570840
30381768
29924145
30368064
30336904
30466352
30411833
30483137
30458325
30451402
30422184
30435744
22256876
30554016
30488873
30602309
30478651
30459828
30453757
29227756
29245796
30507582
21303893
30680059
30467006
30527004
30504977
30472959
30549919
30569032
30540162
30546649
24481996
30502624
30506793
30532757
30609746
30516086
30525497
30549780
30598849
22864742
30532768
30470044
30550809
30541439
30701862
30536748
30495250
30570962
25037561
30571722
30471735
30495759
30545697
30504528
30505726
30560989
21592360
30586602
30566258
30549277
30636001
30634402
30613603
30594286
21830967
30621628
30601557
30562091
30629991
30689588
30620299
30688988
25440094
30613982
30553753
30624293
30685308
30626568
30663999
22849766
30636699
30577795
30556256
30595979
30656859
30612820
23144778
30618885
30604860
30629422
30655150
30587455
30600644
27039925
30535056
30575595
30605986
30648804
30615648
23435969
30609373
30537352
30570384
30657260
30671193
23088481
30638071
30557850
30599046
30666901
30700118
25290142
30579615
30538304
30533869
30620253
20072957
30642168
30591441
30538310
30706446
30570917
30671017
23530950
30640563
30580137
30585171
30599276
30653855
30676464
30823811
23848154
30685594
30614780
30593481
30717688
30669193
30636715
30586156
30569880
30582810
30303724
30651589
30492193
30644437
30688683
30668919
32615072
30588409
30621455
27968388
30621543
30498598
30652532
31204522
30682621
30654515
30626668
20657048
30639124
30572833
30574381
30618644
30647728
30617066
30544083
30648030
28187934
30634315
30582146
30552598
30570704
30613135
30610008
30585991
30036969
30568851
30502031
30552028
30604719
30642224
30638953
22652273
31576046
31489910
30632211
30614218
30675489
30628914
20778012
30676528
30609090
30589682
30698006
30651511
30653013
21932589
30608826
30604944
30629482
30664753
30637877
30628350
25804934
37367571
30562702
30738868
30669397
30688357
23050518
30678048
30607981
30703522
30745637
30612366
23028849
30595379
30607641
30598506
30658886
30619108
25700113
30665284
30630242
30651474
30717171
20936287
31332755
30627637
30684850
30701771
30569158
30173574
30597022
30629928
30674762
30618606
29915300
39027545
30561599
31254624
20563402
30565624
30565746
30594286
30643198
24224406
30654475
30552777
30586200
30676898
18895693
30545540
30562717
30534506
30605955
30583342
30573580
23102990
31343415
30488871
30539271
30589735
30583246
30703046
30556180
23437219
30575426
30513797
30667862
30568448
30595889
30600142
30622565
29407198
30564693
30518224
30576864
30575199
30619396
30669625
25631023
30493296
30498746
30572559
30547113
30576904
30646966
26563048
30511150
30510490
30558446
30556335
30564326
20704794
30601438
30514024
30551421
30566619
30616829
30533651
49383350
21593107
30586505
30581826
30512174
30645764
30611004
30519587
30612127
30542802
30524128
26665258
30631093
30525621
30648675
30685191
31755663
30621406
30639949
30618916
30614569
19827093
30612893
30582329
30519122
30626323
30642073
30650595
30677702
30602568
30590181
30603710
30680391
30578855
30548251
30683630
30583526
30656204
30636340
30700153
30667555
21193719
30622915
30607368
30539548
30556130
30535920
30563161
30683155
30637877
30645601
30319800
#end
