#729a2951|blade-3-m620|jdom@54ed0cc8b7e8deffd5e088305ca7723dc0bd963c:org.jdom2.Verifier#checkCharacterData(String)[generators@bcfe6d43107430b2604e2e34b9151742941652e0:cz.cuni.mff.spl.casestudy.generators.ParseFileGenerator('MQ==')]()
#date=May 15, 2015 3:26:06 AM
#warmup=1
#count=3816
#begin
23030107
55882949
25783101
58724035
30298077
32523425
42136668
30391722
40498703
31873052
43453505
36875222
30606175
30882301
25921709
31929221
43654716
36792400
30736944
35508810
25594536
30527002
30523540
30576746
63530862
30533597
32516641
43580792
70472089
43558150
47954172
72508857
33236512
30479233
31605388
30986890
30634184
45108527
35537561
44326153
72131697
44238777
63375851
30499464
31964743
43414436
43193123
211693404
43304069
44213560
49148041
51907558
57101921
91601238
30504349
53313440
30861504
47860569
33821398
31009890
30075244
30387506
30460055
30383122
30411864
30372052
39210847
34154848
30419225
30386155
49725197
31469677
48944673
30655206
22474582
30468701
31258315
31973193
30414713
56924424
37593471
30429126
30467218
30464960
30570483
30414688
30447138
33068705
51819912
29039221
30495676
35807268
60247693
40877270
30455797
30475020
30488851
30419780
30391017
30412358
30436181
30516100
24013223
30565441
30478177
30516531
30423222
31457272
30471375
30482891
30402473
30401227
30463715
30396065
30453567
24708690
30493382
30460086
30429791
30606920
30415035
30601413
30496955
30649110
30459228
30538547
31148356
22679283
30462002
30446608
30506051
30447626
30478402
30525769
30429213
30495205
30448100
30428164
30440226
24647672
30512530
30667781
30443657
30503077
30486894
30527468
30511773
30435936
30479170
31662553
23982729
30457878
30436981
30619138
30466133
30466222
30476360
30519444
30394953
30442806
30441703
29630681
30474782
30548684
30491833
30457566
30650435
30499911
30447961
30502725
30417535
24995616
30643729
30429280
30414127
30502377
31246626
30478998
35655123
33944422
30465607
29495229
30483761
30500406
30452526
30423930
30441257
30479144
30458371
30411555
26256775
30474620
30483502
30468639
30644559
30491142
30472933
30545460
30420418
29370103
30579440
30442142
31189866
30464212
30524537
37697738
30493611
24348476
31268557
32151472
30415697
30397775
30392042
30404560
30551118
23707667
46356649
30304088
30284600
30341357
30288077
30376966
30292358
46235050
30283354
30334776
30308274
30271398
32094661
30368312
24934203
30321668
30297936
30333671
30258855
30321803
30298380
25022692
30287896
30331127
30243294
30336857
30355438
18446726
30311191
30322082
30299757
30285511
30362587
30295438
25022243
30323718
30267277
43178648
30379184
30931291
24215571
30299809
30282538
30237949
30319735
30274922
26447426
30342771
30418580
30474037
30399475
21083710
30297522
30375932
30316356
30294540
30451833
30262135
21835925
30372982
30326789
30353564
30353368
30304416
30474071
30615512
30267097
25159785
30298389
30261233
30242184
30272435
30324695
30311969
30249076
22657046
30314502
30277669
30301693
30428704
31113150
30270055
30454250
23498002
30275440
30272117
30280328
30318133
30290591
30308869
30305738
30267331
30236469
25085492
30293620
30317377
30320014
30342667
30404356
30330615
30246124
30221322
21105576
30291996
30338946
30291669
30268464
30297722
30314396
30393478
30290168
30195716
30213308
30170607
23377848
30323700
30446398
30264942
30303350
30323170
30291984
30260555
30288733
30246477
30287446
30225553
30304393
30310546
23843048
30307362
30345328
30294215
30274304
30266708
30380242
30399002
30283586
30308541
30291312
30226723
30346697
21321201
46506183
30443424
30356928
30379004
30349098
30452302
30428324
30407239
30444095
30338544
30320062
30478126
24128462
30375669
30364938
30317179
30340771
30400618
30382504
30350314
30335450
30335195
30455497
30328500
23367970
30418272
30368233
30510426
30494379
30381111
30386538
30380113
30345868
30324220
30389393
17877741
30399972
30390007
30386381
30377998
30374846
30369158
30351531
30371319
30339078
30304753
20058411
30538513
30527823
30610442
30437867
30506542
30534082
30549543
30543345
30953597
30476709
24180410
30534195
30514667
30530118
30711597
30542002
30598302
30498792
30493138
30625109
24588772
43608599
30633884
30510921
30487351
30516614
30546084
30512699
30460026
19678382
30498864
30493822
30512477
30479344
30516924
30669710
30627242
30551720
19035905
30537188
30665529
30513844
30527975
30497391
30537951
30591790
30502561
22514325
30537351
30563397
30619506
30583359
30537155
30530777
30560542
20057843
30555695
30601128
30579148
30613406
31482067
30638022
30494018
30539828
30477032
20182178
30521833
30469555
30545008
30596469
30692413
30537000
30519420
30661245
30439328
30444877
30474566
19697519
30556393
31647061
30512699
30512609
30523536
30523835
30668481
30506002
30466477
30430975
30467082
30441984
30539782
26910340
30524415
30491192
30496307
30533639
30550093
30590233
30555299
30461189
30501716
30536227
30405387
20662225
30520119
31185722
30596919
30473548
30547721
30570490
30552117
30657872
30960540
30406122
30481821
20517903
30566247
30559848
30552357
30550069
30528422
30676662
30552761
30536368
30483469
30481172
30679395
38313808
30545604
30519192
30506137
30513965
30533269
30528224
30514017
30570160
30489078
30437970
26651477
30539966
30550902
30521847
30650190
30522492
30531326
30502249
30493282
30576544
22652302
30491112
30485993
35008357
30541443
30574608
30610923
30511655
30504079
30441764
23245599
30525088
30520938
30640924
30522902
30813342
30525844
30479386
30544925
18581671
46454929
30456610
30454173
30452612
30591579
30489364
52319657
30507066
30399866
29917397
31025861
30455504
30454046
30515844
30433303
30610356
30424012
22017507
30677744
30533826
30510604
30553770
30523799
30504021
30552673
19717966
30504846
30493626
30551102
30494986
30510838
30541688
30527315
21540709
30543962
30558342
30488649
30545068
31526475
30500486
30546819
26668255
30507611
30602615
31180281
30575233
30547086
30672951
25119822
30543088
30616242
30568949
30541409
30530305
30537648
28532888
30440729
30450048
30482970
30439015
30455700
21673831
30411636
30590888
30481940
30456525
30507297
19474764
30456597
30477586
30447651
30415037
30422329
19975121
30381580
30431597
30454045
30491044
30394856
23021829
30379332
30366860
30457431
30433420
30394896
30420865
24676411
30441595
30375084
30389033
30381356
30382328
30394303
30341731
22826951
30349382
30348864
30441577
30682389
30387806
31389498
30333913
30355995
30331248
24481384
30574931
30405507
30377227
31026640
30356119
30433177
30429988
30334366
20921520
30393347
30387588
30383062
30415033
30393424
30585432
30442808
30535350
21601160
30440926
30433598
30420509
30369369
30416115
30422513
30425975
30359541
26091454
30415179
30420251
30404542
30392508
30419760
30573222
41138655
24530161
30416516
30431872
30373940
30421557
30403935
30396202
30464705
27248819
30413610
30390191
30519050
30381824
30376597
30506976
22896453
30374731
30456381
30496076
30417847
30427589
30501497
22190282
30394153
30423618
30371604
30403302
30402303
31283379
24326128
30378944
31268428
30503607
30447071
30401578
19887106
31042521
30430790
30527606
30354037
30353726
30378691
30450286
22338998
30435606
30395540
30408899
30378888
30417313
30401088
30444889
30230602
30422057
30373221
30499149
30432269
30428527
30340853
30448413
19544644
30398946
30405197
30600544
32422671
30347806
30394631
30422369
30531006
30319953
30374198
23059631
30369302
30401111
30409686
30407891
30436927
30371786
31179421
30377189
30328320
30366376
45420139
48101560
30542120
30597097
30451616
30474788
30425342
30470995
30551594
30380214
20120905
30453133
30468638
31508366
30724768
30534774
30436968
61805891
33819781
31299544
19958277
31000232
30468237
63673529
43875852
31105961
31320010
30455228
30683068
31445831
23622746
30448849
30492006
30416600
30469068
30408446
30602313
30421424
30436437
23201573
30452744
30641309
30495602
30438613
30988272
30532280
30474855
31337234
27526477
30507128
30586520
30432868
30425431
30429211
30424266
30443975
26723459
31064757
30483713
30497793
30622752
30436673
30434068
30464770
25055125
30444009
30459039
30438844
31284933
30433244
30435391
20076802
30456002
30462171
30540811
30492482
30501455
30519175
30623748
29912927
30436608
30484727
30586569
30452237
30440331
19579697
30551075
30491024
30480022
30445422
30455549
59985284
23893123
30433449
30487682
30487212
30440246
30438000
22416009
30449691
30541538
30535506
30488432
30479573
21850081
30507914
30497910
30619571
32105483
30479419
24552308
40971153
30471641
30449177
30554460
20253019
30435339
30451208
30520967
30449219
36722951
29294220
31395534
30519908
30475649
30450875
29322729
30443482
30495533
30433416
20313716
30462498
30456635
30509064
30459438
24203316
30493336
30471211
30517491
30468935
19382824
30587249
59162026
30485073
30484970
30462965
30754207
23497429
30489942
30473200
30425343
30468624
30433944
20730866
30488242
30489206
30519709
30450573
30418180
20703358
30500342
30578002
30559047
30437184
30459012
23165390
30590815
30498255
30408126
30423618
30454995
36453104
30370533
30319262
30284417
30333598
25623320
40471335
30317511
30294771
30334331
25357498
47838484
30394191
30395779
30443964
28192360
30374648
30342944
30373510
21463507
30401732
30435116
30347113
30358251
30432438
26224500
30441179
30372371
30409993
30440172
23409647
30390253
30447830
30449569
30404380
30409355
20320783
30345624
30386770
30447655
30389016
30382752
30385357
30355731
24018077
30496086
30468193
30458397
30480082
30487479
30511655
30558424
30472514
22983510
30452067
30591447
30413171
30438392
30453351
30504472
30613128
30451315
26072809
30600386
39728833
30431639
30559626
30428093
30571327
30470538
23003256
30429189
30495299
30416931
30456613
30451576
30494979
30482913
23752279
30503342
30438067
30469715
30468158
30454341
30589633
30475619
30217982
30481399
30447109
30424949
30465868
30446115
30460833
26280837
30536404
30546911
30439724
30472929
30418042
30475284
28074257
30620662
30463313
30591578
30410880
30447435
21724136
30470824
30501859
30498335
30448770
30421237
18338451
30534511
30441956
30402884
30475347
30446171
18220907
30418930
30448389
30477922
30452753
30628933
30454586
30459691
26653542
30413722
30490224
30477671
30515612
30579723
30451744
30477757
20175234
30428083
31122232
30524251
30421236
30484491
30502369
30485393
30523829
30397037
21635525
42953336
30486970
30513080
30460022
30534335
30636562
30504284
30438657
30422359
30450848
29120003
30476129
30480948
30593337
30461824
30492165
30524471
30467259
30443062
30456970
23736404
30548288
30497858
30471459
30488440
31543183
30483802
30371171
30428464
30394457
24918837
30560366
30547628
30493782
32681770
30534938
30490482
30542626
30777881
20672896
30552692
30601432
31424222
30506344
30559228
30619688
30575736
30589619
20687619
30537031
30517284
30585795
30523982
32600656
30516262
30510524
30532742
24488842
30347373
30368702
30367120
30394849
30418709
30408004
30414689
22834911
30528850
30419800
30335699
30499511
30387657
30396695
30356808
24364553
30414855
30373733
30364984
30405211
30400929
30404199
19795968
30415932
30384740
30187945
30093342
30389069
30379099
18680861
30386013
30376922
30424094
30425358
30362331
30358780
30459815
30432644
23119284
30356827
30394166
30497435
30375229
30379119
30365603
30378192
21648383
30389922
30417950
30416862
30366975
30410973
30415218
30352047
24041040
46571763
30253627
30286800
30268271
30268126
30319970
19238283
30395118
30272813
30306197
30306160
30323320
30347808
30330646
30351256
20318141
30274002
30327420
30373944
30297051
30319139
30306409
30316715
30339762
30218125
30241153
23090995
30338642
30290933
30478820
30339082
30356908
30330755
30407488
30316519
30259787
30272633
30419066
27015795
30327009
30257253
30419239
30285176
31266168
30277723
30302080
30328826
30353332
31059211
26264120
30323504
30272589
30272515
30333771
30319784
30346897
30438296
30283431
30253924
20989472
30312528
30470030
30292294
30309473
30271240
30310111
30272919
30380583
30239885
20435530
30316544
30324400
30366080
30287524
30286942
30348796
30266611
30293748
30297177
24257905
30290353
30220229
30288377
30330240
31293599
30351701
30309851
30293564
22946253
30333540
30335482
30309237
30244951
30300328
30296206
30319188
38391868
25672100
30266778
30256541
30372595
30285153
30252644
30242866
30243975
22485978
30240500
30241168
30223615
30236740
30258301
30354444
30289302
23170326
30202271
30280271
30251332
30244702
30241271
32285525
30258248
28270852
30236689
30225355
30179838
30209573
30221757
30218759
25120150
30372659
30224456
30219181
30237120
30240266
30188892
25963708
30236517
30217615
30221471
30243357
30244221
20285110
30232593
30262758
30234371
30232322
30232375
30245524
27018484
30244478
30260393
30223973
30243566
30229075
26739295
30273453
30209739
30289022
30298666
19088448
30281049
30314746
30346490
30301398
30289768
23699250
30077494
30301037
30399357
30306464
21544223
30273326
30300224
30246028
30273107
21290958
30442090
30329380
30422206
30389273
30300162
21014741
31465350
30306093
30316711
30334529
30269526
30364960
30324120
30173209
30327091
30305429
30309069
30277178
30292590
30347195
30402162
21571823
30305080
30382069
30219081
30261086
30417300
30295863
30309366
18112246
30280946
30361009
30279530
30276573
30343523
30282642
30338501
30281909
30196586
19646079
30306880
30305073
30330183
30227354
30285731
30268918
30387808
30248173
30249462
24520672
30315104
30311473
30367242
30278504
30276840
30324069
30292499
30236151
30279993
23484086
30197555
30242884
30275098
30264018
35498503
30194773
30251727
30241695
30220906
30050451
30332171
30311031
30283713
30331415
30288798
30335713
30299353
30419151
28060166
30289364
30363844
32303534
30283808
30271639
30334271
30337837
20581785
30295467
30314553
30340767
30270580
30339211
30291544
30266984
30673780
28625805
30270729
30247059
30278180
32269288
30232769
30273286
17994378
30234037
30293628
30342962
30247866
30252236
30224726
30297901
23053355
46439346
30363213
30416962
30329564
30408671
30451705
21107568
30374164
30419446
30427421
30370558
30361402
30469538
22101495
30411993
30477758
30353659
30353384
30372015
30378466
26377096
30413693
30464429
30393816
30421817
30385246
26749718
30602413
30441033
30409251
30368729
30369971
23675253
30383324
30462871
30400227
30344417
30502281
26266144
30398920
30409151
30406686
30552709
21559031
30362652
30420153
30385297
30525815
18975126
30389129
30396995
30408982
30497224
30390435
30347773
26200907
30479969
30547502
30370309
30347684
30359715
30418456
20698043
30371137
30419510
30467519
30414709
30534444
30425777
30441559
30397099
20169952
30407064
30455935
30433716
30798531
30341977
30373656
30369612
30347669
30472756
19235794
30392350
30490049
30397480
30353355
30371646
30413355
30496155
30341149
30328490
30377013
20621091
30365768
30450128
30429404
30411633
30367175
30416902
30383708
30330292
30378737
30391464
21910696
30380368
30334413
30361511
30376853
30369633
30348448
30381413
30366522
30329435
30481382
30133126
30359671
30391857
30364443
30350784
30404646
30407193
30419179
30397122
19803677
30357362
30350031
55417719
30470667
30390182
30341550
30371544
30351379
30499497
25391660
30360751
30372248
30367708
30493062
30441262
30411906
30437184
30285158
25638432
30403351
30415532
30574893
30421969
30337973
30431524
30354315
19893146
30381976
30373982
30507210
30323926
30456722
30396524
30336391
30366109
29830851
30413381
30371171
30382086
30522595
30441746
30437026
20374921
30412120
30410600
30439447
30370468
30446868
30400146
30589940
25604670
30365371
30391673
30376576
30507217
44257146
30371601
24558870
30428775
30428273
30359695
30360404
30517488
30393760
26760195
30366167
30305097
30479727
30417775
30356135
22106911
30429548
30521808
30387386
30427999
30382508
20071295
46558699
30479322
30554847
30456667
30461589
30487071
30461031
25684151
30438680
30502169
30457489
30472807
30496871
30496600
24513176
30467960
30427183
30446351
30462755
30594373
30451846
26914428
30469977
30496188
30610726
30479242
30462135
22197549
30452284
30615066
30440224
30435433
30500064
20600696
30589522
30456613
30533899
30399607
30463948
21366596
30456300
30478561
30442284
30492172
30623993
24586003
32418324
32473810
30535493
30556097
20983648
30553362
30574737
30600886
30561942
30515693
30541602
26105016
30628582
30523608
30543742
30526189
30574562
30561926
30479570
29956345
30548669
30590104
30523270
30573451
30501881
30584015
23851591
30792782
30472991
30504746
30511175
30574920
30597448
23211648
30507218
30510693
30486807
30525962
30483666
30516264
25512160
30549970
30515509
30559060
30540768
30509831
30509060
30527861
24099229
30669053
30526697
30546202
30573946
30596470
31366992
30510882
30496997
30498905
26900219
30512353
30533500
30475679
30688393
30454102
30482268
30496019
30503268
23662124
30513762
30517393
30540191
30555702
30523448
30591524
30548459
30503815
25099467
30486384
30545435
30531617
30532158
30550437
30516412
30504155
20528479
30502433
30560251
30581915
30639112
30578537
30551751
30547177
19867955
30477902
30503546
30468131
30432175
30457422
30513947
30468484
23764661
30422044
30555366
30528827
30444804
30496268
30484093
19137773
30411817
30685778
30476530
30485403
30589634
30591257
19473090
30436562
30469557
30516827
30561471
30489460
30458042
22099290
30455908
43164039
30519287
30489545
30460431
30515985
29301738
30545030
30503809
30550635
30471413
30436459
26680406
30480099
30426183
30444690
30468211
30476686
29943943
30560088
30466286
30481088
30587466
22335338
30477330
30499320
30484677
30584158
18766940
31057825
30440291
30367277
30542515
30446092
29247863
30503882
30485180
30433701
18471994
30444432
30407024
30466256
30440628
30450858
20534233
30483633
30459935
30410380
30408493
30470169
30648677
19647566
30484899
30445685
30490121
30416798
30425759
30454501
30651706
30499693
25171511
30553229
30495956
30447446
30477664
30460668
43562048
30527961
30409429
30459661
25507470
30482117
30460579
30454306
30494093
30450593
30543049
30452451
30434302
30453009
24042077
30475739
31285998
30494289
30456259
30506652
30498493
30423271
30475745
30620775
22732826
46533312
30466611
30452557
30457305
30462453
30480677
30492264
50514674
30462799
25899460
30472506
30540024
30478164
30465257
30491030
30483662
30509779
30558705
23504570
30460748
30420997
30442639
30585842
31402097
30484491
30415078
30433315
25583723
30441977
30417199
30484533
30520540
30478537
30474124
30449170
21714120
30517981
30426679
30511380
30508853
30586864
30454786
30472744
21601218
30467840
30597944
30504388
30464762
30478064
30478255
30646818
24943451
30485873
30445146
30484892
30566073
30524284
30498755
22037645
30486813
30461989
30463506
30448002
30450048
30573347
30639232
30488099
24212854
30457850
30554637
30654161
30484668
30451059
30488268
30396316
20867480
30479731
30483784
30459938
30467993
30433544
31165590
30520541
30510146
30475106
20622041
30478020
30470931
30574670
31018421
30415506
30469022
30471668
30483794
30484142
30410304
30406359
24782474
30505322
30431433
30479017
30563731
30460735
30403668
30423647
30470433
30472073
30405071
24310539
30454962
30469493
30495511
30464517
30476699
30444640
30419857
30467376
30429562
19619368
30499458
30428082
30438173
30430310
30400677
30480086
30520033
30492002
30452822
19688034
32467096
30468232
30498233
30486227
30508466
30486062
30606702
30472046
30455377
33687400
30498273
30494690
30486966
30468686
30428195
30426027
30409086
30465152
22470319
30461722
30495677
30553324
30487905
30418483
30449655
30530586
30499642
25487971
31266562
30369258
30405057
30499526
30438144
30479929
30489077
23029915
30412257
30663198
30400104
30395882
30369689
30434066
30428014
23955599
30385000
30427232
30381695
30403630
30340568
30400050
30398244
29111133
30286547
30212856
30235226
30235902
30212656
30215247
25499767
30276859
30361486
30258105
30256353
30253276
30240320
26942884
30233120
30192275
30247564
30256186
30364747
21099028
30218748
30230735
30261918
30196895
30254960
30278147
29883570
30274256
30236136
30289526
30293319
30356448
29679570
30212344
30331693
30272190
31026962
20840290
30238704
30288125
30300595
30364244
30226644
25789018
30274720
30305351
30246466
30269733
31109468
20346236
30248050
30258017
30283687
30213584
30227997
34551786
30195300
21145603
30260562
30275863
30259352
30223418
30264442
30233779
30306077
30242722
30186533
26266853
30223223
30320713
30287800
30260879
30259151
30214304
30237213
30181491
25795595
30267886
30666693
30209815
30274575
30243848
30279418
30223440
19772115
30212170
30226010
30325489
30215433
30235008
30252539
30244021
30216299
28335874
30196870
30386002
30298437
30247887
30245775
30242966
18507342
30231149
30254871
30257867
30250093
30249744
30232675
30210269
23753737
30306884
30355635
30270599
30265944
30297098
30314733
22449397
30270657
30220924
30255915
30229735
30361684
30235671
23866932
30249579
30250021
30382502
30241214
30236918
18744414
30240731
30420415
30253589
30234875
30237644
30250050
26640157
30302253
30264336
30244897
30295905
30358744
27110751
30223824
30292596
30280431
30359886
20321199
46248642
30310857
30369853
30301794
30342795
30421629
21976606
30349520
30288626
30362790
30354835
32300927
30340377
30327730
19889545
30267006
30300911
30389384
30258786
30289393
30344375
30335555
30288981
30248539
25935763
30352962
30320538
30680710
30324786
30318931
30335753
30289575
30335029
26369504
30395237
30351233
30343377
30346433
30495233
30358200
30310836
20958292
30328364
30337392
30336071
30393003
30300002
30287413
30290097
19317980
30268060
30313346
30303956
30404318
30284611
30282120
30315457
30303731
30296715
23220522
30312992
40811542
30330158
30424135
30317985
30339367
30959117
30290833
21392692
30340937
30248064
30339545
30269496
30364168
30349728
30335084
30251111
30269413
23956403
30362210
30266214
30326075
30343360
30329797
30385424
30340510
30322682
21732667
30290980
30306733
30353404
30330993
30308113
30287669
30323262
30418217
23327726
30317846
30336466
30366264
30262827
30276174
30283881
30261232
18929115
30254011
30273737
30330466
30319304
30321467
30275527
30295973
18987681
30391789
30415010
30463357
30384855
30511066
30385109
30336131
21910473
30393102
30484751
30448041
30369013
30375986
30408226
18161772
30381166
30390024
30436740
30338713
31371088
30393667
18207315
30513681
30391835
30389931
30368092
30360917
30349883
22290849
30383835
30389720
30383902
30366204
30411395
30501934
29518538
30389007
30386502
30370653
30382337
30324391
27108144
30360226
30348228
30401661
30374408
18380449
30389208
30434282
30381575
30355964
30396509
23127053
30359997
30457475
30329579
30353540
30374921
30342087
26168078
30369131
30352410
30347240
30401806
30352142
22297503
30414376
30429171
30406329
30402933
30392328
21387055
30391313
30409566
30397188
30389835
30459348
30476366
30460188
29844591
30357305
30437011
30350769
30422252
30416609
30375776
30028684
30394182
30378331
30353713
30345711
30412664
21730707
30457371
30561751
30476066
30405979
30497842
30458312
29247840
30419473
30530060
30477866
30504420
30467488
26953181
30445848
30495413
30472729
30421502
18341658
30552438
30574471
30539169
30546692
30570450
30538637
18514423
30628437
30583252
32550818
30521837
30520171
30548612
30541162
30517671
24917041
46667726
30455653
30570550
30462936
30525935
30459789
30460686
30545251
22357067
46457826
30372885
30662282
30416860
30395164
30338321
30392429
30449171
23585920
30372152
30403035
30386366
30535008
30354108
30399022
30337346
19518499
30455424
30383275
30386031
30372646
30405126
30426067
30408271
18593983
30359462
30345725
30425799
30370909
30365847
30411549
30424937
30442175
30459248
22224110
30372048
30387413
30422515
30393916
30397070
30532430
30414279
30376387
20235628
30329858
30405035
30436038
30379329
30515650
30390524
30353551
30348350
22069174
30558207
30437618
30407538
30373122
30405184
30523082
30415835
30339073
29889759
30355429
30406980
30398207
30420602
30521680
30470811
30390602
29847220
30407895
30519241
30368759
30382773
30400529
30352804
21746649
30523222
30480508
30601620
38711940
30528426
30550335
19210014
30523237
30506373
30512646
30539010
30465004
30698447
19923784
30500012
30572182
30524028
30588830
30589389
30567764
22647344
30496173
30635366
30537084
30548138
30653906
19508273
30502584
30570170
30511817
30639366
30515620
30521963
30457855
30581842
30697900
30525238
30516273
21428954
30495717
30637717
30575471
30514712
30546595
25032643
29249007
30538378
30520945
30549677
21969169
30544113
30571873
30522559
30579459
30536081
30536172
30184217
30536502
30641515
30519778
30536240
30554720
30612338
22025611
30559392
30507217
30637158
30507897
30495121
30515013
30567069
30631587
26763724
30580749
30539302
30496748
30651281
30549082
30569950
30509122
25328614
30520426
30501146
30503764
30670244
30528439
30540923
30544642
28985676
30601062
30467558
30514504
30519364
30589259
30698097
23532954
30547877
30533124
30499117
30665871
30576533
30568850
22815661
30555531
30659742
30554606
30549730
30549447
30577764
25281065
30558085
30553609
30482957
30610318
30689756
20726479
30612016
30526151
30506709
30473046
30519888
18495261
30525582
30518021
30651762
30519733
30535269
20891164
30526397
30639230
30574927
30459171
30512032
23585030
30638648
30463406
30532124
30482077
19861301
30519157
30493122
30562115
30519460
30565523
30527984
25244285
31279215
30502953
30500199
30513609
31357153
30547274
30579237
29131432
30534700
30468535
30565515
30558948
30636184
30481386
23529610
30524140
30543384
30597120
30564344
30562471
30581624
30564882
21706929
30553283
30536687
30525555
30678121
30548642
30489374
30516868
30480646
22708760
30547665
30506973
30561222
30549695
30524978
30525980
30554560
30695073
38197144
30567603
30665651
30562431
30490100
30514755
30544459
30651177
27270252
30517200
30563253
30537241
30663293
30512999
30614893
19737344
30553031
30650442
30580393
30524203
30549306
30598731
30511538
26151778
30529914
30692295
30554893
30543482
30541002
30561806
25950524
30687915
30494866
30537069
30566979
30649059
17958747
30466369
30563015
53561628
30563922
30547986
30502713
24334169
30527144
30483009
30500435
30549548
30524699
23081468
30543824
30527198
30538484
30534884
30540969
24399430
30627890
30595255
30489873
45139182
17959256
30520197
30521944
30615093
30848218
30586808
24908847
30543502
30540142
30501065
30572913
30552068
20946036
30521558
30519741
30545857
30566410
30496544
19142457
30530748
30582297
30647121
30635628
30625575
30683693
30522053
25721921
30516028
30543904
30558630
30547791
30564101
30546773
30570258
26413617
46612259
30460135
30371251
30463714
30474537
30429613
19684431
30434486
30544584
30575753
30441970
30453290
30461437
30505725
27382266
30679904
30366255
30425715
30443473
30469855
30502464
28889103
30256672
30279717
30293553
30328525
30268811
21429118
30418717
30397780
30228564
30403826
30342293
30473144
29681988
30337951
30341317
30314967
30414893
30300627
44451468
30373747
30351696
30372679
31192615
19641333
30345360
30390109
30402875
30474142
30370599
24407358
30398288
30429297
31081366
30386693
21802005
30251590
30300533
30637492
30235689
25791489
30245153
30275138
30273340
30238392
30324277
20866534
30272507
30287539
30358391
30254275
30317416
30272217
30393206
29189049
30294585
30425415
30241356
30221296
30217771
30216504
18358856
30231224
30248196
30347622
32260129
30245805
30244600
30302817
19709537
30229593
30228960
30250501
30280600
30250542
30265837
30273784
30222700
30218611
24346638
30405655
30324493
30234426
30265127
30269540
30389093
30192625
30215697
23630537
30257135
30345844
30238615
30236673
30204020
30257762
30256347
30223697
28562154
30259886
30173636
30370135
30775980
30246091
30294626
30353913
26063149
33368781
30325110
30337976
30332300
30364238
30297871
30328011
26366667
30309304
30299376
30281860
30332200
30273647
30302896
21452276
30268535
30410704
30392375
30334687
30343075
30433533
19792602
30324374
30434348
30342350
30282500
30301572
30305462
21430238
30321111
30317659
30337285
30356573
30314257
30322980
26679184
31313957
30350226
30535646
30371102
30401615
23413124
30333273
30439096
30370333
30412384
30540162
23582035
30368851
30411815
30404319
32564940
30392852
26829293
30366724
30408919
30539166
30385602
22471580
30354623
30400249
41527495
30402595
20549601
30403469
30369038
30426560
30367562
30412248
30383285
28839136
30378973
30378006
30391413
30530296
30404513
30417249
22629611
30374784
30469340
30395411
30387869
30372673
30344642
30522588
30307989
46324719
30430777
30438982
30448943
30528644
30471893
30478473
30672958
23994345
30463779
30489078
30450110
30454749
30448157
30481833
30475493
23621719
30472847
30555028
30463304
30465790
30441695
30509626
30447092
27800288
30564851
30433469
30470867
30474242
30463895
30636513
23853603
30429441
30460840
30428811
30575875
30454637
30490651
23866841
30423158
30561776
30445719
30483540
30436099
30465286
28221732
30514042
30496835
30600529
30434755
30474773
23512443
30494501
30597023
30478842
30477417
30439870
22798829
30609235
30478410
30486728
30507519
30471004
24527383
30467482
30396918
30443882
30460067
19082242
30420644
30517464
30461662
30423993
30583855
30460614
22879654
30418588
30538971
30479466
30463218
30445314
30439220
30080869
30430064
30424928
30514962
30586262
30453262
28289098
30473240
30449758
30609734
30440609
19250008
30435787
30446607
30475393
30449891
30487855
30478127
19305787
30466140
30442013
30451593
30496291
30505933
30436573
30538958
30420271
25434137
30457324
30421113
30572198
30453702
30449966
30469380
30495549
30381734
22969979
30448510
30476217
30456422
30453500
30434386
30425960
30431820
30355904
30362868
22099565
30464807
30410358
30432159
30429606
30456578
30395346
30410898
30408265
30375197
26195040
30478406
30459564
30485657
30482435
30538066
30483078
30464541
30728903
24360267
30505054
30430926
30413679
30464717
30444904
30431759
30449617
30438049
27844897
30467373
30479254
30504501
30457382
30432770
30518285
30483181
23659528
30495253
30549553
30453172
30453953
30509560
30505427
30504018
24241916
30457324
30509607
30527438
30473306
30489335
30489613
30457535
30393462
18846137
30453213
30469480
30475222
30464843
30506308
30474039
30486292
30429622
30441776
29545453
30421304
30504317
30434415
30471561
30501941
30442793
30489122
21323803
30463645
30567413
30407365
30428810
30489784
30428453
30532180
30435117
30092109
30475050
30491951
30463902
30469149
30469348
30454145
19221831
30453454
30467988
30463048
30657810
30452524
30388351
30452707
23608206
30571477
30456786
30503089
30491679
30428587
30627613
22001775
30427642
30486652
30473662
30468388
30450175
30455211
23117512
30451873
30456606
30493184
30480424
30521382
30476187
28358565
30490857
30497602
30474391
30578404
30448226
30501921
18111443
30416846
30471869
30411929
30376593
30452593
30448327
30494411
30454164
30399677
29912090
30460238
30440675
31471549
30429089
30449542
30434908
30440511
30459945
28909365
30450060
30434057
30474860
31303406
30459024
30490468
30473826
30444224
30392853
18802324
31534023
30466854
30453522
30408987
30547521
30427491
30599444
30464578
30435375
30547389
25674016
30546922
30503196
30475742
30678846
30486391
30501900
30536697
31295221
30630704
26905301
30502206
30446077
30503033
30562201
30447721
30506868
30632013
30451019
22772082
30433456
30477620
30483635
30454333
30444615
30517148
30475056
30506578
22974159
30660784
30526249
30537589
30462089
30459413
30525220
30418997
30441815
27881681
30430800
30455300
30458561
30413773
30397648
30448026
37981282
25683583
30444271
30474455
30433067
30471610
30470856
30449760
30513012
28778873
30466611
30461931
30448267
30445441
30463769
30455586
23153633
30417678
30494948
30503879
30484651
30517211
30473544
22304321
30439960
30531144
30489077
30427715
30463020
30461528
23953221
30497750
30632493
30443501
30504088
30438888
19210413
30458539
30455050
30598284
30466940
30435968
30471380
30493535
21622757
30460910
30419589
30499884
30469591
30495810
30445353
30466133
30492734
30451326
29903947
30561190
30413669
30385317
30375426
30350728
30448989
30424150
19207977
30398280
30386159
30515884
30376802
30383480
30418308
30390198
30477835
30328855
20714688
30380264
29111704
30458693
30434932
30378244
30425573
30346231
31001517
30330444
26421452
30385917
30426731
30378648
30411933
30363542
30392038
30402551
30311411
26732227
30356000
30443368
30377936
31025367
30352257
30387242
30389424
21162439
46328053
30304158
30270373
30258743
30271858
30273540
30304583
19469464
30300319
30947889
30267619
30287898
30275044
30335702
30344210
21585310
30271818
30349418
30342237
30360842
30317053
30308873
30348553
27350410
30299991
30264911
30286884
30287808
30276089
30347554
26041486
30305299
30296510
30257466
30332051
30315222
30295146
29816901
30277311
30334349
30271202
30244496
30349119
35570356
30271908
30242399
30273979
30380763
30259207
21681045
30269101
30290068
30299673
30277632
30289259
22302487
30324444
30342904
30404519
30250419
30311080
25781872
30287080
30355899
30320958
30475699
21806514
30284050
30335762
30352800
30318211
20294825
30347004
30311852
30413343
30277611
30324838
30303662
29719426
30299444
30324909
30314251
30354666
18398636
30313355
30272075
30395248
30344378
30439941
30310918
30334243
28872312
30380835
30361799
30318792
30296867
30283440
30332402
30298260
22242316
30282030
30302273
30321280
30348875
30321618
30314533
30413784
30339092
18848999
30213251
30292060
30401091
30229853
30215480
30253153
30236729
30353872
21277658
30233386
30193062
30326161
30373987
30348346
30283528
30221237
30286202
24881527
30314393
30275775
30376831
30288466
30259822
30236081
30268801
23764317
30230878
30318210
30839168
30244645
30182013
30308662
30188529
26636351
30228084
30220859
30282602
30218561
30299826
30272240
22954495
30257211
30321470
30414252
30616430
30272702
30241905
22353649
46334140
30311980
30302128
30251955
30397177
30317833
24954130
30292315
30332775
30257024
30328613
30333055
30347554
30240689
24107915
30326882
30362410
30342575
30351168
30299524
30321906
30339060
43275838
30256337
30394645
30232657
30260838
30245838
30319232
23497683
30218960
30234027
30228445
30225730
30267511
30234047
23362708
30245595
30327453
30284429
30230800
30270047
30285498
26290310
30230793
30234857
30275446
30236253
30225404
22124542
30294028
30213164
30254058
30310082
30271731
30360901
30333962
25262360
30284819
30245428
30272060
30293353
30259524
30322268
22149671
46373702
30319246
30362350
30350341
30299098
30274010
22058633
30303346
30312715
30335137
30329110
30299934
30333337
24756823
30286895
30348182
30303671
30297240
30304567
21049599
37098946
30252673
30248849
30217644
30250564
19843557
30227919
30233355
30337182
30290288
30536428
30323151
30258773
26653326
32185300
30812319
30323506
30340919
30261006
30329637
26639864
30295829
#end
