#729a2951|blade-3-m620|jdom@54ed0cc8b7e8deffd5e088305ca7723dc0bd963c:org.jdom2.Verifier#checkCharacterData(String)[generators@bcfe6d43107430b2604e2e34b9151742941652e0:cz.cuni.mff.spl.casestudy.generators.ParseFileGenerator('MQ==')]()
#date=May 16, 2015 6:40:37 AM
#warmup=1
#count=3810
#begin
20472217
44876351
24085921
30306757
30301458
24306606
30327369
30263147
24121905
30242535
30265453
30238895
30304522
30399279
24001839
30308956
30335708
30290313
30324440
30404272
46395062
31209895
30999560
30306197
30248524
30237362
30322428
30236157
30196346
30259963
30234640
30244059
24134629
30266882
30250005
30185178
30261471
30224177
30265853
47826940
30251689
30254338
30290568
30296071
24331938
30451182
30224360
30320320
30303105
32303943
31137924
30208430
30238526
30242382
30252811
30286520
30311971
30586825
30286217
30257849
45651639
30326410
30372105
30319542
30464619
30371884
30381262
30347627
30385478
30388126
30352268
30403776
30438971
30889884
30383207
21715641
30361800
30366725
30302664
30597568
32274207
30303493
30387462
30377140
30349355
30336521
30350589
30363460
30391678
30385798
22545338
30314084
30231568
30236907
30194747
30413599
30265440
30235829
30267255
30212593
30390935
30285773
30260309
30388044
20842710
30288415
30243827
30272653
30389351
30335524
30163611
30254156
30233966
30257215
30238074
30290393
30265589
30314233
25327182
30223470
30426246
30217184
30178064
30178908
30202217
30267640
30221447
30277740
30223765
30473790
30319168
26443691
30181947
30171093
30240200
30247246
30199962
30216802
30236449
30228298
30247153
30258608
30245449
23527564
30220255
30232522
30202033
30171986
30187014
30191450
30187122
30608717
30278231
30234129
30233193
26699947
30232624
30175760
30406380
30248178
30241841
30214536
30230820
30229677
30224656
30184927
25187052
30222471
41981619
30413204
30257793
30347055
30256433
30243846
30344101
30292631
19026495
30227015
30284147
30275478
35677886
30255433
30248269
30411444
30260908
30266953
30244096
29161609
30209244
30279618
30223191
30170697
30202600
30296397
30242875
30251205
21355208
30224868
30192197
30225248
30204719
30276896
30191005
30266296
30285938
18904617
30219341
30326542
30257338
30257211
30190549
30166249
30224255
30239940
21950212
30281579
30254422
30348946
30270339
30263748
30243093
30249344
30230202
28299235
30475057
30247137
30278915
30357964
30280545
30219342
30264982
28214494
30320900
30307447
30297486
30218357
30479422
30249806
20981410
30190871
30206744
30170897
30208981
30256471
30287133
30259854
29783775
30247781
30308486
30265479
30319278
30333857
30299633
30289096
31108661
23462757
31154984
30293927
30292854
30275852
30261571
30235684
30298973
30293608
30285525
30302251
30329543
20692390
30348161
30336209
30414976
30419131
30469626
30404351
30447540
30449137
30382715
30435890
30417804
22792124
30367473
30367329
30382993
30362450
30460229
30438068
30375780
30557013
30357878
30360525
20859244
30400326
30382584
30399633
30423224
30385535
30353130
30402600
30538235
30392286
30411055
23946698
41322642
30308106
30274175
30312506
31824704
30246086
30315151
30322745
30332448
22302823
30314058
30260653
30296627
30333202
30266344
30340669
30337681
30295979
31106705
25297351
30243724
30279620
30403345
30279677
30296731
30317427
30281280
30993191
22973037
30232966
30289862
30222837
30318740
30316286
30245229
30235485
30310085
24489085
30308698
30267805
30310113
30275931
30397111
30441422
30323038
20873932
30446717
30298206
30431226
30384189
30396773
30389873
30356646
20516257
30336503
30394362
30524857
30376018
30432309
30414215
30333827
23388254
30415551
30352458
30399677
30373451
30425406
30317573
20456146
30548004
30362821
30351349
30323058
30337570
30322775
21190727
30375404
30432973
30409590
30412960
30373197
30398139
23762037
30401362
30325918
30436507
30291090
30390657
20375770
30390493
30393451
30371674
30405708
30374902
19423343
30310729
30369720
57367677
30336804
30360251
21848540
30382919
30363907
30361136
30342079
30627375
25448174
30373704
30378164
30380748
30340830
22122551
30335788
30329683
30400927
30389081
38639886
30397691
27981159
30344259
30398479
30449384
30400159
30482499
30359664
18195531
30351664
31243017
30361723
30393495
30371095
30416753
30368455
30338213
30497651
23448408
30291870
30397686
30377953
30385580
30377932
30363802
30398123
48835940
30349368
30364271
19085924
30360497
30384126
30323169
30418735
30323049
30376831
30465609
30403533
30408369
30414855
20026492
30338708
30318650
30399693
31423828
30362687
30332542
30357881
30384747
31024813
30306072
24352478
46257643
30359371
30305313
30319482
30277995
30298642
30282648
30279678
30289132
24752234
30423345
30333555
30277890
30312435
30250227
30431495
30250805
30256757
19976486
30266377
30322319
30272752
30338362
30282788
30313869
30279424
30344318
19112170
30392951
30291538
30258359
30351264
30250282
30227129
30292139
30259658
23033926
30290686
30279232
30295986
30255546
30423086
30257064
30388043
20408205
30267684
30243522
30284680
30323984
30303954
30291789
30291291
21725813
31152739
30449104
30242753
30889449
30268931
30256308
30259622
30276317
30270675
28079870
30271062
30279319
30291894
30304323
30302514
30307315
30268240
30305318
27836421
30281028
36355237
30317642
30248960
30264546
30236782
30278705
21377963
30247391
30216543
30231168
30268105
30280266
30329405
30277211
30288466
30270700
30403935
29913858
30300344
30281140
30266724
30263761
30332406
30260620
30239559
30200428
30220314
30285246
30279267
24357567
30296611
30258499
30301653
30287240
30866653
30237946
30407046
30307136
30284924
30266482
30312435
26648390
30306459
30232099
30282113
30261868
30282353
30314826
30335969
30304010
30270936
30284698
25328121
30332664
30405237
30377474
30404344
30414105
30375635
47579665
30439100
30428749
30379793
28008242
30491616
30354425
30359193
30452599
30417637
30337236
30422424
38452397
30519766
25171983
30381894
30398724
30371202
30407413
30370539
30335817
30484057
30390828
30369089
29142916
30451182
30367258
30370071
30353360
30401338
30441044
30366431
30329132
24824907
30404093
30351138
30347062
30330291
30355024
30357513
30449517
30410136
26418227
30368896
30406442
30419846
30403640
30371946
30413079
30412316
21981659
30420146
30424402
30366143
30347819
30393686
30424961
30344113
21714492
30337195
30431978
31158764
30419524
30454342
30397088
30343679
24058370
30085187
30002748
29150769
29098720
29106834
29122521
20714245
29120169
32802536
33071187
30378079
30369736
30387537
20762586
30385527
30398953
30474499
30392109
30561443
30486189
23750450
30418884
30533469
30372708
30394493
30506432
30363131
30540273
23259455
30391242
30376871
30399780
30389939
30451538
30391453
30359773
30381529
30396645
27592646
30382424
30357404
30429174
30404842
30355708
30419640
30404161
30432346
25026511
30393556
30391688
30507655
30408753
30405613
30394266
30537825
30399417
28420438
30434977
30358950
30432091
30347064
30443611
30416535
30360000
23600462
30432159
30398458
30464410
30449659
30385404
30467629
30394283
23768377
30314846
30416979
30391808
30409493
30381931
30424739
30427311
29121758
30465928
30410939
30369997
30335124
30415953
30584575
24925349
30404282
30381706
30372155
46764322
30363511
30345297
25551071
30384242
30387730
30428142
30424135
30387731
19398106
31010131
30434368
30380151
30503837
30450146
52250179
25855105
30420022
30338330
30382311
30374446
30361824
25289888
30386991
31001841
30433531
30397978
30535253
28492656
30407815
30371402
30381924
30371013
22197091
30411906
30359871
30386033
30478777
19271408
30363777
30380906
30384680
30471071
30555293
30428544
25855346
30383911
30388507
30448072
30345613
30410935
30353893
19672704
30435608
30363813
30367157
30386615
30472504
30402313
30376193
27206017
30367609
30368163
30347433
30506534
30367722
30344899
28846465
30339065
30463531
30392704
30388261
30367243
21458156
30387404
30343849
30423071
30570451
30460897
30449471
29823305
30364302
30442913
30401854
30396620
30332641
28979852
30825024
30460107
30525968
32521002
19854864
30479682
30478721
30513351
30562995
30526760
24417490
30486736
30491158
30501037
30471362
30402039
30469617
30094426
30548795
30470011
30467860
30601200
30465058
24985191
30592370
30512335
30457144
30493171
30450760
24320641
30535997
30591918
30435328
30513584
30599886
30470242
21857167
30467943
30474246
30460504
30461760
30480938
30425366
30489832
30480984
24692489
30445359
30564655
30510246
30409520
30403104
30451244
30481788
30481615
30426244
26016313
30438247
30600329
30457853
30502755
30439150
30435513
30544608
30451171
22061151
30462555
30543419
30479864
30490652
30633681
30474042
30434007
30507295
22161120
30430678
30416913
30478789
30494752
30471237
30455635
30594078
30469824
26480553
30415631
30472575
39183034
30483217
30452652
30484986
30453938
24514317
30463358
30424986
30523813
30441619
30494386
30610464
30474287
26786064
30519137
30438755
30411617
38471828
30443660
30443489
22954168
30443955
30479108
30457671
30467171
30453539
30427646
21907932
30500477
30497115
30386454
30472711
30633804
30492662
23385495
30525799
30550675
30530129
30541606
30595128
18255115
30596593
30553781
30570504
30572273
30578455
30526630
30528397
21959571
30443793
30503597
30465281
30511388
30433293
30408923
30464701
26815410
30446566
30387346
30540979
30448451
30743353
30445657
25772791
30619909
30425533
30441027
30392760
30416946
30446008
29775913
30513328
30428913
30446906
30445375
30514673
23422317
30590727
30521674
30437057
30568784
30481460
21673598
30473086
30447204
30594204
30497331
30425738
30441001
30402718
28788152
30458171
30463141
30470347
30441700
30435724
30386078
26870306
30488684
30456841
30419557
30568199
30789664
19189980
30250451
30253224
30428162
30624362
30229544
30276620
24567182
30259233
30295053
30282425
30284262
30296131
22984555
30221716
30174412
30382220
30247561
30235693
30291891
19029234
30868520
30177311
30170571
30210722
30219433
30246580
30166860
30187760
20736138
30156191
30231786
30174425
30197798
30157022
30309837
30277836
30233706
30218232
29742691
30372554
30288309
30201062
30215062
30255028
30194270
30842171
20837336
30221393
30220295
30243704
30251423
30231104
30280427
30214197
30367982
26459645
30260034
30222704
30190346
30254784
30250070
30244071
30233455
26516771
30205895
30227627
30263961
30235400
30132811
30207002
20396801
30234764
30242649
30189832
30261951
30189084
30234824
30206161
28312941
30189726
30190646
30260494
30233408
30241149
30189741
29340087
30384806
30263531
30249713
30268026
30306513
21434342
30373615
33807527
30379169
30359011
30415273
30395811
29691554
30375280
30360477
30443544
30411430
30438448
28205710
30384670
30382115
30381958
30362555
19554239
46749146
30492793
30484136
30526826
30570788
30507982
19701373
30603275
30448071
30483319
30459750
30439220
30531829
30516935
30470678
28083192
30469919
30472724
30477435
30446931
30498175
30481135
30455960
24558963
30498428
30446111
30444600
30432422
30504720
30474093
30568120
30448917
30581924
25801727
30440440
30492184
30480784
30735167
30467124
30475530
30490198
30548291
21292352
30448640
30405280
30615312
30456895
30444869
30615273
30491071
30496240
20929868
30507479
30482662
30502173
30414864
30506624
30441427
30493987
30496184
24832563
30625508
30491327
30481675
30462147
30474327
30513951
30462297
22914706
30422270
30475049
30485495
30378297
30448342
30496109
30527331
24357039
30567539
30481637
30513470
30498688
30451824
30459133
19819104
30458417
30440338
30479608
30516780
30461622
30527306
30532057
30523884
20524572
30560006
30448367
30498140
31076837
30485457
30423806
30458806
30525267
30458484
25918255
30450300
30509291
30526917
30509164
30473808
30494739
30519442
30542129
21670898
30485359
30463213
30481988
30458872
30455749
30427820
30480119
30516150
21907293
30421676
30408416
30449382
30437971
30498366
30439486
30455111
30495538
25804904
30568928
30411080
30466293
30513384
30498437
30439722
30465767
23774375
30484870
30504558
30471289
30462766
30511542
30616245
30542455
25881433
30516759
30411237
30415353
30472482
30460211
30435776
21921278
30462893
30609881
30424720
30601758
30455453
30435184
20463813
30405412
30440073
30444769
30493015
30471460
30496610
30511439
30474848
24478463
30574622
30493836
30519535
30752859
30456386
30520636
30437802
22491050
29215304
30442973
30637204
30519502
30518855
30539851
30533697
30611881
30506320
25194294
30460769
30454499
30499286
30450279
30454913
30461777
30457609
30414150
30425173
30696780
28539407
30357775
30373281
30419224
30368447
30404603
30349993
30406547
30376767
30370888
24641471
30373568
30333482
30354264
30397275
30440311
30373327
30408873
30425009
30385179
26829006
30331706
30368933
30368751
30364568
30487471
31011687
30327044
30364686
23437493
30320337
30307898
30278097
30259986
30249011
30291175
30292385
30264626
24140563
30246731
30309862
30407802
30231333
30881564
30331614
30273115
19403515
30295835
30238716
30291826
30295262
30292748
30319793
30263298
30298535
30015886
30286596
30322500
30308845
30261056
30288080
30313193
21112686
30354100
30331446
30224211
30261968
30285519
30236306
30230978
27366223
30372209
30362204
30277587
30259309
30287915
30310256
26497880
30408528
30267299
30304904
30270524
30329073
19404526
30275926
30317573
30326509
30254971
30234659
30239780
24651691
30230379
30231331
30202458
30345055
30231519
23415369
30230309
30264400
30225388
30233288
30231418
24509486
30237593
30167118
30201117
30195630
18214622
30180362
30200107
30193139
30277591
30263202
24760847
30162873
30366181
30211823
30197102
23333479
30198944
30224950
30195253
30273340
24236080
30231226
30201213
31064789
30236573
30249026
25485705
30268751
30450835
30249340
30236264
30232473
30254493
24838576
30187964
30246402
30190831
30175562
30210240
30189408
30205622
20559134
30165904
30247908
30366160
30242662
30244599
30201233
30280822
30235481
30201708
30258369
30109768
30376697
30386941
30328514
30377608
30344037
30329569
30386188
30435326
21521154
30406964
30381727
30337251
30362360
30367353
30305809
30410080
39395299
18130714
30363024
30348190
30367087
30358538
30358136
30414173
30445173
30339507
30364071
30392805
25168472
30218002
30156200
30320744
30384089
30215991
30261406
30206693
30199059
30217675
26549439
30189209
30381450
30234202
30280426
30230134
30506426
30349013
30248040
22630529
30240693
30218260
30195249
30706619
30261183
30401795
30253457
30231772
22948545
30243775
30222066
30230677
30220826
30249520
30206764
30220446
30217886
27894397
30189920
30223343
30294811
30223499
30212842
30331877
30217762
25471572
30176487
30210212
30215576
30386138
30293492
30170151
30202412
28904461
30231969
32215303
30381780
30240455
30264948
30285142
23155562
30189782
30162351
30230835
31061948
30189011
30158705
22522616
46173205
30242037
30391055
30309595
30327456
30271621
24376172
30307706
30374045
30327685
30297952
30336240
19776814
30285804
30320648
30450667
30272724
30274630
30290556
30325406
21998451
30274782
30267817
30390626
30327939
30317037
30267024
30385502
30403713
19103756
30253502
30219098
30268975
30261700
30265604
30228450
30299551
30278071
30257840
30405542
25179084
30269322
30299171
30322553
30299028
30213340
30240500
30255636
30288195
30280967
26564028
30274187
30297304
30290976
30301716
30419671
30545581
30263982
30268351
22681155
30315635
30274109
30249156
30248022
30266707
30338341
30249409
30230666
22765582
30252570
30254464
30260884
30297751
30284093
30284333
30241887
30316502
30345060
21734220
30319198
30258420
30527515
30253713
30292553
30238579
30401707
30290104
30285906
20748128
30281351
30330933
30276244
30229242
30286596
30285911
30239357
30307710
30209654
30339337
30256262
19424278
30285531
30329820
30275056
30288062
30294291
30286773
30235673
30266304
30242642
30347900
30253586
24664586
30249794
30272060
30265920
30265624
30258476
30424055
30236973
30232668
30288738
30296118
23373271
30250013
30277929
30416681
30321517
30309631
30259820
30266747
30337562
30236846
30254562
30215218
30204544
30284282
30290625
30270650
30298986
30244644
30270473
30212158
30280755
29941561
30285437
30298946
31440119
30250316
30223129
30316244
30307757
30256295
22739002
30216864
30471306
30250642
30291336
30253128
30242493
30228782
30381349
21727559
30368143
30255275
30418552
30331082
30322091
30230033
30290093
30269622
24517374
30305019
30258057
30269453
30305455
30290539
30275931
30307766
21878527
46406800
30381324
30383617
30376651
30339348
30505042
30466987
22701589
30389731
30375239
30371256
30530775
30443449
30400228
30387833
27698021
30424407
30375418
30401951
30369289
30440532
30392146
24982144
30537735
30384737
30470619
30388137
30404048
30365215
26201176
30386095
30383982
30376229
30390677
30371515
20962294
30435939
30396375
30366703
30397997
30380044
30556137
29090458
30338506
30335636
30421588
30415895
30403028
29091683
30429213
30372374
30424687
30386249
20305757
30218028
30422463
30255628
30272502
30269011
40395149
30402237
30369570
30344268
30359484
22978264
30390426
30369758
30387566
30559955
22941098
30398080
30362807
30396228
30382905
24907668
30344447
30341115
30421675
19854660
30553181
30404967
30402018
30421406
30546729
23803459
32369263
30407735
30366828
30406084
21837919
30405136
30411544
30371071
30436450
21369523
30624220
30446130
30382719
30384388
22924685
30369361
30426483
30429026
30353399
26515013
30306727
30279947
30878138
22316958
30272991
30285469
30319299
20090482
30234854
30281509
30222748
30260969
20163124
46432976
30399863
30527853
30356642
30398563
30393133
30172169
30365089
30378551
30494893
30434409
30434713
30380460
25234174
30381855
30391088
30358669
30383175
30404918
30380369
30383682
30522115
28643356
30402649
30405079
30531627
30405633
31031321
30438886
30392213
30425539
30447485
26742044
30371471
30401971
31240469
30410722
30354533
30373061
30333979
30491429
20509850
30625182
30401388
30439787
30391189
30390047
30417431
41316471
30455324
18306302
30595217
30419880
30384833
30385153
30386259
30376443
30379515
31198953
21423349
30356799
30416242
30392407
30398324
30399795
30338459
30396789
30471768
28893283
30431789
30484220
30503801
30584595
30459027
30484329
30494029
29424129
30574003
30453716
30461552
30472006
30472919
30402977
21921244
30481284
30508895
30490036
30517673
30485862
30431510
19360106
30529869
30543930
30557305
30551133
30533980
30561940
20169395
30532841
30499871
30531388
30567411
30483814
30793286
23648039
30521506
30543678
30456933
30648442
30565511
20953901
30482781
30497836
30641868
30572582
30561116
20409561
30493831
30498564
30527031
30595586
30663399
22500555
30516444
30495066
30559111
30518832
30529682
27551420
30518760
30533203
30486377
30484011
24174263
30666924
30573826
30561741
30538726
23724962
30431949
30429800
30400849
30430162
30439442
23185149
30485834
30573010
30750210
30436962
30497728
30474117
20811652
30421895
30722303
30432882
30415784
30417649
30425428
30436457
30396146
23257069
30417957
30438722
30423970
30437995
30429428
30368830
30468905
30628391
20590741
30391098
30425317
30433052
30427593
30629233
30438846
30473559
30466366
30534266
29170754
40741182
30437531
30687029
30430762
30401314
30427788
30476672
19274395
30446969
30423957
30440704
30480755
30438562
30422747
31032697
30429544
24566071
30441602
30537837
30394083
30424220
30480348
30433877
30416085
23964941
30379699
30590947
30429740
30481018
30430657
30455097
30425911
30450133
30442895
28672378
30389451
30354402
30366395
30422064
30466042
30412509
30454664
30548415
25306189
30475680
30416249
30424459
30434273
30420044
30468413
30435882
30423353
28275014
30468367
30440246
30583371
30444518
30477560
30553915
30403903
23445938
30432367
30428988
30559724
30493918
30539886
30434922
30459075
23441030
30437886
30425297
30572800
30425251
30386384
30408735
30427925
27094897
30397649
30397382
30412168
30432124
30510984
30440418
23801903
30394513
30464551
30411833
30540226
30434135
30516702
24214893
30410126
30500099
30438293
30451768
30451677
30472520
29350474
30594320
30459651
30488237
32454725
30445817
30430364
30427367
29736469
30400709
30453766
30418882
30431291
30448108
30470730
21909111
30423433
30392768
30422358
30454011
30453726
30394298
30586326
30456066
20667318
30455664
30491649
30423136
30502519
30471180
30572730
30460344
30373742
30424441
18301998
30436927
30468184
30416618
30452945
30427615
30413257
30418177
30415558
30475487
30378784
19268782
30399020
30434369
30453149
30618841
30577998
30561993
30508034
31277101
30448500
30438811
25178465
30490400
30416616
30414882
30462000
30450784
30446520
30579534
30450235
30575855
25251985
30435651
30370893
30406362
30437960
30478208
30460204
30460593
30437575
20557381
30575516
30448275
30446064
30439295
30446471
30422007
30430767
30415591
19997637
30418280
30435042
30540286
30525833
30609144
30478193
30470388
30424065
23455653
30315564
30436033
30365207
30378357
30350031
30589085
30310848
21443161
30337275
30338839
30262335
30224549
30317989
30488850
30285013
22746085
30315767
30262342
30260760
30278896
30304811
30320022
30292411
28725834
30290615
30320985
30389470
30283368
30324971
30299968
25872919
30349602
30283442
30311220
30299904
30348370
30260544
28589952
30295257
30205178
30189130
30336700
30251099
22133205
30200916
30278198
30210931
30253666
30267657
30415518
30193371
23475941
30249969
30178717
30266144
30118127
30238424
30454195
18820352
30237931
30270339
30232174
30254598
30276979
31250997
30232168
28492821
30243010
30265245
30213481
30227019
30187882
19459224
30353942
30273224
30269875
30241972
30246366
30212838
23802026
31164916
30250429
30242067
30257882
30273393
21790447
30297256
30263211
30248935
30386864
30229411
30221719
30223754
27692859
30182816
30269898
31224470
30200584
30252453
30235700
25784664
30230379
30222028
30240244
30177781
30321433
30190311
29044781
30213813
30197338
30207705
30236177
30260120
23521804
32150052
30300982
30287631
30279946
30318345
20899532
30283259
30419588
30284712
30275204
30292526
30285266
30217538
26059867
30303650
30249081
30349839
30275873
30242380
30211811
24682665
30256433
30242807
30259660
30291224
30291228
30313838
27170280
30316077
30261776
30285413
30279522
30256117
22753675
30277565
30261084
30286300
30263813
30344886
20075316
30248186
30303458
30213128
30273096
30268038
30303351
30445968
25674753
30256418
30228358
30255330
30874533
30295631
30274197
24218830
30303109
30298717
30247146
30267604
30272795
30278013
30225118
19053376
30306804
30269628
30239980
30253824
30286638
30296717
30254888
30393773
20401353
30230748
30246285
30280597
30304894
30209688
30263598
30432682
30321760
30251999
30877950
29518129
30279729
30292366
30270586
30287517
30275510
30236469
30276300
30306900
20493868
30399684
30231650
30344330
30311144
30389155
30442248
30315526
30297566
30297838
19814820
30276640
30283068
30327822
30206762
30228087
30330777
30297953
30327522
30312575
24005925
30232069
30295860
30256687
30229780
30314655
30271842
30226835
30948789
21716499
30394473
30338946
30330529
30282724
30300912
30301719
30296411
30266610
30479526
22362555
30285407
30254994
30276520
30308722
30279140
31267235
30286035
30306681
30234004
28713070
30245213
30298487
30293182
30283075
30296111
30277757
30302749
30266068
27755711
30296371
30249639
30252514
30268660
30260714
30249571
30249940
21252285
30368107
30273642
30272764
30330558
30283175
30308489
30409453
18458156
46414413
30336264
30372164
30462773
30420823
30332675
30382555
20679709
30327212
30522224
30414310
30414795
30537524
30395591
30449446
25532838
30371063
30353042
30411889
30334115
30341886
30314640
23721148
30436297
30400759
30425762
30427620
30404489
40165809
25847763
30377804
30350224
30411080
30429023
31029944
20443730
30389364
30386308
30524913
31007294
30373216
30371920
29806343
30359460
30396553
30488396
30471004
19113197
30408596
30414258
30390389
30553424
30373124
21765767
30449398
30442504
30457875
30443421
30455738
28119155
30496120
30465242
30471193
30495093
25854810
30439732
30457798
31047164
30414108
25727834
30477197
30468781
30449773
30475224
29610546
30401706
30475290
30440237
23190801
30447944
30396679
30580469
18376942
30500581
30552437
30520452
30608004
30539546
26627130
30559209
30701742
30538006
30542768
30489926
23585128
30394659
30410416
30446373
30459894
30454111
30421766
30578241
29851030
30403155
30453223
30409810
30439710
30399584
30398626
26249188
30431335
30473530
30460426
30472274
30535193
30452992
28450690
30414964
30461915
30420790
30432342
30460636
21712821
30431477
30415775
30405221
30420868
30538581
18889899
46381326
30406410
30375844
30353032
30371011
19742575
46277439
30298982
30379631
30314280
30295713
30273438
30328037
27695806
30348278
30338211
30313020
30265240
30285415
17852952
30272422
30201911
30292793
30442653
30357397
30294069
30317687
30300718
26023827
30278666
30317231
30289999
30281895
30303166
30332060
30327986
30285742
44419056
30565844
30484626
30555835
30642495
30487017
30478324
30505759
23080464
30620525
30511777
30527080
30519558
30470586
30485797
30585790
22350635
30541753
30503753
30528964
30665908
30542049
30543413
30491449
25488280
30521273
30511233
30488777
30512044
30539197
30522754
22015463
30508395
30510889
30537513
30543106
30538819
30609075
22053567
30500100
30483824
30668315
30496026
30516300
30489967
24822423
30577782
30562537
30518806
30557227
30511722
30458949
30507819
24526305
30667490
30497419
30582540
31267559
30543049
30577417
30534587
29251247
30458625
30540957
30438617
30501225
30435765
30404688
24491868
30455122
30715747
30512244
30485397
30480733
30443133
24641112
30525697
30531273
30580439
30446405
30456817
30485749
29437212
30483513
30466073
30610282
30688609
30442953
23881437
30461735
30524924
30504500
30430657
30464692
23096997
30426628
30469169
30433751
30470190
30422246
24844852
30421711
30404070
30437267
30507361
30437415
30399373
25061316
30433156
30479503
32449101
30469797
30416380
30426893
30446380
21245099
30428087
30594039
30563704
30459271
30459438
30446035
30433106
30580693
22838774
30463108
30440313
30371140
30436482
30454771
39798937
30440635
30403497
24198257
30557032
30419489
30505853
30462955
31295722
30425382
30407015
30440184
30473742
30565153
29856253
30477622
31134035
30478426
30480175
30415138
30435813
30395109
30587540
30467673
27019623
30395634
30404153
30406464
30415413
30540498
30424355
30381578
30450641
20892903
30397015
30470321
30414995
30523827
30422800
30422340
30445753
30455563
30416616
30304311
30456480
30581687
30462254
30663831
30525565
30428664
30557954
20910863
30434589
30437404
30418204
30480131
30462304
31376238
30445938
30463053
26857704
30424812
30451460
30608702
30422105
30399324
30431911
30391864
27036970
30415335
30472095
30448715
30478910
30430404
30455243
20961279
30431500
30554429
30529995
30466293
30439384
30440361
30441800
29326494
30614240
30432473
30530811
30409006
30379554
30464773
30071622
30503310
31059527
30398538
30373005
30364204
21966834
30475430
30448438
30425873
30433413
30483817
30442928
30412660
30462242
30421853
30503815
30456857
30445982
29344174
30406080
30421573
30573775
30446484
20285728
30435955
30498917
30700146
30451918
30508246
24315957
30508995
30480375
30463264
30457014
21775511
30439311
30435253
30428090
30374811
30453775
30413717
29799760
30440593
30417158
30440382
30418554
30444189
28167921
30456008
30482427
30525426
30472990
19300424
30377109
30489757
30484856
30413042
30421471
23662317
30430786
30407290
30405478
30473360
30444208
30512633
27898341
30443687
30437846
30428742
30460911
30519383
23565802
30474967
30445184
30475736
30484184
30582371
30585881
30560962
28034363
30420149
30447971
30479355
30448664
30489562
30420286
24151764
30399051
30470073
30424869
30418173
30423857
30435254
24773052
30439361
30502320
35922199
30479120
30452725
30458571
30457964
21403889
30466184
30425478
30408695
30510073
30402477
30435584
30526797
30470127
22510187
30339680
30388264
32238521
30381600
30399452
30357977
30329215
30333255
23707033
30357105
30343393
30375153
30413891
30386047
30399364
30355260
18803940
30394115
30556153
30394680
30456326
30525371
30486691
30374973
30443612
29631144
30357682
30382961
30371609
30380922
30380418
30437276
20950185
30346279
30502589
30339600
30353805
30321064
30311680
30398619
27497361
30408058
30426479
30383257
30420945
30361004
30369269
26755351
30307958
30361915
30372297
30353665
30327717
19666789
30342016
30696908
30377531
30403018
30357691
30352726
25265003
30373302
30346009
30530363
30357839
30376692
23900157
32380036
30374733
30370786
30365522
30355678
25514336
30346746
30408662
30361103
30756959
19825479
30407238
30404849
30369624
30355960
30394084
30325920
22537798
30410267
30395167
30375113
30322015
30559862
30357306
29782531
30378835
30447840
30352558
30378002
30354731
26858871
30320407
30371855
30418727
30341895
30497848
29868958
30424084
30327162
30420000
30389237
22402368
30313517
30337382
30353251
30468615
30403182
30383133
24743763
30356438
30362287
30349324
30387733
30394213
20907885
30366771
30323462
30351400
30337901
30354202
30359526
30379991
23384844
30343226
30406712
30393147
30393312
30367740
30451730
30353836
30361584
21365887
30386078
30387479
30365746
30549399
30441371
30407633
30430144
30436656
30370890
26784077
30393308
30463437
30975623
30382051
30317035
30341628
30389900
30346175
26817797
30408344
30293917
30367732
30356517
30313553
30518955
30398373
21169406
30348411
30340744
30354729
30347915
30416958
30359933
30409129
30343527
30331059
30397435
29488278
30436509
30381827
30503344
30387842
30382806
30356575
30357658
30364984
19983110
30334902
30312600
30359120
30336024
30332649
30306071
30349168
30406485
30281237
26080713
30375051
30395849
30361980
30326428
31519438
30425517
30966113
30401390
26697655
30342927
30405815
30243193
30292382
30285541
30301839
30291793
21336792
30277601
30346652
30273424
30316291
30277560
30290884
30262199
20006506
30291724
30277599
30199768
30286647
30278810
30303119
30410657
22401643
46402776
30342409
30513477
30336420
30359715
30388610
30368509
30011563
30351296
30313947
30374658
30350739
30400883
30355559
28709308
30294066
30240364
30353613
30446175
30317618
20439602
30300173
30229051
30348459
30256524
30248765
30268978
25472027
31285706
30302260
30335793
30306957
30355588
23803945
30248878
30258888
30272206
30268355
30212347
24853162
30222386
30228195
30224537
30235644
18309210
30206691
30188292
30220717
30199824
30235453
24732354
46364726
30269411
30291184
30333417
23418424
30397291
30272593
30301706
30254273
23894196
30256554
30297197
30302366
30235731
27429217
32057583
30348806
30296777
21989109
30237382
30297527
30284775
18486727
30272658
30242779
30245711
30305943
30241351
27302878
30279380
30341710
30361157
30293622
30271829
24670411
30280462
30221300
30253531
31079083
30245300
30281225
20542092
30256399
30262397
30251347
30448506
30206869
30246934
30251517
30272416
21246405
30239606
30294971
30382096
30275357
30276800
30280219
30285575
30238846
30271862
28845054
30241653
30266082
30275304
30288497
30277793
30250956
30269796
18451222
30367760
30252980
30268528
30274238
30286562
30246886
30306289
30270393
23782385
35739823
30274208
30274056
30252244
30326818
30294049
30258971
23127826
30277668
30309284
30310696
30323791
30286091
30352579
30292982
25957042
30254802
30266751
30281582
30243922
30283940
30306729
22280838
30345264
30307309
30327563
30404226
30362108
30428457
30284075
30258547
23741972
30212553
30352997
30335098
30353902
30276649
30274545
30265588
19439262
30255069
30256510
30269327
30252179
30382546
30245233
30278476
19087103
30271299
30302765
30330066
30296840
30326731
30237340
30284671
23274742
30249512
30259677
30267924
30307669
30328747
30307519
18653323
30262475
30352897
30287938
30288145
30293346
30289822
18840281
30238553
30240373
30294398
30241985
30311700
30435205
30263968
30241873
24821105
30237980
30306264
30283968
30411055
30243525
30231167
30244051
20132861
30301402
30278572
30290724
30294673
30313154
30266718
30420246
30343449
30259851
19133376
30398077
30256104
30293004
30458313
30284817
30277733
30276807
30299509
30308098
23640670
30223105
30307384
30297871
30263286
30281402
30270793
30391666
30263882
21304984
30286544
30229842
30319066
30444573
30263278
30283377
30243333
30289309
23428126
30308985
30304573
30274638
30304511
30456826
30241188
30295673
20381379
30254889
30234077
30252687
30237898
30331303
30274549
30319385
20674732
30258951
30281875
30286262
30315155
30267505
30271878
30354876
24432525
33909306
33866998
33907529
33972882
34092825
33955224
22229627
30302571
33916162
33927163
34007924
30248262
30410075
22780622
30300449
30219660
30269010
30316899
30247591
30345148
26576988
30237940
30248377
30295344
30270606
30326731
23327236
30295012
30427199
30323130
30250449
30316766
23033130
30280650
30326135
30272734
30281216
30241931
30265779
20741325
30209289
30280282
30235224
30273241
30416159
30266931
30284533
30318946
23437502
30267189
30342335
30549644
30384784
30291111
30307874
30313868
30261938
21252210
30240155
30301089
30279017
30271474
30249928
30300568
30452224
30314664
30284778
30210480
30671755
30219509
30304622
30225622
30252900
30313297
30278753
20171968
30294915
30354541
30305315
30304392
30299984
30317215
30217126
30299940
30402297
30288419
23817347
30288247
30289886
30279997
30299384
30239429
30242375
30200958
30899786
30314973
30240000
24123670
30324507
30308889
30282310
30420731
30246740
30282337
30322368
30308647
30242661
20390750
30237729
30368509
30274386
30320051
30257521
30295411
30358490
30280557
30292066
20270634
30245133
30286026
30247704
30239895
30282959
30336271
30421636
30282347
30292317
24809547
30259295
30263542
30288713
30277615
30250669
30221647
30226265
30256133
24028935
30347765
30300001
30290330
30342335
30315375
30247510
30264410
30295235
29177727
30300442
30392546
30264750
30270587
30277618
30258811
30290833
25084338
30264686
30229013
30351699
30286039
30429375
30290295
30255315
26342071
30273364
30891039
30259186
30322340
30273004
31161964
21386268
30243951
30288981
30263217
30275629
30253889
30342996
19634843
30327160
30255489
30261524
30316742
30236420
30255537
21172400
30258149
30316831
30294924
30326557
30255238
30329342
25341867
30220751
30276867
30371923
30250672
30291600
22937805
30234002
30269544
30311545
30300736
30319295
23172315
30287015
30385284
30216433
30240411
30308726
30308873
21462101
30323295
30297221
30311793
30265806
30258918
30311866
22853704
30409080
30310338
30299111
30418385
30289187
30321724
28740987
30279445
30273622
30297658
30287160
30302451
25086542
30267075
30322975
30257686
30274475
30268789
25532547
30294582
30300133
30263753
30280495
30272373
30227069
30378512
30277244
30252118
37531657
23549011
30246972
30328748
30280518
30279295
21741509
30302821
30283742
30213522
30282102
30314529
19101948
30257949
30291622
30442860
#end
