#729a2951|blade-3-m620|jdom@54ed0cc8b7e8deffd5e088305ca7723dc0bd963c:org.jdom2.Verifier#checkCharacterData(String)[generators@bcfe6d43107430b2604e2e34b9151742941652e0:cz.cuni.mff.spl.casestudy.generators.ParseFileGenerator('MQ==')]()
#date=May 17, 2015 9:55:52 AM
#warmup=1
#count=3810
#begin
23800406
45161278
39649625
31088464
42320662
25793408
30349748
42240905
26533273
30550474
42269344
43125761
43687556
43726808
26041124
30469593
42283504
43092869
43670289
43680061
25511968
30448030
30329348
36517299
43697465
43713743
43791621
43564385
30511962
30396219
30381376
30366845
24538929
30422415
30348844
30383388
30339911
30367544
30395567
36989358
31267172
30409937
30377786
30359558
26746739
30726084
30465633
30440951
30489384
30474820
30507873
37009561
30439615
30425310
30548579
24036869
34420560
30388251
30417562
31440310
30437693
30379419
33078638
36465581
30394231
30675459
25101283
30488351
30388755
30372179
30434984
30357747
30418373
34268155
35228461
30418635
30358980
29401046
30414633
30441139
30396968
30367684
30357518
30446217
37722416
30344189
22725959
30395669
30422900
30414011
30446021
31757577
30409587
30688583
38301775
30371093
26157554
30386901
30368177
30361615
30404433
30364939
30438313
36966774
30369860
25346282
31060581
30593195
30486361
30460475
30388341
30412744
38036210
30540866
30384680
30408606
30575315
30386198
30395133
30452233
30437193
38208386
27165742
30433811
30452955
30425608
30396250
30380755
30418560
36613085
30137767
30377688
30413022
54468536
30436813
31280304
30424975
24989190
30616419
30390615
30396399
30409431
30385043
30403326
24746325
30391158
30383132
30455262
30418282
30414337
30428615
25442370
30435855
30443206
29309216
29150534
29137056
22239725
30426917
30302449
30300893
30281728
30287467
30366461
31290301
37705488
30231044
30083873
30363079
30295403
30292811
30273029
30355338
31191604
38191278
24098194
30354298
30327968
30302011
30377475
30282337
30401464
34004608
22152518
53580088
30342898
30360617
30329657
30305962
30380575
30478838
22446891
30312766
31367021
30362927
30309655
51319318
30324079
31926212
25184098
30322038
30320148
30352435
30311244
30309251
30370529
36948982
30584102
44964960
26885641
30440856
30331764
30307153
30321942
30268326
30305438
36508056
30272742
30280861
30237453
30320376
22211847
30279973
30321753
30334437
30495382
30381291
30310979
30742539
38692469
30383784
30235252
30292005
30287828
28792815
30324030
30335662
30351775
33162096
30346570
30296032
37038683
30318760
30303306
30267440
24282484
30390146
30331262
30345304
30369211
30336744
30313835
35124444
35188512
30325569
30289891
23961379
30368666
30312039
30356823
30350078
30348729
30345590
33759207
35672136
30433776
30956401
26830553
30412175
30329163
30328693
30352553
30322351
30327009
36452406
30325267
30286473
26642038
30395454
30331698
30365073
30348533
30309286
30387159
36710140
30306629
22955988
54523514
30383539
30372404
30323926
30346581
30301222
32744558
36745872
22586121
30333458
30289081
30333687
30327536
30420431
30371402
30959523
37998482
24304474
30325224
30309453
30392353
30338933
30332620
32751989
35175210
22853315
30346902
30973659
30349909
30291662
30324702
30339701
31019801
22301954
30336124
30364330
30513702
30326131
30447366
30372190
32992793
37160962
30249728
23085577
31078126
30334404
30379273
30365773
30293520
30453604
33346069
35957170
30289603
30270307
30310385
23078322
30491477
30278864
30375177
30296698
30339308
30479867
32447262
38378866
30271127
30321386
30368835
31972523
43688114
25643665
30969363
30487173
30334842
30284358
30285793
30358931
37060145
30241851
30237118
30319169
30308966
37172986
26547500
30323826
30456267
30326462
30302206
30330251
30295604
36641896
30396311
30244860
30309715
30268686
24644107
30339022
30331593
30363247
30325600
30344739
30467860
35359881
33916882
30280156
30280529
30286284
36789012
35808853
30304004
30301593
30353829
30319529
30330013
36740284
30426313
30222804
30287877
30360433
38205839
24523107
30322271
30307547
30356806
30311807
30327681
30322733
35238001
33973593
30254015
30287875
30304789
35507269
26801648
30376328
30307695
30359575
30300909
30334705
30346646
36529043
30327140
30252419
30469138
30361572
26442336
30360427
30350819
30292556
30317635
30330797
30384891
36787111
30280487
30247385
30281339
22983199
46713206
30396013
30392765
30494010
30406965
30426683
32939230
36783602
30359229
30317122
23305857
30416361
30334156
30371838
30545961
30363711
30413495
33221129
36168218
30381022
30375806
30410053
32951400
22801377
30431973
30405992
30395478
30423073
30346176
30387351
32883000
36754706
30348011
30403295
30390013
32217634
43554029
29231514
30431043
30823708
30414993
30513304
30365695
30443459
37486033
30477211
30434516
30383435
30573928
23514905
30371120
30405598
30384533
30382111
30378744
30440672
33781538
35569159
30380586
30353040
30340575
23511792
30555717
30425266
30433886
30401933
30367909
30497362
33321927
36059339
30342738
30396246
30430653
26931007
30468376
30399633
30383298
30453268
30582669
30462439
36476213
30386635
30394926
30358764
27331568
30334553
30359550
30341007
30310986
30335222
30442842
36655527
30264644
30211488
24500342
30377577
43774140
30325839
30312733
30378406
30358525
35012628
34237621
30288573
24824571
30354102
30316935
30446619
30326588
30992013
30343486
35680289
33178780
30308924
29952980
30276693
30288695
31124948
30301422
30257193
30359624
38276648
30290953
29503806
30322767
30351483
30282258
30290938
30334858
30374978
37879629
23769795
30352411
30365997
30325300
30291533
30273811
30334348
34166751
23172960
30323749
30285660
30396780
30292944
30309980
30333400
31342754
23927479
30366222
30282393
30360171
30330382
30282013
30305355
33230616
26573493
30349180
30347029
30263813
30322711
30355762
30335251
25476511
30340199
30301184
30322360
30341911
30347811
31366006
26719035
30355747
30339482
30305686
30281537
30280961
30333448
36522723
25062965
30391047
30367987
30368422
30338970
30298165
30281261
36523269
31065575
30243160
26577521
30304068
30305529
30353608
30297403
30301551
30361035
37042598
30280087
30467426
30273598
30351480
28880614
30271100
30369195
30323340
30298746
30300837
30363187
37118302
30276231
30260588
30272082
25070723
30271710
30325270
30341569
30474186
30302653
30323184
36929300
30283957
30218507
30278953
28995387
30317431
30317407
31145002
35717602
30334481
30363137
37295123
30249708
30280636
25303451
30331135
30325140
30343009
30381784
30332336
30334581
36760581
30293330
30336244
28846692
30320390
30338717
30307065
30297391
30274484
30321437
37452518
30335493
24510030
30322026
30339044
30337403
30431735
30295559
30444979
36589202
30320593
27641877
30374732
30313369
30309785
30293089
30497170
30299029
35367563
21424263
30348222
30313773
30308862
30345744
30347711
30318906
32234383
21582419
30295284
30312207
29261965
30319985
30341139
30342527
31227917
23227348
30363200
30300533
30323337
30345133
30343331
30376193
20252723
30327321
30305519
30320923
30329526
30300777
30319874
19580474
30330044
30466300
30375170
30294689
30323620
30352182
30821442
36457645
24967536
30317035
30309468
31082501
30367776
30340811
30377822
35701936
30308920
30223789
23765381
30389270
30350797
30305185
31104997
30317433
30295973
35261427
31408874
30264146
30329542
23016551
46227083
30303749
30240987
30429469
30274551
30274088
30762661
36624116
30241385
30217944
23221242
30247976
30297875
30255133
30278935
30330982
30226434
31819436
36198412
30289984
30246127
27567833
30224919
30221213
30248549
36988985
30262205
30213468
35291164
30168760
30248684
29921969
30230724
30311510
30253462
30209621
34004302
30260806
36042003
30181705
25024627
30257851
30476158
30188598
30244504
30270865
46066471
35348299
31465474
24981028
30258413
30269743
30262100
30247213
30269284
30338362
35148702
31487168
29614203
30267146
30264693
30238035
30232317
30312257
30280644
35029439
25958380
30264447
30273744
30498639
30282564
30255808
30269931
32783378
29501432
30535782
30243568
30262991
30212707
30413771
30263820
23273859
30267684
30254247
30280122
30306356
30273667
30285345
22771829
30250569
30261478
30282358
30313587
30262324
30309462
23907394
30294471
30438747
30280999
30264492
30254348
19082962
30203602
30247153
30290697
30260573
30255086
30244731
27102832
30292292
30250288
28925992
28989473
28971501
28982267
23804650
30276929
30260308
30252880
30277385
30271615
30248724
31123374
34435415
23394415
30249191
30262511
30266102
30304299
30239496
30275662
32094401
32970382
30289084
30373048
25870240
30293453
30273737
30277946
30291095
30256791
30246664
33029980
32014852
30242626
23616486
30322667
30260373
30254644
30255233
30243366
30222405
32842487
31748003
30289524
25950391
40867398
30278699
30294815
30254493
30270349
30310133
32859071
30271863
23135182
30267355
30221767
30248293
30403509
30246482
30286748
32014959
33199276
38799292
30542044
30429268
30634071
30503635
30454156
30493717
33580743
20046235
46448253
30446946
30405390
30433533
30445611
30407044
30389559
22564669
30537240
30448008
30431301
30395530
30404139
30436770
30413981
21801325
30472309
30469990
30436838
30418940
30380491
30463750
30451564
30062239
30537322
30456490
30430989
30395967
30408619
30451417
29533460
30452786
30357524
30320589
30304642
30329222
21171023
30328806
30286216
30362395
30284180
30322297
30290760
26863937
30446255
30365979
30312054
30322230
30297693
25633379
30367020
30349970
30357433
30312169
30290656
27126436
30387472
30302417
30309655
30341962
21027836
30343720
30321933
31120624
30285678
30296282
28804639
30438227
30343515
30328010
30257571
26328580
30446410
30320178
31204505
30504206
28582646
30297915
30328508
30301690
21241045
31319542
30392428
30427688
30388918
25956624
30470101
30461320
30455546
23539637
30531168
30435838
30401804
21799701
30378856
30452725
30411062
30424156
22783133
30383446
30375649
30393915
30483867
30437428
23446957
30435056
30559917
30434455
30504575
30365353
30364824
22493102
30420477
30460662
30414140
30440751
30531740
30399000
30331400
30377860
28014199
30622087
30411531
30407488
30384928
30417318
30382113
30561035
26624285
30398420
30413749
30402846
30408435
30396804
30352575
30444577
30428493
21248642
30408480
30399240
30385113
30429418
30398602
30445433
30437919
31053481
30555011
27344913
30440306
30444657
30437127
30411530
30437887
30422004
30402012
30332164
28845807
32217704
34348384
30288116
30315409
30321633
30350416
30345389
22964373
30306598
30295458
30540573
30337975
30362167
30386223
30353845
30436248
29378059
30238382
30274369
30216216
30240128
30402093
30257169
22055309
30305217
30604201
30320488
30346871
30333277
30373169
30315731
25330349
30377040
30329764
30487044
30335190
30304452
30326998
25326390
30320910
30334525
30322900
30308075
30322789
30345795
30302980
30318211
28160910
30316524
30337268
30304148
30358266
30339282
30291726
30317417
28200048
32351738
30423018
30510108
30379669
30369390
41975935
30408986
28204179
30424240
30377026
30362975
30384513
30449663
30400757
25044920
30387701
30451012
30459799
30406331
30390238
30356159
24603702
30473477
30482393
30381020
30397007
31059205
30543237
25916778
30423442
30425601
31027081
30358158
30384831
30386402
30278793
30441496
30480708
30420680
30428393
30379266
27070934
30487373
30373199
30428242
30376956
30540340
27759583
30420548
30410346
30495354
30891841
22849046
30407849
30381170
30395853
30343422
30387466
26892013
30596593
30403305
30392771
30383019
25484076
30494261
30444393
30403826
30404153
25986864
30557930
30429789
30402317
30379440
28986928
30486717
30485466
30454592
30575647
22941342
30494612
30495317
30515606
30906505
30475270
30442475
24204448
30505924
30447639
30462389
30450001
30494339
30504340
30525150
23430737
30469571
30514609
30475770
30455040
30512117
30458450
30501511
30537172
30456215
24212659
30487546
30515113
30505542
30512369
30545238
30539588
30461917
30499893
30463509
30030806
30664990
30528063
30559993
30477009
30467387
30637158
30789848
30503082
22597597
31451219
30542278
30531904
30520724
30531018
30559842
30560880
30582923
30585320
35068284
43554434
28286434
30564713
30596657
30554806
30555149
30647486
30555697
30523599
30502721
32445274
24349357
30567706
30607886
30632183
30549999
30566333
30554575
30556878
30599236
30498640
35563446
29562329
30565586
30522797
30550269
30524164
30578512
30532045
30553941
30476796
23810201
30674670
30517642
30573024
30506342
30527628
31169765
30632424
30545951
30699606
29112643
30574558
30557496
30564159
30709362
30573548
30563544
30607279
23223711
30588569
30613500
30556651
30546668
30522078
30524155
30575171
30569280
25223547
30596109
30593705
30673139
30545460
30521633
30564660
30537286
26437599
32430874
30428262
30482694
30453473
31083742
30414495
30495104
27260197
30449594
30478571
30507770
30463573
30498957
30494640
25241685
30628729
30510279
30495966
30552555
30484317
31256814
25473351
30514039
30624046
30439842
30480364
30478864
30600002
26752516
30457246
30511206
30435611
30501467
30526399
24997985
30476424
30484287
30478337
30508479
30479705
24789623
30489899
30462275
30470436
30473064
30445193
25791925
30486788
30446037
30479973
30482311
30512675
27508616
30544126
30525166
30469553
30528193
24767372
30486900
30537079
31101226
30526058
25160336
30552093
30470880
30531322
30523129
24633936
30523606
30622419
30498739
30481197
27492695
30489968
30503611
30526016
23745119
30481693
30431726
30481604
21339809
30471601
30500849
30448777
30461767
29555035
30437008
30624724
20864559
30438284
30503908
30857457
30515146
21417909
30531746
30592707
30419433
30469835
30586716
24713727
30605104
30525655
30592276
30505584
30567264
30534878
26962215
30576788
30578508
30532585
30551976
30535824
30546166
30583841
25294398
30599811
30522186
30506699
30528755
30485337
30516019
30563623
30528623
21877742
30658004
30567888
30942384
30509008
30509800
30522682
30500845
30562866
30555515
30351787
30487400
30466949
30480841
30452314
30492807
30464613
30512768
21943466
30635068
30465022
30463649
30483493
30486420
30663728
30453576
30486695
30416122
35752008
24113228
30469626
30455479
30479413
30458277
30465431
30442642
31142739
30660654
30511862
38884374
23919463
31440525
38585217
30572015
30537733
30530433
30609757
30548504
30555422
30557735
38528917
27381700
30572052
30562373
30548726
30558513
30506529
30681811
30572532
30500306
33167240
27225418
30528535
30559066
30521695
30549261
30494479
30504558
30622049
30532682
23085224
30549090
30489289
30567973
30596998
30538966
30560051
30559268
30583341
22128629
31582345
30556428
30529592
30683866
30544414
30539844
30656346
30529676
24435604
30578577
30579598
30569154
30550277
30580164
30517627
30562297
30581370
30496246
39142867
29835582
32742780
30255380
30265528
30387777
30257111
30229673
30285946
30210938
21106624
30266946
30245166
30264393
30283589
30213653
30248661
30261846
30279037
30219307
24706176
30277160
30278355
30236035
30292126
30237313
30213322
30213076
30255057
24583361
30279559
30360833
30262477
30288185
30265951
30277726
30251593
30245093
30266582
21572088
30273736
30241816
30268649
30264084
30263722
30298202
30279517
30254215
30236814
24746597
30851515
30234708
30207406
30277920
30275631
30250559
30304702
30320617
30215632
25447864
30263917
30240493
30389301
30255007
30263649
30250594
30270686
30207831
25206211
46344816
30303342
30280067
30293460
30336782
30325679
30293606
30345302
29656100
30303786
30466163
30289871
30305659
30414970
30359964
30458740
26367173
30306629
30356913
30308115
30310153
30291464
30332220
30367175
27952043
30383067
30323362
30361089
30304309
30347719
30329491
24274531
30334462
30458968
30309304
30347033
30352433
30366362
23029255
30374208
30379001
30359884
30321366
30350902
30303906
30360199
30339133
25711389
30347196
30341073
30321584
30453506
30330657
30316420
30366880
24652332
30421307
30405900
30400480
30465468
30589484
30409013
30359262
25714245
30432157
30398022
30439869
30376843
30460933
30409889
21334505
30461266
30371311
30393827
30488329
30422786
30453498
22742586
30425684
30447584
30443304
30409721
30368155
30430960
30404629
30435938
23571951
30484355
30400756
30412317
30433226
30376463
30490098
30422697
30452015
21661307
30412761
30397359
30412849
30391328
30621635
30381124
30428788
30420007
30417056
34687793
27121766
30767361
30446362
30379269
30416553
30392706
30446645
30438855
30364844
22484493
30475188
30446734
30425420
30558775
30475017
30459509
30378228
30414076
30553373
26389587
30411291
31165159
30430917
30434418
30443671
30456281
30428291
30435295
27359612
30417298
30414791
30424862
30385122
30404260
30392882
30411462
24816043
30500364
30395749
30392040
30444271
30444437
30382973
30422497
23246602
30377526
30373245
29154244
29099643
29135647
29129036
29158627
29144169
29144619
25251667
30503480
30404730
30395866
30420944
30406889
30505558
30359222
30353362
24251432
30398424
30411464
30389361
30367331
30540495
30408998
30389498
30393269
23519293
30558313
30358983
30394786
31001884
30400997
30376482
30402873
22054179
30394598
30423187
30395530
30434784
30439573
30433927
31294810
30428288
30046498
30406457
30403476
30405615
30411009
30377495
30447845
21684642
30448562
30423881
30405616
30423666
30441095
30430670
30421762
30060037
30452340
30426633
30412473
30546544
30419142
30454949
30155524
30551755
30450379
30445860
30393217
30472835
21733425
30520897
30444724
30479530
30477433
31443130
30520162
29311967
30448750
30619474
30467002
30471029
30512820
26952095
30599493
30463610
30496437
30476720
19020663
30623397
30524011
30517868
30490197
30464604
23491662
30513422
30483293
30525146
30494069
30508970
31073839
26261920
30619841
30489011
30473418
30485911
30500337
22482348
30503175
30488408
30467428
30517457
30486782
22102124
30518323
30478375
30545422
29221222
29231260
22767949
29288540
29206309
29280556
29262503
29241253
29298238
23028089
30503959
30486169
30481962
30549063
30525669
30477233
30636975
19165196
30493971
30649621
30478591
30439501
30426913
30522166
30653486
30523093
25981600
30486884
30490315
30474307
30494747
30467026
30451399
30510199
30468431
43048803
25338666
30528240
30505038
30477518
30501377
30505232
30532032
30487133
30469037
41575213
30080744
46415673
30400188
30451395
30355573
30539514
30506922
30365204
34054771
27227221
30495409
30457778
30396768
30387276
30540319
30349276
30375855
24363448
30423137
30430971
30372382
30427639
30403787
31040074
30404764
30424296
26600195
30469297
30390403
30407549
30530844
30400765
30397942
30468556
26922182
30445865
30441727
31071365
30406615
30387344
30422787
22849420
31003135
30329657
30433352
30363657
30388586
30335224
30376897
29582640
30407662
30393026
30404485
30346041
30433455
21422439
30535419
30374004
30486206
30457573
31661458
30584391
24341832
30534042
30422802
30424273
30431120
30434027
30368090
30388953
24726063
30449643
30383053
30362824
30406859
30329237
30351771
30541222
30455282
23177682
30364564
30428700
30401077
30393837
30433431
30506048
30427585
30459933
36517454
26280196
30463250
30407710
30395673
30373696
30353675
30447980
30394862
30379533
23248261
30389817
30436670
30451228
30402247
30423083
30416326
30402842
30433931
22828626
30402673
30450158
30425346
30541342
30368151
30395159
30437173
30453499
35442524
43805115
23091735
30342054
30401051
30384737
30383071
30418090
30394855
30388928
30429546
36387563
43758785
27147330
30426395
30419593
30384479
30538529
30368345
30685108
30416353
41243171
43782949
28954316
30375322
30388108
30431389
30407900
30393713
30382842
30451015
33243063
24904554
30410411
30414460
30382426
30436030
30385446
30400889
30380651
42201987
24843988
30401558
31008074
30399743
30409253
30440697
30380868
30389633
30497811
27731257
30408771
30445664
30387066
30434680
30451667
30463275
30415573
25891918
30561033
30436575
30421720
30422376
30411737
30462935
30453131
27353214
30398664
30430793
30394708
30386118
30427577
30396315
24031288
30372179
30407322
29091018
29169087
30442615
30410275
23324238
30422698
30518508
30397793
30412228
30417564
30390966
24636923
30443486
30377300
30391559
30444799
30398590
30447482
29323538
30635073
30462696
30399906
30415127
30394433
26421495
30427004
31013208
30386024
30392735
30426791
26889499
30384795
30412829
30400193
30556078
22415545
30381669
30383635
30434937
30370462
30384135
26150753
30539878
30460862
30445344
30424543
24787779
30523775
30415928
30361275
30402306
25024327
30375331
30461602
30395170
30524344
26912844
30420290
30388016
30379810
30388122
22268280
30386889
30421550
30407217
30363526
30389144
30393313
23104975
30418224
30390735
30391628
30427776
30439151
30373702
30385698
22012542
30469829
30358273
30386690
30372980
30401218
30433043
31059835
30545057
30336687
24546392
30405066
30524104
30354886
30411992
30382582
30421275
30514936
31043063
30371460
22943426
30453084
30446628
30427086
30452689
30408838
30369915
30430047
30373788
30361221
24252972
30565235
30506476
30591375
30469272
30446957
30437319
30509921
30509942
30527704
27034415
30625057
30481970
30494090
30490596
30416199
30648540
30497237
30453613
26692815
30569506
30622285
30509510
30465924
30644499
30477779
30498755
22957208
30507331
31051805
30459282
30464900
30601637
42437235
30435162
30475534
28226281
30433019
30449380
30523647
30506016
30475026
30450457
21462312
31450250
30594306
30609639
30611424
30617838
30591122
30712029
24983395
30558210
30558078
30583499
30570387
30515775
30518272
23940404
30537082
30556599
30567468
30552559
30583546
30588640
24930170
30774686
30507316
30489251
30438002
30490813
30473224
30016938
30450347
30512806
30512688
30483112
30459344
26707120
30541499
30503758
31399474
30452417
30485980
26886038
30513326
30678355
30533911
30482538
22374418
30440301
30524660
30553460
30514967
30505489
25731554
30592057
30511768
30501524
30444642
24707581
30502895
30457495
30434699
30510819
24723747
46763470
30535561
30530886
30545928
30540808
24803707
30562528
30558221
30526465
30549151
30695371
30558910
23803744
30644682
30525027
30570648
30559231
30496379
30504339
30536435
30587300
26160519
30582816
30565960
30492404
30559920
30511995
30575751
30712528
30502769
30535920
23780439
30588050
30510415
30564097
30541064
30538686
30546616
30514664
30632657
30633201
32933420
27115991
30560730
31149485
30581731
30538151
30559068
30700413
30606611
30568480
30557450
26548149
30823488
30703866
29257740
29315780
29272703
29449327
29290607
29262180
21998300
31385804
30529710
30434294
30449366
30421542
30449429
30473161
30472351
30462999
29230324
30471726
30472275
30476402
30462842
30483732
30490159
30477587
23065977
30517473
30516444
30551677
31080884
30660404
30456293
30451688
30559175
27484163
30549664
30635147
30632727
30458851
30405946
30478955
30490155
28191292
30396204
30535595
30415219
30402993
30405942
30413220
23765831
30432540
30445113
30520675
30395155
30413669
31375386
22127949
46602040
30353479
30298746
30347444
30298978
30315269
30344889
30364995
23961839
30362910
30335991
30336878
30485984
30338982
30320340
30317151
30381109
30443030
32495211
29913118
32124264
30250388
30198082
30264226
30223728
30242913
30269740
30277782
30227970
29225423
30273100
30250191
30272528
30445627
30274092
30291671
30407298
30282673
25528360
30284962
30273564
30233149
30249519
30270837
30292570
30276920
30266327
24052483
30304725
30259751
30242039
30290122
30273225
30272197
30257324
30399422
26541627
30314095
30258423
30247286
30247940
30261444
30305304
30251722
25071456
30228722
30244796
30215999
30275866
30182704
30212632
30222736
25819556
30258102
30236810
30284163
30256978
30266997
30286138
30281591
30277335
23143817
30305290
30523666
30402200
30268186
30419100
30332311
30316975
30336939
23681663
30335590
30295629
30351920
30454710
30326372
30302848
30315516
30377931
25935867
30318242
30342329
30302793
30332715
30289317
30298110
30335337
25513782
30335713
30298406
30300689
30307579
30331416
30347298
30315702
25527145
30281920
30440295
30330806
30337213
30435873
30320001
22536791
30319431
30320668
30290617
30328049
30302695
30346650
30278557
30144191
30411104
30321973
30311786
30325392
30321093
23281970
30343282
30355700
30294778
30465542
30311131
30317473
26311165
30380700
30363125
30343550
30357549
30326912
25050251
30343726
30325455
30331857
30463389
30323331
30313179
21674723
30306170
30343322
30301746
30391686
30279963
30283424
30343713
30349726
24170695
30379875
30303113
30345939
30327766
30319826
30460746
30308474
30384507
30340431
30412339
25413436
30371441
30324397
30369277
30340444
30324173
30310312
30279662
30340422
30301497
22271855
30544141
30347720
30327062
30446129
30424068
30420731
30299964
30324393
30435133
30287606
37108000
43871225
24843690
30436998
30328258
30301017
30361470
30291213
30426609
30284154
30339040
30320649
30296737
43294806
24772773
30357295
30327568
30314044
30359595
30332522
30352920
30270240
30298225
30278111
30350589
22276867
30331473
30306639
30360129
30344470
30338057
30364904
30463422
30332290
30318757
30326710
22638545
30302658
30294773
30338689
57335004
30324339
30329804
30339549
30346871
30322320
30322615
26527824
30321804
30361309
30359180
30286384
30307868
30314630
30335769
30278516
30326768
27161656
30342786
30336378
30296351
30310271
30278920
30324329
30345646
30294251
24602496
30304570
30319717
30306949
30315342
30450095
30377051
30342110
30331238
24932745
30262239
30286247
30946013
30388131
30315961
30284731
30324666
30337608
26951286
30320506
30307146
30450040
30355209
30290000
30265758
30366895
25249623
30362264
30296030
30302093
30302839
30314398
30281164
30285731
26355145
30305055
30263464
30432540
30329913
30308151
30404831
30347662
30262625
25335023
30330802
30286273
30293846
30343666
30343051
30325877
30347404
30304653
30283680
30343509
22805333
30332288
30301571
30298232
30418015
30318838
30323431
30306552
30330004
30329438
30311815
36610830
23621061
30263522
30292188
30327286
30334114
30315975
30313686
30349509
30325133
30271989
30348521
39353154
43874189
43851627
26742308
32474463
30438672
30376315
30373289
30408842
30376726
30454135
30369979
30512432
32711569
37594142
43805383
27596977
30391895
30438227
30429202
30404626
30397191
30436247
30445635
30377415
30388204
32514545
33606900
25118948
30423406
30470733
30384359
30421075
30364780
30404645
30413372
30372049
30410057
31160157
33018701
27624886
30469151
30452933
30406977
30520104
30413935
30420980
30428042
30352696
30509865
32555227
26396942
30426590
30405101
30419774
30392992
30418848
30402711
30453149
30347933
30412035
22384680
30502773
30371150
30439497
30371781
30409855
30578031
30416526
30402017
30446848
30396602
29349830
30430176
30444937
30403740
30360368
30352962
30407315
30429809
30430953
23745331
30412658
30398089
30436519
30543151
30388448
30399304
30347484
30421017
22195671
30409495
30388660
30391253
30386905
30384479
30408593
30418919
30410191
23352377
30441801
30401044
30418099
30538844
30350390
30402981
30437490
30416532
30418846
30393929
26497843
30414209
30433915
30379303
30389573
30364775
30420116
30437340
30400601
30427850
25717273
30436470
30560596
30388758
30403973
30413280
30405556
30404025
30368710
30393604
31948134
32397625
25299218
30604937
30412324
30417135
30418932
30401682
30367004
30391159
30430287
30387451
30828330
33292791
42638966
29254032
30409999
30412365
30407533
30407093
30406902
30421222
30451415
30411936
30346409
32326305
35064109
28748074
30440133
30557195
30392700
30367961
30382983
30346839
30363998
30409665
30418666
32527303
24875579
30445793
30424337
30447331
30562992
30436313
30453749
30509259
30461573
30382868
30419200
25953048
30396180
30436088
30411768
30380897
30346684
30368150
30383464
30353710
30429251
22995188
30438313
30426199
30390484
30411648
30425913
30383618
30357137
30358217
30392540
24318808
30421912
30525340
30440724
30405531
30398412
30422713
30560116
30418393
30407196
27037295
30477367
30440647
30388081
30394113
30380353
30417851
30484353
30408204
26173664
30443293
30451530
30364757
30425253
30424822
30458539
30440507
22544574
30411871
30572432
30450971
31032346
30352092
30389926
30405771
30463595
27597993
30415934
30409013
30374280
30430724
30473638
30503482
30481249
30001940
30375444
30441048
30403001
30442308
30371615
30384924
24853618
30356639
30405269
30408772
30467258
30369086
30404010
24688772
30660067
30471826
30433069
30406595
30431026
30567993
25610161
30456206
30443933
30431769
30407731
30401524
31352382
30106784
30380470
29168725
29155096
29075772
29138282
26765516
30389553
30444231
30416907
30534166
30387610
27174685
31089795
30372644
30384697
30332370
22832895
30434828
30386715
30441951
30402718
30377132
30556502
23710215
30484938
30401635
30684536
30375091
30382304
30384053
30385928
22701985
30430897
30414549
30432355
30396411
30416773
30454006
30414449
30419503
31471950
23615395
30450470
30474605
32448925
30432973
30414917
30403872
30408972
30449002
30407394
30351057
32678646
24988029
35438121
30438886
30440449
30436119
30430724
30387722
30406906
30420526
30398220
30473209
33842622
40525874
24508089
30422964
30581521
30450620
30455804
30548187
30424799
30377923
30406811
30390769
30519589
33097210
39541701
29501726
30492455
37194662
30362191
30359275
30442318
31237383
30415038
30366555
30423966
32376661
22949334
30435255
30448011
30401517
29129370
29112533
29216900
30398215
30397120
30460184
30396381
32376614
27232981
30448102
30418334
30399307
30408109
30419051
30389839
30453206
30520693
30395685
32848531
30108402
30421285
30540327
30427340
30519510
30542680
30412447
30507455
30387049
31309386
26934472
30410282
30401782
30389033
30995791
30378833
30446012
30468372
30576811
30378056
29274278
30422216
30423524
30397287
30394384
30438691
30584253
30367752
30391478
25517056
30443535
30387178
30429534
30451600
30399598
30400941
30434491
46130195
26285929
30518765
30527057
30485226
30477179
30471686
30508131
30517518
23367024
30502777
30528046
30476653
30464516
30470981
30463622
30513888
22272729
30477197
30510688
30513133
30530628
30484373
30687716
30532267
23982654
30447910
30503370
30454615
30513287
30484217
30555208
30513777
29258125
30479075
30445532
30521424
30648257
30511724
30469542
27824450
30639753
30523087
31119726
30467088
30464940
22475480
30297099
30325136
30329209
30380913
30365682
30313184
26221891
30404522
30319046
30339351
30648066
30314738
25344727
30320951
30312417
30345880
30615101
30434527
25930474
30395031
30343078
32335189
30348360
21759621
30345584
30454221
30316577
30337897
30311842
30327920
23674303
30345886
30324577
30338262
30331180
30296745
30351096
30330173
23384972
30317477
30301345
30286880
30333508
30307304
30355969
30331331
30340626
30329782
24952439
30491426
30311698
30323582
30376821
30280469
30428695
30342713
30290773
30221331
30308410
33843742
27631610
30365194
30320442
30291264
30395880
30328239
30303275
30377178
30318915
30433571
32446454
33728880
23224477
30343302
30365851
30325455
30448957
30290208
30319371
30327242
30313580
30307687
30309769
32473479
37686668
25754511
30373780
30348897
30317555
30323019
30280608
30329271
30282564
30347378
30317142
31584150
32543825
28325760
30386519
30303326
30355002
30468055
30459253
30316596
31484832
30269675
30437273
31077443
23932459
30369444
30351754
30355336
30550553
30275684
30348369
30324344
30323851
30310040
30327321
23998688
30275246
30307389
30408331
30284747
30271820
30448320
30452026
30362618
30312218
30293773
26777755
30297279
30333555
30312108
30347588
30338833
30352957
30305617
30371979
30287804
27362977
30343871
30363113
30352127
30289294
30304793
38584104
30326869
30304853
24905178
30389884
30467004
30334337
30288697
30295306
30311057
30300349
30352445
23844719
30340576
30316541
30331554
30349755
30360778
30340145
30292342
30275631
26501073
30525696
30457260
32313792
30280834
30309862
30277431
30372021
24943590
30295715
30277287
30481813
30362020
30303633
30222978
30363344
26122333
30374690
30386968
30329267
30276629
30308322
30321892
22430811
30334472
30309667
30367262
30291272
30352235
30319333
30279133
29988511
30329878
30348776
30473204
30311162
30300244
22631149
30329581
30303311
30297613
30275562
30326067
30348244
25769542
30311279
30327850
30463249
30336977
30330749
30324816
30385253
27129179
30379822
30317129
30274649
30347087
30258044
30274832
30318718
30262017
24682512
30327702
30443483
30311868
30335777
30296497
30296520
30413353
30462126
25134156
30305885
30301625
30313879
30375195
29095419
29047998
29050168
29118652
29058513
30339700
30339408
30354927
30316767
30298862
30343020
30348355
26911960
30341150
30287355
30321266
30360807
30317166
30320497
30336651
29943777
30495906
30335168
30355637
30334185
30311167
30459126
25299356
30346493
30321760
30318922
30310246
30337622
30296178
25133978
30304586
30327021
30277086
30351131
30328193
30304097
26387415
30349886
30311381
30342740
30335693
30301364
30372957
30368339
25194856
30315773
30324225
30329928
30344122
30422682
30387146
30338083
30360623
30297716
27368583
30337360
30333962
30317580
30321044
30305304
30340955
30391424
30290624
25139494
30341177
30324533
30300502
30340380
30322746
30297466
30333081
30364831
25949256
30338071
30349695
30359452
30351276
30311053
30299564
30355984
22945276
30444142
30315843
30361373
30338089
30305242
30303800
30300746
23916459
30417400
30297857
30344722
30263426
30294193
30467266
30297164
25244194
30350724
30296840
30334104
30336068
30310160
30290424
23717208
30357278
30340196
30301782
54660318
30348150
30359784
23059771
30383440
30320593
30307213
30290848
30327229
30347006
30345092
30450549
25587565
30384521
30436409
30328947
30370013
30365184
30300771
30327028
30369677
30396311
25151222
30302704
30322423
30308657
30298651
30431453
40686962
30330289
30334106
30297844
30338810
33856604
24206317
30359819
30448022
30316382
30305008
30296666
30285193
45476657
30248031
30359081
30324458
32299299
27043009
30332987
30320091
30303627
30303813
30303563
30366391
30329329
30307429
30352698
32527336
33910515
30531737
30390824
30435155
30436843
30385917
30395911
30384457
30342758
30372777
23572996
30412567
30437190
30391997
30423126
30391504
30388157
30369115
30442332
30429933
23639404
30333553
30407089
30428569
30425543
30550573
30386993
30426948
30392966
30379268
26111160
30502424
30419163
30389741
30366118
30432036
30355464
30472919
30607033
24969850
30516720
30399824
30736217
30380315
30401215
30363766
30341227
30411776
27512846
30431960
30394520
30380487
30442502
30431282
30416671
30420301
25191459
30367528
30376387
30357903
30629469
30520212
30390055
30359516
26098269
30425855
30399304
30390466
30365215
30400500
30368100
22486404
30417570
30420456
30394986
30352888
30396213
30352781
31082093
27717775
30548615
30432696
30382565
30431917
30382295
30419146
30077451
30451084
30407191
30549111
30396868
30441371
24200825
30445450
30423321
30428175
30466489
30560740
30368622
30421509
24992110
30374147
30415597
#end
