#729a2951|blade-3-m620|jdom@54ed0cc8b7e8deffd5e088305ca7723dc0bd963c:org.jdom2.Verifier#checkCharacterData(String)[generators@bcfe6d43107430b2604e2e34b9151742941652e0:cz.cuni.mff.spl.casestudy.generators.ParseFileGenerator('MQ==')]()
#date=May 18, 2015 1:12:54 PM
#warmup=1
#count=3731
#begin
22857384
47643909
38168771
32390989
42257221
25663908
32377263
42015893
26034214
32397602
42030827
43005761
43667125
43696440
25409681
30303356
30305791
30271717
30250148
30451111
25816784
30318166
30276682
30335756
30331909
30279949
36247239
43639094
43599672
43609794
43610501
40801092
27676647
30346137
30325364
30523386
30293223
60991886
30230960
30226331
30414222
45962535
40038149
41551277
48329939
38316578
30261749
30231161
30278373
62238796
30351593
30336681
48649693
30219216
36543971
69293276
39626461
43920492
75430480
97055358
109199692
44052527
44311514
47018593
41969800
60198741
33883415
58910856
30501177
31319426
43872581
64703802
44559828
43391083
25033885
55861118
48076335
43633225
43241892
57422948
30633266
41459633
58507880
30490857
31348513
64157948
36355309
43473659
48720600
37676556
73394219
30512531
30440022
30440987
30464115
30700218
30480813
37974131
46340974
34504024
37921601
52303292
26403284
33760784
50052170
30429807
30603046
30421230
30509404
30459682
52327929
38523440
30458162
39518145
62116020
35381909
46745899
30458335
31154599
30590439
30404946
30500010
31421803
30453451
30506262
30593062
92949973
25699888
69207156
32485059
31310631
31169083
31201211
31695463
33166463
30603298
30470056
30474291
38578566
26904226
33381238
30485019
30453023
30529994
30610228
30474955
30414369
30463541
30464235
30590646
26433025
35206413
30464243
30946373
30526685
30408316
30461990
30466767
30455013
30493893
30557355
29676274
33536386
30454634
30500655
30462106
30465575
30443133
30596407
30480393
31294712
27491948
33382970
30595113
30496398
30457280
30524224
30449855
30501192
30449716
30476266
32751158
35012145
31281931
29185778
29168011
29225493
29191038
29201698
29135570
32822263
33539493
30482524
30647773
30485038
30461390
30476040
31420945
30439117
32777687
34970423
30031142
29858374
30477628
30489631
30533575
30447873
27071020
33355520
30492961
30645506
30487515
30524168
30446933
30452904
27035711
33321378
30503089
30560375
30496688
36573913
31339161
30464291
31327413
30452304
24333336
34068929
33184634
30455580
30486851
30429575
30456370
30501630
30431220
30485153
30512567
36899929
36523101
43604110
27659372
33478547
30429017
38826097
30471015
44815985
30488897
30500951
30407278
30431548
31035246
40560591
37027903
37353661
37026029
30488039
30476744
30450617
30469671
30461955
30478891
30476467
30510116
32791850
39399819
26778575
33292260
30468578
30504632
30490975
30560036
30473307
30460125
30530966
30458882
31770064
40289361
29049107
33692722
30490040
30501994
30461187
40481583
30480507
31259777
30446449
30446181
33055598
27601793
33367832
30470079
30516627
30750226
30445695
30474084
30484046
30470984
30465437
30919939
33696280
35182226
30489004
30438020
30467030
30414255
30651329
30446103
30461737
30452713
29954071
34013788
30515128
30535562
30455555
30452122
30483462
30452558
30427506
25326408
33740320
32107505
30459155
30454694
41917683
30479622
30485653
30464615
30475040
33402064
35108968
30462966
30454384
30495017
30595487
31328456
30478523
25425012
33800856
32193876
30490028
30558110
30419359
30459246
30449153
30587380
29437449
33655085
30489259
30518559
30628124
30495489
30447098
30521469
73007466
33607990
30437288
30405116
30521078
30742968
30402735
24807021
34011970
32971404
30374593
30405633
30362027
30405813
31016974
30101756
34151138
30429408
30386164
30352877
30365910
30396252
31615010
34673351
30398045
30422433
30388293
30407269
25750338
33784687
30927519
31249555
30407513
30361642
30880551
31602486
34643304
30401438
30475355
30416371
30400160
29498666
33663007
30389579
30390300
30367289
22318096
34237906
34755440
30370922
30416202
30437786
26974984
33421412
30422791
30383129
30406453
30397217
30473210
28571352
33564333
30365632
30399308
30395686
30494140
30410357
30408669
26609292
33381742
30463422
30466613
30360511
30379450
30462672
30382557
30414945
30375127
40446167
33533800
30294613
30228191
30252831
30208687
30298760
30221222
30223255
30284864
30836463
39995616
25447865
33691539
31425885
30286593
30346679
30266740
30241342
30279536
30240579
30382709
30248635
37828351
36755416
21934689
34110589
35074670
30264083
30231996
30234516
30878423
30262042
30233197
30221546
30245806
35701589
36596862
43164701
29246320
33563538
30266960
30236313
30240266
30237178
30388681
30696812
30228224
30359444
33555071
38874806
25824160
33592698
31302615
30268916
30240433
30237253
30273926
30299091
30227659
30212947
30231082
37884258
27356624
33604867
31185064
30248295
30272071
30255899
30211271
30216502
32759610
30224964
30245255
38130786
29263547
34109778
30246918
30238286
30267940
30250609
30246828
30239366
30274539
30242291
33338122
31947821
34749697
30249240
30265482
30255513
30333746
30211620
30506031
30227440
30222700
26761068
33227303
30260863
30222384
30269150
30233088
30223255
30261358
31687126
30225827
27668704
33393758
30255742
30319136
30240119
30253166
30230673
30229300
30234142
25124732
33724446
32097174
30211315
30303762
30215232
30256315
30275344
30228414
25158600
33736196
32276969
30257238
30244962
30220920
30264149
30190775
30199896
27417644
33277833
30217661
30192540
30293458
30320298
30236089
30249413
36042140
39226141
30272278
30257713
30244564
30236931
30249616
30217936
30238698
30212470
27107359
33323760
30211978
30238961
30228964
30240311
30499073
30234713
30263051
30211675
30246786
41123108
28896252
33561106
30273251
30241818
30222051
30354911
30196320
30842573
30281019
30241463
32809938
26752937
33354125
30400542
30248464
30215815
30252709
30253991
30428505
30274704
30267482
30243800
28945367
33499416
30292204
30213855
30214178
30275753
30197375
30263323
30239527
30215391
33915111
39336964
38730968
30869429
34400779
30375770
30384942
30371426
30352602
30396330
30379930
31261781
30409686
34334654
37940104
27612636
33384189
30399971
30400499
30429389
30373179
30397413
30375436
30328252
30415024
30966010
40675782
32268729
34845792
30359831
30393293
30360086
30487184
30387140
30373073
30386405
37163970
34725201
29039638
33568850
30400533
30445208
30382530
30398630
30397170
30385833
30543447
30382838
24997078
33935338
32789874
32428135
30373292
30405793
30408844
30385038
30387353
30549629
23350101
34261413
34784904
30363690
30410078
30426731
30417530
30494989
30337855
30374921
26304852
49565611
30324394
30329563
30314395
30317486
30338164
30295513
30307445
24951890
33852554
32460887
30375742
30311473
30277878
30322739
30621433
30277935
26411599
51580756
30267477
30297569
30344218
30316380
30314384
30311768
22704362
33946164
35059967
29049263
29008139
29051296
29027738
29113637
22244311
33947913
35054918
30292111
30319479
30322948
30299468
30416853
26636745
33627160
30291348
30296960
37569124
30299857
30324863
23501286
34414373
34245178
30325677
30386822
30287105
30286220
30336339
30307514
26261015
33789176
30315272
30380882
30302117
30311806
30304615
30913659
30322420
30302120
30330850
29755780
33803369
30306060
30331355
30280653
30366004
32285089
30280926
30323602
30332282
29561996
34514199
30344329
30310209
30331020
30293580
30317533
30284071
30307940
26002260
34032713
30336987
30322775
30314102
30264906
30341464
30344644
30282781
25306547
33720015
32108585
30328322
30324655
30303962
30323124
30327013
30290406
26831527
33269357
30376263
30369886
30306040
30326479
30296598
30351704
25607783
33589027
31158132
30325370
30288789
30299647
30286375
30261860
26217845
33859708
30304470
31754006
30353717
30257648
30305621
30329737
29099360
33500138
30303274
30314549
30335158
30318537
30433687
30325720
30288119
28520107
33505195
30351638
34838932
30292922
30317337
30309144
30312186
30465824
30296114
32438345
29775749
34053005
30306170
30245971
30271829
30285626
30305921
30312753
30318184
30292573
26914691
33264626
30320636
30310302
30323559
30287720
44619714
30443406
30307771
30343077
27584862
33407691
30527864
30340104
30293013
30331198
30369448
30272738
30284069
25309545
33684315
32216381
30335191
30359937
30304604
30366989
30301870
30358782
25470806
33670411
31220108
30399729
30326506
30305272
30297056
30309813
30309985
28033885
33456738
30337947
30263468
30271848
30275949
30346100
30442415
26711068
49501721
30350050
31025592
30396151
30394664
30408776
30405635
28498020
33499800
30426689
30407938
30358340
30465849
30387099
25965374
33641825
31041319
30308647
30343162
30382437
30921837
23591897
33981431
33692916
30297539
30445411
30300086
30284650
27658427
56337777
30329778
30323336
30334547
30318015
30345969
29719517
33914426
30307713
30292124
30327331
30344233
28075759
33461372
30273876
30449933
30302022
30306704
28836860
33482243
39788041
30285975
30333260
23280355
34401262
34185951
30311775
30328410
30334118
30267477
25929980
33972164
30350249
30288835
30335922
30379336
30951219
30301482
25239607
33888691
33322131
30339456
30437148
30282382
30308477
30290663
30287222
30351013
26112936
33666136
30333048
30274038
30284955
30313815
30330431
30289602
30417615
30261346
30295512
39382465
27582944
33399479
30278773
30317388
30282751
30310181
30282910
30298979
30291499
30296453
30953886
40651862
26563604
33407474
30268723
30340393
30311859
30272068
30323177
30296925
30262069
30342546
31117131
40603589
27978423
33436233
30343964
30434815
30313438
30317096
30304814
30302640
30467107
30306028
31221863
25712192
33660397
31411390
30252163
30258707
30237913
30217762
30260620
30361757
30254000
30259425
26311149
33826553
30221384
30263366
30221866
30178816
30233333
30295266
30212411
30236595
30246848
32816458
35007094
30336114
30219266
30265233
30284241
30246086
30411336
30179848
22506700
34200373
34648425
30859844
30242885
30280331
30217048
30223926
30274124
30243382
27677556
33446700
30208202
30289939
30279202
30224064
30339909
30230737
30244488
27550455
33308197
30239364
30287724
30224893
30247504
30208070
31071540
21521645
34121435
35157028
30229373
30263257
30508554
30237782
30240770
30202333
29324378
33597453
30242155
30286624
30334494
30289615
30270678
30272073
30254322
30240696
33455836
35192800
30254884
30300582
30202605
30240420
30266744
30231084
30242931
27504237
33338109
38236657
30267242
30376179
30273937
30229626
30271519
30214163
28242861
33465776
30224673
30236542
42819483
30229888
30273987
30283695
24664476
33885751
33507002
30251560
30237555
30236151
30311455
30227197
30337344
33521169
35172817
30240631
30236444
30229001
30230537
30224539
25766598
33645500
31328099
30225289
30236144
30224290
30261255
30200969
29230549
33584657
30292360
30358027
30270585
30247391
30250635
28938896
33485051
30256660
30198974
30230674
30237196
30196777
33098967
34994752
29901531
28956044
28968654
28992816
26863206
33251258
30221657
30292817
30252724
30212942
26196169
33834535
30243536
30291162
30210328
30253173
26967457
33281578
30237660
30249515
30287726
30235887
29382371
33544698
30256204
30259395
30204428
26449000
33445380
30387010
30250767
30225962
30216078
30234236
32877276
35043825
30230333
30165929
30225762
30260977
30281360
26999441
33655537
31877295
30209797
30259561
30190247
30253055
30225180
30220849
30214549
30838632
34355364
30249178
30234619
30254706
30222722
30245292
30239935
30220113
33814949
35330376
30197162
30222822
30220302
30265919
30272468
30679035
36893838
33252409
30274784
30243702
30248073
30201635
30224216
30229005
26819433
33176444
30245331
30219840
30265904
30206595
30271677
30218035
28691916
33453082
30321753
30267418
30250495
30284293
30219546
26166629
33571795
30233922
30255130
30240433
30385315
30251897
26074860
33865135
30243574
30267365
30200707
30290595
30275971
27678546
33377613
30203853
30285725
30243191
30380704
25265560
33599033
31579707
30269532
30282297
30264380
23754315
34371975
34292473
30221313
30266095
30254276
30232288
30264971
28570087
33489322
30264204
30238433
30241798
30269669
30231167
30219406
30195511
31633848
34638837
30279191
30274958
30279128
30200752
30237967
30252849
25345292
33318062
30215573
30239480
30198873
30201466
30588346
30218220
25512163
33175833
30271817
30226197
30211633
30263271
30214904
30260603
30380973
30220644
28683236
33585264
30254092
30307065
30224593
30266411
32262407
30214262
30266151
26521431
33341190
30213724
30256833
30286546
30344540
30219446
30207273
30318854
30334101
30233174
26019931
33278487
30273206
30378353
30288002
30259722
30245782
30263491
30259087
30238568
20176741
34284642
34360035
30249819
30217087
30250400
30190049
30864611
30207927
30250586
19182673
34207887
34803093
30252187
30269504
30239193
30264280
30350757
30278694
30223186
28418889
33292016
31662652
30234575
30265206
30239366
30249515
30218828
30251115
24307823
33795126
30236602
30235762
30236683
30212760
30433624
30227983
30273829
27935731
33423759
30255439
30210775
30256100
30340582
30263082
30239768
30244337
30223633
25788074
34212662
31120410
30346592
30237239
30220230
30253747
30237827
30364155
30286149
25745814
34151291
30336415
30286274
30220556
30311551
30394915
30204824
30267887
30281462
30202738
22074534
34335862
35500655
30229464
30272895
30282524
30261074
30247035
30283257
30224118
30221082
30233384
28839199
33551346
30240797
30250011
30295271
30348318
30237358
30239367
30249477
30251004
30410235
37419091
43864151
26354362
33696462
30756131
30253798
30273313
30271938
30251954
30208731
30287576
30222933
30306350
32410609
43109272
26975097
33524559
43149635
30256955
30257382
30276255
30247507
30287039
30276484
30268745
30374493
33996278
24521305
34668927
33773804
30271066
30260079
30289946
30254889
30276336
30215789
30283564
30258180
30494518
26449093
33222608
30252279
30286709
30229848
30255818
30259651
30370889
30284453
30288279
30276958
26143789
33888137
30253664
28952049
28954176
30303302
30225844
30289269
30233342
30213823
30250419
28284372
33541860
30246964
30288670
30314857
30208211
30268951
30199842
30298611
30230333
27172372
49342954
30368493
30441840
30443726
30374973
30422248
30441904
31162321
30422547
31562463
34649497
30370646
30546321
30401802
30381593
30504020
30383558
30413400
28202341
33442480
30423675
30394956
30352678
30415575
30404700
36362490
30420054
32044830
34754515
30356444
30384586
30476253
30389248
30392346
30431427
26819711
33315566
30445952
30376424
30381174
30427410
30420773
30386013
26814435
33367198
30380318
30364733
30367942
30354317
31036341
30421355
32127938
34734328
30343521
30330640
30418204
30432259
30415739
27645972
33445425
30397735
30426102
30518795
30436966
30387515
28165406
49461677
30292887
30287889
30346609
30347724
22782008
34140511
34556546
30322537
30308333
30291057
30278173
28302036
33575573
30274099
30310751
30317378
30326731
27769477
33393565
30553102
30337764
30334285
30308078
29558007
33905217
30482362
30314055
30307768
26081396
33785693
30290870
30286748
30311769
30350351
30291702
28097957
33426015
30308626
29815809
29064769
29051619
29082071
29049285
43111924
33400080
30245491
30194709
30243558
30243902
30270095
24335266
36130696
34283537
30397773
30356087
30386918
30392999
30334073
29148725
33629005
30494795
30400686
30390207
30402518
30460567
30021884
34066380
29098475
29159133
29079809
30416646
25749222
33683455
31127893
30383733
30433673
30381117
30398705
31585115
34621835
30378190
30384222
30376413
30373931
30387204
25341232
33847193
30391288
30406564
30439727
30356608
30399944
30429459
30374773
25094325
33646617
31925692
30376084
30428280
30398584
30393606
30434762
30361973
30488171
30413908
25494200
33874082
30927099
30392006
30370579
30414082
30415151
30398742
30373593
30530790
30343295
32508134
26771719
33282556
30403758
30514054
30356011
30372697
30408713
30380819
30383186
30429377
30407698
34717295
28311152
33511284
30370564
30407551
30360877
30373917
30400395
30454004
30401399
30440049
30378329
26484674
33341842
30348087
30357793
30390055
30350942
30398151
30415471
30422973
30353211
31029035
29177849
33935206
30287356
30330075
30284980
30352134
30428655
30309802
30274626
30320718
27522314
33438831
30300820
30311201
30313234
30304207
30321666
30259654
30340002
30310342
32168203
35801599
30234811
30303751
30278571
30284549
30310998
30318788
30261860
27968132
33526593
30338850
30288673
30302755
30266795
30298959
45595028
30303076
29809074
34101915
30379621
30284796
30283646
30444880
30337648
30328038
26153236
33143455
30297120
30306462
30293227
30300673
30348662
30298975
25757223
49451884
30244448
30252928
30263853
30213017
30257086
30205109
27984499
33453833
30259668
30240908
30258557
30241875
30230744
25672614
33523426
30228966
30215480
30289148
30276565
30281669
26529631
33485115
30219211
30264611
30299535
30292991
30254044
28531420
33397946
30303964
30239690
30221233
30222711
26135331
33694168
30272606
30212764
30248946
30239947
25782691
33689171
30878177
30205424
30298204
30288034
30254515
30235489
30815294
34738691
30228791
30285704
30233942
30299748
30251655
31323612
34760973
30214451
30274951
30212328
30290744
25667727
33991075
30640840
30219189
30265428
30232326
30280793
30247455
34442083
30182118
30292994
30238794
30233941
28669186
33630234
30278084
30247957
30265704
30274993
30251934
26307567
33293145
30288757
30255913
30223177
30311884
30244013
30257255
30285430
28067243
33467845
30215642
30247300
30215584
30222476
30283070
30236909
25790753
33684964
32210995
30385178
30251607
30263129
30275504
30261033
25700529
33556480
30289844
30200415
30254030
30259298
30252826
30231842
30240909
30206237
28577897
33569551
30385046
30264773
30285370
30205899
30232218
30273771
30274469
30276287
30243966
26455262
34030538
30278424
30238032
30313467
30897793
30273321
30861954
30263575
30292127
30261608
26231686
33813708
30259653
30281709
30209799
30222413
30250898
30346977
30221844
30255957
30257295
30011921
34251400
30244108
30288373
30242402
30244360
30273736
30264138
30246407
30210069
30848175
34718677
30289355
30220766
30258545
30379524
30244932
30239516
30549315
26048511
33372484
30253317
30276302
30258984
30226999
30810279
30293879
30289522
26404677
33640100
30255836
30244642
30306993
30265769
30286569
30249282
30420153
28227749
33458601
30275322
30236095
30218575
30251881
30268242
30223073
27169670
33297877
30259891
30247438
30272889
30251273
30257986
30372574
26936019
33323727
30255227
30291400
30266480
30256169
30243440
23543939
34059524
34034272
30254119
30228575
30304651
30306761
30892557
30390809
22971775
34271255
34359904
30239404
30248809
30258478
30246380
30280289
30240589
30239945
30285164
27896090
33958015
30464747
30277109
30391869
30283419
30291240
30217295
30296746
30232604
30278329
32820891
25679687
33625427
30841761
30392121
30283304
30260293
30271167
30231006
30236100
30251194
30189460
32274363
28499783
33520397
30242849
30262460
30251624
30227591
30274949
30365211
30233213
30252899
30277791
29254687
33907737
30256437
30223873
30241926
30224258
30219601
30248800
30230748
30249052
26073769
49400998
30433292
30405534
30399095
30351844
30411235
30397973
30389693
30433088
26446258
33273915
30429740
30517869
30414368
30359059
30398744
31044376
30498069
22221344
33768760
34785717
30426353
30331589
30404400
30397910
30381627
30391037
21772135
33161598
35057188
30427666
30418957
30416749
30390199
30389249
30367852
26587163
33617532
30517684
30374229
30392498
30396877
30425457
30483295
30369247
30408408
21775867
33737364
34624435
30295449
30288785
30310015
30316862
30309638
30288524
30350480
30282505
30442168
26253023
33258291
30366835
46109777
30301638
30282422
30319768
30425837
30305100
30330006
30328565
26386070
33232705
30338783
30310637
30437888
30250108
30327187
30315386
30318870
30308326
23319395
33811976
34545123
30315329
30289766
30286478
30283015
30263422
30340882
30338500
23728033
34103039
34365105
30281895
30332067
30335742
30306969
30315456
30402831
30346018
26410669
33266747
30340676
29671058
29682763
29016729
29068420
29059585
29032422
26174513
33201338
30471057
30340134
30262373
30292831
30296782
30322719
30326240
28656358
33555553
30290024
30316069
30302820
30317456
30321098
30318140
26356644
34115307
31073610
30236636
30393989
30201666
30263560
30229687
27302994
33376081
30253926
30268975
30246826
30231077
30250766
23389568
34057409
33950224
30257393
30258642
30227329
30262313
30272530
30790765
34758319
30359319
30232661
30271668
30282011
22473782
49976585
34653033
30243862
30315635
30314599
30302297
27586501
33312049
30376382
30528555
30326761
30301490
24706115
33682906
30976583
30296282
30292366
30371375
26909429
33888562
30783852
30310402
30449726
30297666
30336351
22984880
34464713
34395653
30329244
30308757
30342113
30291274
30296715
30310397
25857160
33258729
30334693
30272289
30415718
30287135
30365473
30343060
26085747
33666987
31046531
30313228
30318880
30271588
30344486
30315417
30373356
30286046
25742201
33620451
30451781
30307547
30374541
30301068
30315534
30302844
30320075
32293397
31845578
35033994
30326549
30327494
30305444
30350250
30364513
30413048
30273422
32480612
35206421
30287647
30322680
30298260
30295991
30304459
30326962
24158908
33499655
30325110
30293800
30356855
30295284
30463624
31155946
21957507
33767355
30867483
30300124
30345447
30293577
30367302
30277396
23659248
33337442
30305671
30287128
30288047
30351777
30327266
18447869
31236476
33127516
30317457
30334284
30305151
30314695
30343995
30319071
19571183
31963443
33718693
30304980
30314840
30332645
30308195
30335999
30270490
30314717
30315110
23573576
32487970
30310873
30278247
30293696
30317690
30346404
30360559
30321172
30426213
22932455
33041932
30435707
30311946
30307056
31135212
30308000
30316235
30376202
30352424
24931051
32336099
30336281
30617466
30314055
30286542
30345839
30298300
30938906
22947773
32744623
30350877
30373262
30430709
30339784
30323124
30337127
30354588
24273466
32344832
30319731
30274048
30289700
30320138
30335797
30306005
20357570
32142823
33164454
30440622
30303676
30320709
30322862
30384013
19999241
31931961
33577077
30305614
30292835
30289477
30287752
30339833
23764628
32360136
32320574
30317009
30290967
30349295
30284927
20598399
32275216
32411877
30331638
30323195
30303220
30327836
21094863
32270017
31731777
30324510
30345398
30328686
30362967
30424599
30346894
27445752
32566210
30305017
30315349
30292495
30278882
30339140
30260833
30297762
30315358
26915437
32538583
30435298
30315398
30343444
30340338
30313611
30320166
30359917
21220816
32373545
31617604
30295233
30330273
30315334
30440331
30328454
30346989
19607853
31917192
33735555
30303104
30308035
30285900
30325669
30348344
30291831
22870322
32652858
30311131
30313702
30292700
30314764
30439686
30338822
19074253
31643950
33384005
30307513
30342062
30328024
30283979
30303998
30342262
30327291
24949665
32440728
30918760
30289042
30432868
30343747
30315163
30298833
30325892
30443080
22429542
32768517
30805253
30311813
30349408
30324697
30398608
30313427
30336604
30341995
26221694
32385536
30347058
30274204
30294863
30349789
30536015
30300802
30366346
25494375
32361340
30321691
30309014
30326387
30343669
30442074
30318695
30284997
30388530
32714645
29059576
29024492
29057986
30260964
30268622
30288915
25849107
32052805
30315753
30267410
30274155
30325106
30340507
30965877
27225720
30315464
30341226
30299647
30298429
30318078
30333221
22062074
30328788
30306933
30348211
30302706
30342344
30329390
20462330
30299271
30289251
30301713
30287800
30329755
30302046
22002811
30299662
30300793
30317090
30332204
30289331
30339833
25897889
30340642
30348910
30365385
40740138
30308334
23694299
30294762
30283039
30301538
30293011
30279688
23940979
30340662
30351873
30352466
30354876
30269122
26398444
30328328
30302318
30565984
30299038
30320355
30314552
29006783
30337592
30301946
30307851
30308326
30280751
22153248
30333193
30453637
30331551
30357049
30294388
20001712
30331390
30344221
30327086
30329117
30303693
20622466
30278178
30290206
30316201
30329057
30314131
22757634
30304673
30335637
30320882
30294178
30403580
30344160
23931175
30356817
30295375
30335876
30312199
30316502
30435273
30367685
22039628
30378797
30390242
30431201
30432154
30399372
30524431
30418235
30429513
24267497
30391438
30376055
30373344
30369535
30386193
30323593
30365788
30402720
27421643
30365777
30384644
30388815
30424424
30368602
30399048
30378746
24765164
31289072
30360166
30391393
30404204
30363584
30411888
30373330
30374520
36089726
24815132
30392125
30398294
30362702
30385579
30386632
30355537
30412487
30359345
31267372
29313052
30410728
30411164
30383688
30383693
30411253
30365322
30391188
30397902
27013603
30375189
30379397
30336086
30359695
30561886
30365093
30374912
22324729
31004585
30357055
30402848
30417964
30419348
30385839
30387735
30374155
27299429
30545913
30340731
30407275
30396320
30373042
30522462
30356191
28516732
30377711
30396739
30420218
30371629
30360993
30383030
23736190
30397833
30379984
30431767
30523573
30390579
30379648
22163120
30347025
30565357
31411741
30412366
30408537
30402120
23209395
30419278
30423953
30387300
30405107
30407568
30380413
25845316
30365119
30389139
30362063
30352816
30399695
24005653
51718496
32395608
30376977
30384967
30395800
23851508
30374249
30390557
30334766
30359335
30361952
25500710
30409062
30387373
30431824
30517690
30387971
30428082
26544680
30438670
30410751
30400720
30382146
30535257
22918631
30408431
30368268
30406490
30378817
31060785
30395457
28051444
30393487
30693064
30387138
31310054
30397480
28213412
30379002
30374464
30394048
30364648
19905255
30404098
30402984
30406072
30400390
30385837
24907221
30415720
30373941
30426957
30402308
30381038
19287751
30382357
30400582
30362757
30390379
30375808
30390056
30397542
20449286
30363059
30383969
30390657
30376587
30359833
30392131
30380828
31204339
18581327
30368378
30410927
30370471
30401415
30506099
30368495
30379640
30415338
30586944
29110394
30379426
30402132
30379293
30406806
30398595
30380722
30440419
30387555
37931951
43545092
29746766
30414282
30373831
30403142
30351897
30378300
30394020
30390938
30368733
38977408
25091536
32424782
30414681
30404079
30407248
30392573
30405895
30423544
30347352
32867812
25041227
46249906
30245820
30238878
30855161
30202546
30254838
30220525
30222817
22884810
30264717
30381077
30241213
30270913
30279939
30249602
30274259
30262935
30483681
30000488
30271331
30275457
30253024
30244773
30222424
30288422
30262681
23958656
30300982
30231349
30243209
30262944
30358390
30244485
30251780
22253317
30232058
30277265
30241539
30246460
30256144
30271777
30245417
22959685
30256969
30264975
30242893
30227411
30244569
30348055
30361815
27078903
30289357
30297173
30267911
30231402
30255756
30247125
25538918
30226273
30239274
30194857
30256280
30207831
30213517
26250837
30266163
30259468
30367182
30281045
30446708
22831337
30256740
30274463
30314995
30235804
30278339
30292041
29225297
30244642
30255150
30222315
30257897
30278309
29799593
30211946
30381368
30250484
30223235
23273026
30219624
30246882
30247368
30241246
30238218
27164802
30215291
30241668
30282744
30229553
30265626
23594292
30282760
30219122
30266246
30221454
30218122
30393486
30250217
34006908
35727477
30227795
30242467
30210189
30238176
30293467
30264964
30221984
30217139
30420617
30361991
30245342
30225807
30216560
30238908
30385371
30236669
22107264
30222659
30259333
30245640
30221866
30303248
30251531
30234235
30247964
30236909
25322894
30217073
30258400
30235723
30361038
30282555
30246502
30224932
30273435
25731805
30288817
30255819
30278404
30273062
30179377
30279810
30278259
19694486
30226258
30245296
30226279
30238518
30236491
30242675
30245273
30386677
28680832
30255305
30250846
30278947
30371660
30279697
30255389
19806912
30240336
30275655
30241358
30177378
30255156
30264213
30292013
25301356
30255633
28965778
28959164
29008703
30296002
30254412
24274507
30275909
30238202
30387158
30272914
30246075
30225675
26477640
30273184
30263035
30236562
30412968
30287964
22234572
30255851
30196715
30277053
30214197
30253011
20377396
30243755
30283989
30250849
30263507
30196748
20937632
30306489
30376002
30209125
30276151
30260215
23997111
30402398
30398769
30391310
30426989
20457410
30365248
30374294
30433510
31080073
30377509
30195853
30409471
30396893
30491091
18947135
46305349
30267911
30308004
30295300
30324715
19686771
30320329
30460540
30311237
30948130
30289706
30293292
18316958
30283800
30308540
30297664
30304260
30315290
30302103
30321546
30297459
27356750
30291951
30329413
30317231
30321353
30403513
30291463
30339608
24003860
30300893
30330631
30292567
30283731
30291522
30272241
30305526
30319304
26761208
30505764
30273223
30379702
30247809
30295173
30309468
30329960
33356085
43648812
25128116
30293379
30339004
30359818
30296651
30299877
30302106
30282595
30306057
43177174
23576640
30299075
30358866
30305397
30277764
30322756
30294351
30291940
30299275
38772821
25174500
30322651
30319915
30297652
30407756
30311749
30304226
30310564
30364190
24172386
30315515
30307064
30308374
30325384
30256580
30333719
30297520
30298760
23620248
30342830
30353764
30305222
30328339
30261942
30340899
30383562
30315175
27212484
30283495
30309028
30315788
30326825
30335791
30328502
30335531
26466286
30376071
30269491
30283294
30299037
30294401
30409602
30280627
30004513
30327022
30273158
30347338
30334016
30293357
30304451
25487882
30301822
30347122
30334969
30473419
30295490
30286391
25225762
30313786
30329335
30304911
30319217
30336640
30325724
30309513
22726082
30361491
30317638
30328383
30270073
30490975
30298424
30330045
30269180
37392595
43668590
30201667
30296567
30290378
30307264
30325933
30315938
30306842
30337877
35920466
24156253
30385252
30300515
30337942
30314977
30314760
30438627
30319980
30278553
22196305
30289317
30346771
30354858
30275311
30325327
30327186
30336996
30294387
24010315
30302767
30334027
30343876
30416970
30288551
30304051
30317221
30328638
29462313
30325198
30309322
30326418
30290357
30303133
30307856
30322584
29414889
30289635
30347378
30287689
30329713
30280877
30304602
24294650
30288474
30333300
30331902
30316915
30336573
30475530
30306893
30283997
30282607
30305316
30308391
30255484
30243011
22132737
30324079
30303482
30299120
30320377
30326160
30296333
33868102
35877311
30334339
30318411
30280726
30339781
30323247
30295582
24544212
46236912
30239398
30258002
30278304
30242869
30272121
30233793
30251802
33951591
27473864
30241909
30257844
30248528
30212926
30257805
30285467
30301489
30237123
26788752
30394148
30250496
30253868
30261811
30245482
30394236
30235646
30239533
29892209
30217476
30235142
30290755
30263860
30261568
30249927
30299599
26047044
30280123
30212172
30502427
30289426
30250857
30242046
30379278
26536804
30168886
30172767
30363544
30273887
30228258
30294658
22807798
30244222
30231566
30287651
30334422
30421029
30299635
30227931
29077884
30249688
30202959
30315270
30202364
30271062
21608400
30262395
30321733
30319129
30216642
30252741
30219525
24407472
30874773
30298337
30257338
30273707
30303878
30244440
30219962
24985141
46362109
30349737
30348733
30344693
32360949
30328322
30332348
30339958
21790482
30292678
30295450
30333654
30283069
30428913
30287560
30344672
30324315
30273375
30243166
28846394
30295920
30349273
30256897
30290217
30291445
30304065
30370262
30313824
23404502
46245080
30265971
30337191
30239533
30269044
30290445
30181209
30217513
22493267
30220764
30277004
30242479
30272929
30270245
30204809
30249194
30237682
23944339
30251571
30260676
30261967
30275085
30257613
30392260
30246542
30230804
29269089
30250946
30257704
34535488
30232964
30289797
30224422
30217787
29418963
30237900
30226836
30248246
30236590
30247513
30232134
23957613
30276749
30275064
30378979
30273554
30233233
30265144
23292146
30243036
30293855
30226755
30255434
30261079
30289317
23473831
30217373
30226413
30276999
30260795
30238626
30228922
24873126
30243499
31084762
30234728
30266259
30204071
22549049
30308610
30277318
30282897
30330929
30291984
23091109
46191919
30266065
30377740
30269766
30251464
30285957
30554569
42217167
30296864
30292326
30364957
30386400
30332353
30347446
30445847
22377009
30270880
30297080
30370602
30310378
30346428
30328435
30280235
30410306
30292641
30352224
27566025
30583195
30452224
30449272
30417052
30435334
30409087
30357622
30429941
30533613
29402629
30371682
30369057
30422076
30389407
30433064
30396084
30509128
30355926
25187032
30414524
30440443
30395102
30393760
30368713
30357233
30360870
30351514
25559327
30375055
30521999
30381788
30439946
30399610
30368673
30353669
22314011
30409926
30473398
30345620
30391896
30378064
30374222
30393371
30411875
28756444
30394955
30446446
30386758
30365224
30442342
30330264
22504036
30375731
30415918
30393851
30350657
30401490
30392600
30404817
25655309
30403687
30391940
30393508
30379666
30397675
30401648
24646267
30461929
30497267
30423031
30394280
30405118
30409958
27298502
30421015
30434240
30410077
30394246
30417853
22590785
30398037
30389171
30396632
30393795
31074215
30372844
30523575
24820999
31034268
30440948
30361770
30414853
30377800
30371948
30392775
30336461
22185469
30413060
30350860
30429035
30402536
30956306
30467908
30378506
30413209
23294857
30401606
30412811
30359953
29069845
29107481
29131281
29100730
29157132
30144783
30396526
30372586
30376571
30407962
30386764
30432864
30406779
28723470
30385662
30339722
30423066
30363558
30351076
30372493
20792963
46583046
30454589
30475498
30469113
30445229
30468438
30454947
26956210
30490934
30432339
30487842
30441518
30446350
30442021
26813742
30531295
30465933
30759510
30485244
30503035
19956318
30440662
30479795
30744039
31478563
30511314
30463126
25394413
30472380
30440224
30453816
30472832
30460035
24003239
30456262
30469237
30456713
30474030
30459942
25697319
30477562
30613664
35772663
30490106
19883646
30471229
30487790
30433542
30485057
30445393
26530786
30499875
30506069
30442734
30463987
25144283
30569328
30459736
30455512
30440020
26137471
30486225
30466375
30462176
19452657
30630864
30485556
30428542
30490688
30472446
23071475
30436023
30461464
30645404
30446844
30432664
#end
