#729a2951|blade-3-m620|jdom@54ed0cc8b7e8deffd5e088305ca7723dc0bd963c:org.jdom2.Verifier#checkCharacterData(String)[generators@bcfe6d43107430b2604e2e34b9151742941652e0:cz.cuni.mff.spl.casestudy.generators.ParseFileGenerator('MQ==')]()
#date=May 19, 2015 4:30:50 PM
#warmup=1
#count=3667
#begin
21506358
54655314
24724585
58262735
41890585
32775743
41660262
48748443
36920164
32497878
32207623
30617135
30634128
34828515
26336160
32631403
33723526
44180291
55589998
34907710
25960749
61519957
31982562
30685066
30567151
34951064
43026762
43573358
43581028
43518545
43555682
43515530
26124100
32808627
31813370
30684905
30677758
35060830
45701097
65297721
43575500
43719012
58008168
60773363
200660528
42287051
42609872
43493501
111661904
47589452
43057362
58614083
57625896
73042042
43736032
30412633
56798701
30506902
34163042
41182418
56156736
47348781
43428716
44097103
43412036
38446945
31707974
58617442
59426060
64469178
55607395
58453436
30874593
30476927
22149113
31553532
42514137
92639214
48412980
43483036
38277964
31866939
54977307
44503096
64555078
68556129
53225362
30410306
45552103
29306190
41043497
73792147
43386575
43380603
39403669
31852534
54977507
53730944
64726041
61011117
34598413
30432377
22096705
46069104
45088597
43478721
43363141
43507965
34903730
30449464
82564493
30439395
51089214
30451655
43505958
34802824
30479504
38341634
43405596
44398611
43782461
32645665
30774206
85014232
37420831
37673397
31059253
20650956
30516966
52429346
43346554
43446025
43394043
54881486
71497021
89824530
58402449
30804897
57478495
23444301
43363772
37343820
43433203
45949888
44787941
34534269
39304177
91268139
32276994
60614420
27665764
30455077
35406889
43366054
43492473
43323086
53621440
52284542
49457226
38081720
30457731
27915904
60696602
40288599
43539800
43385585
41009444
59109900
35007357
58639649
42282828
24396147
30449744
75384375
43562594
47156579
46210703
70463609
60005679
58825894
61073670
57677030
33530051
39478448
43709711
44567302
89488469
49803757
57697681
49076911
34905952
43318166
36817485
30611588
30650315
31202315
36257503
38059164
36358694
46192515
44853467
52974487
31295268
30604633
33725710
33150669
66316388
42627990
43373218
38605609
61819214
56011714
36823191
48221609
40136618
31418768
47142579
54049122
133923060
75406501
94496260
47298772
33917377
40861505
44469035
120217986
41199940
41624391
100460753
44087730
40699470
54660027
40853638
73297945
103091710
61561477
71987261
62996991
30491469
52586809
56396861
63061490
80942856
20177242
118511348
43549665
91507379
46659598
65395676
47339850
25671222
31861599
64197975
69011743
43760167
46538722
42061376
46813686
66270703
64084417
46073297
77403491
46538439
30634302
31017532
96711367
43474596
26523326
50779969
30422389
34108250
97592023
138596603
134373187
51201377
66201187
74419218
43492910
35344983
54100440
31099119
33287685
19775888
36103190
30575270
30595868
34913920
26463151
32955481
30474890
30604526
38641002
36067872
30464304
30496287
36270305
29889457
31291879
61036455
30799366
26669333
31758706
30357595
30422669
42741328
24677350
32178021
30414146
30448142
67960688
67692784
21829922
31213404
30384491
30429181
38037708
41565939
30382328
38343546
26459433
30422869
32563103
31654626
44826833
36886771
42219903
45272726
37290205
23485268
30416099
30431126
46628358
44765727
39394025
32453739
64686706
44835665
25429419
30377590
30470104
41367608
43256125
58946040
31502188
95227485
41456690
43502961
43678016
43496729
37698226
31743870
43809967
37106111
26758028
43415297
43530856
47988025
54160933
65864180
32286574
43259726
24337679
30947240
43912187
32587808
39468185
65861182
33620453
21532867
30501532
30489298
30438873
35584832
42363041
30696899
21488245
31268068
30441276
36118869
35726705
42069717
43225245
24643737
30463809
30474202
30452175
38398629
63998062
21041695
42781485
30426304
30695917
34085104
95306872
30602408
64291317
23558915
30444486
30464917
30410024
36080992
39177478
30428653
20646566
30423353
30477607
30495549
32356985
44201320
31519102
20165706
30603513
57541893
30445489
30463384
94349299
32132917
24857000
30468298
61676416
30595760
34115644
74698587
18199900
30447693
30441463
30454295
30492026
39569208
33924808
28499591
30481530
30474055
30493504
38333844
18741747
55733252
38414349
35818084
30639435
39371386
67974191
18472693
43963738
32206878
30546399
31832082
38573729
66547983
21671360
30610494
30468993
30446124
30465040
39384700
30413568
28835781
30970816
31815425
30414369
41285962
78867254
27321102
30458326
31327030
30481059
34713659
35015170
29462951
30482847
30478515
30496895
35859992
22065671
30411523
30764689
30433367
30532836
18069452
30458226
30447660
30463753
30490922
35666431
28645279
30585153
30499370
30507018
18260067
30452951
30517487
30481282
30472604
32123690
20000994
56416991
46650192
30664889
30482797
30973939
32178529
19430913
30435564
30512724
30467979
30481362
30471304
33034347
22349347
30455666
30507244
30493858
30486468
31900985
30510982
29546474
30531822
30470631
30437102
30488730
30504348
42186046
40022752
32832332
30445884
30413798
30608389
30549491
30765042
30461877
30519089
30492093
22000633
30478873
30494374
30480564
30520881
30783755
30093329
31764795
32349265
30461051
30421264
27357106
30482395
30630488
30526590
30478713
29783278
30476662
30524275
30535879
21247532
46923466
30612202
30507597
30576822
26329891
30513252
30615535
30548035
23369021
30555806
30599211
30566844
30556677
21679165
30610066
30543782
31433330
30547452
35417014
20094123
30527268
30548910
30544764
30556420
30543060
31146038
30495007
25642373
40123693
30554384
30473829
30593731
31765108
30567757
30494738
33033619
26529060
30589654
30550558
30609851
30486229
30600168
30609537
30541515
21434416
30568522
30584863
30584345
30586342
30532573
30625692
30623004
20478998
30644451
30578580
30536460
40013416
30533406
30532102
30590024
23021989
30527568
30553164
30586387
31460507
30483710
30746037
18694421
30537413
30539708
30535985
30548457
30682284
30619151
31177553
53160957
30534576
30553882
30652197
30636017
30610213
20990143
30681711
30562270
30533033
30531711
30817930
43234206
26632946
30559221
30550053
30506866
30556464
30570022
25149485
30550526
30570791
30508967
30534622
30712557
26289860
30635868
30589273
30584913
30631430
20236111
30579360
39649897
30558255
30548275
30567426
30591485
22783559
30564939
30500969
30526873
30547224
30563383
30527202
30234911
30546457
30532984
30516197
30689582
30630471
28200639
30553371
30645624
30533153
30531498
30568044
29557920
30635890
30518030
30784455
30519853
21727950
30467535
30455512
30441673
30484626
30533568
29460923
30622313
30469650
30520301
30439898
26540299
30507756
30456528
30486586
30465110
30481864
24745209
30580410
30456414
30507701
30467322
30496633
30483921
20878543
30478381
30497489
31533943
30501753
30483591
30438462
30447715
30564301
22126455
31067502
30465740
32474108
30496432
30516253
30497693
30572524
30518057
30492108
33864084
30593282
30431832
30424287
30470599
30528030
30417373
30527864
30421884
27419435
30454126
30450784
30431218
37588960
30534842
30510802
30485213
22982413
30477233
30463687
30482095
30428846
30478275
30474981
30444858
30492755
30183882
46459799
30382029
31001672
30409093
30387848
30396298
22579932
30366704
30428939
30402215
30392404
30385889
30384204
30493798
25835478
30412124
30386947
30388404
30419042
30380564
30453678
24854197
30433660
30406538
30405034
30421299
30476247
30445753
26217107
30401965
30384156
30392753
30379542
30466508
22263925
34011246
45672451
30397640
30466088
30408438
30476986
29080744
30424544
30419148
30387431
30485960
30422711
29869886
30409306
30340715
30385091
30389437
23435364
30379953
30415446
30376479
30402433
30397878
27249205
30422671
30406233
30417098
30412144
24497094
30382574
30395053
30423595
30399942
30510949
23941666
30382402
30390848
30426819
31904499
30446959
30407816
30392777
27868759
30401493
30514853
30393779
30402264
30397622
30421437
30535642
30372780
27980471
30403944
30378308
30403032
30428895
30508778
30451179
30412908
21453194
30377331
30398857
30389691
30387111
30478930
30465873
30444011
19699431
30431166
30449884
30528162
30418077
31002433
30461646
30489862
21590972
30402111
30392899
30423969
30418108
30427010
30547544
30469213
30446402
30391806
29118499
30393458
30534747
30355672
30390013
30515335
30450622
30485735
30409482
30083273
30434528
30427279
30454768
30423263
30493229
30416692
31033772
22956881
30343653
30382858
30399990
30445371
30438644
30410560
30417708
21667169
30363404
30417104
30400630
30536775
30411837
30431940
30481884
30445247
22840408
30426384
30603373
30400842
30413920
30428568
30446135
30458851
30488811
30413496
24332227
30447801
30372668
30410377
30392322
31741507
30438392
30429150
30373846
23915481
30393718
30413776
30361711
30445369
30369244
30435569
30441949
30572935
23004863
30362677
30398622
44850217
30394929
30457489
30452900
30409022
30353669
30418005
25732674
30426110
30391302
30454386
30439860
30436410
30423371
30474098
30444311
24774658
30414042
30401621
30421465
30415302
30402199
30452309
31837889
30394080
26707093
30417273
30378782
30416580
30354333
30455963
42972789
30443177
24266045
30426139
30413698
30558536
30374864
30385742
30510682
30393637
24768436
30442051
30494433
30482835
30460904
30501212
30459609
30521977
28705654
30596596
30481804
30459486
30444260
30506425
30464329
25967250
30466751
30475169
30434961
30447401
30484039
30577257
36179617
30479613
30475482
30481870
30572798
30498028
21678322
30460835
30484231
30453339
30423803
30448594
30557655
27309964
30415602
30383313
30483680
30417750
30472184
27077626
30413113
30398860
30433722
30398335
21873487
30368007
30444337
30460860
30448955
30375332
30423038
22458370
30393015
30408069
30462857
30392815
30431435
30423022
30399833
30358724
27038006
30410351
30395759
30475660
31644861
30457069
30375333
30424853
30379655
21240940
30425546
30405466
30400871
48298153
30388412
30391967
30985123
30395145
30383658
21889667
30408313
30511014
30479613
30411784
30384177
30359660
30351686
30418193
30377993
22391609
30425197
30379229
30400399
30444022
30386767
30372474
30455878
30466993
30390511
33296152
43596489
22962609
30506100
30424867
30369301
30388652
30391757
30460062
30438050
30415600
30396593
34035177
43632314
27359077
30398337
30383515
30495035
30396820
30459914
30380006
30409628
30388751
30315338
42030232
30313622
30421042
30392784
30368420
30510956
30433946
30366488
30389644
30406433
30321178
26065438
30362585
30414073
30405200
30383111
30383769
30383284
30416190
30411866
30443333
27234070
30390911
30375158
31564203
30399251
30452738
30409293
30382140
30302559
23142702
30409840
30378440
30411033
30419771
30560616
30419553
30390373
30446896
23163504
30408881
30432032
30421776
30433354
30397106
30567406
30398924
30381525
30373862
30328079
25734847
30495777
30441173
30468484
30449664
30469062
30425393
30493015
30449775
30431260
30532508
23418329
30504866
30446637
30440318
30458242
30508958
30540876
30420310
30484435
30484988
30469869
23501193
30461726
30633155
30532542
30439228
30517326
30453887
30486379
30601140
30452797
30463211
22842051
30565449
30492617
30474094
30428853
30453568
30531373
31320717
30497368
30478082
30444926
35315966
27370142
30747835
30595579
30483902
30452708
37767497
30486775
30499813
30431918
30584961
21519111
30430794
30484417
30475601
30724133
30470469
47899823
30455993
30510235
30458617
30463377
26547152
30461135
30464246
30476141
30437653
30452886
43546410
30514986
30374793
30472471
29125004
30431168
30410527
30353678
30369584
30411290
30388311
30453282
36650309
24982932
30432631
30417115
30396849
30365242
30452677
30416100
30404026
30437037
25643536
30393575
30515869
30379470
30384647
30442499
30525722
30593438
22700384
30368399
30405584
30346475
30416110
30424464
30420222
30386202
30336039
30044348
30373907
30400484
30687346
30373362
30443748
30430353
22804538
30544031
30378313
30343043
30410282
30398036
30524024
30393640
27183902
30384142
30361715
30532320
30374380
30427691
30421208
26707964
30543086
30402744
30372760
30401408
30381124
30508619
30345513
30410015
30393640
30377494
30498739
30384429
24934860
30312318
30318067
30459453
30289302
30362653
24147192
30367964
30330478
30341530
30313453
30295867
24635894
30353204
30313717
30349773
30355859
30319966
28387910
30368373
30348349
30440777
30349975
24776834
30353102
30326033
30288935
30344980
30404051
22162591
46292513
30241998
30265348
30259249
30228800
30268264
30288193
24386847
30239451
30233249
30339391
30208159
30289131
31553219
30276751
30362917
21155801
30276513
30905895
30264131
30220111
30217924
30292402
30215768
30299311
30229984
30216859
33738336
27632615
30260469
30265907
30248862
30227746
30245146
30243101
30182957
30249100
30282126
23218715
30228047
30252013
30252117
30231452
30254734
30322957
30326667
30253738
30171564
22326161
30180403
30274731
30245294
30255835
30392113
30237093
30354268
30237946
30160227
24478384
30224681
30228815
30272432
30227793
30278668
30246354
30232438
30310349
22895389
30242762
30225091
30259817
30252111
30191303
30270437
30252775
31331853
24096075
30242267
30244190
30258847
29019534
29030247
28997129
29045885
20478943
29064580
29006402
29018591
29008481
30255744
30256157
30286887
21927892
30258509
30856189
30356553
30246618
30392861
30264222
30266193
24991586
30214315
30246088
30240668
30215379
30375538
30442647
22025529
30239915
30275747
30360826
30433285
30241980
30285070
22514868
30269605
30266586
30210849
30245768
30275310
30304826
23866268
30269877
30209220
30286704
30236631
30278509
30237111
30213927
24750927
30234729
30220357
30253384
30255366
30265206
30325380
30250317
27568258
30261056
30241400
30342888
30229658
30229699
30237746
24759898
30264960
30230232
30251406
30251355
30285371
30326082
30338051
30251227
27139561
30289480
30195720
30195160
30224108
30287106
30289176
30238571
30244984
30193616
22625199
30291620
30253579
30409860
30244950
30306326
30274995
30247730
30275609
30202433
30225867
22917099
30258060
30195473
30381327
30214128
30240116
30331318
30257163
30419744
30267411
30267202
25604218
30258498
30287505
30211920
30269097
30418416
30272237
30271287
30245287
30244127
25783365
30189836
30254886
30187933
30241668
30240995
30259107
30241893
30294362
30285634
30278618
26572474
30296044
30226746
40380383
30216784
30212749
30269053
30323049
30195975
30220575
23775161
30287729
30457590
30315075
30317320
30344231
30376971
30363288
30325280
30283426
24271766
30316233
30301804
30438561
30286464
30318828
30277546
30333053
30343254
30328717
29258020
30334231
30342431
30373520
30304201
30503502
30332501
30368980
30309838
28900432
30299993
30310755
30358226
30295434
30267050
30309484
30316161
23654068
30322957
30309995
30270062
30314869
30281442
30324898
30332394
22064458
30309726
30460400
30329053
30444759
30340187
30330442
30353369
23243032
30315375
30319580
30384971
30309813
30342855
30316393
30329622
30254921
30264102
42497537
30401259
31068790
30379570
30363024
30419887
30362591
30523540
30436590
27455548
30381684
30392586
30428594
30412113
30451557
30433824
30403282
23571327
30540229
30423057
30372069
30362559
30373395
30579622
30447544
22719564
30415939
30485728
30382898
30394202
30422186
30505298
30529773
23803479
30388568
30389139
30379050
30423067
30424069
30435128
30444940
30441873
30457522
29903889
30414098
30497151
30360137
30424422
30537177
30415348
30569957
21024028
30422626
30403624
30394672
30409047
30383080
30454591
30393127
30411793
24909039
30388269
30390995
30412566
30393847
30380438
30374233
30446505
22729831
30377460
30346757
30444020
30424303
30439255
30493826
30542115
25664885
30415568
30408166
30356473
30394702
30464215
30392807
22043777
30403428
30429889
30418772
30445262
30589739
30527544
30467175
30400453
23775734
30390033
30412062
30378679
30398100
30480894
30464911
30419313
30408148
30382811
30403473
25678154
30421656
30420844
30380160
30345575
30443516
30435283
30433095
30440248
30531180
19684967
30365315
30418777
30362709
30398948
30433161
30435761
30631611
30386891
30413197
30426951
28618911
30594341
30347497
30446925
30341969
31629095
30601807
30370883
30355450
18722727
30360926
30403693
30396437
30418455
30538064
30501468
30417562
30498610
30447942
26120122
30394004
30408141
30381311
30403064
30500790
30429630
30482982
30544875
28574243
30437098
30468464
30488469
30446784
30569973
30509269
30483350
22969909
30460193
30423932
30525052
30499975
30501065
30551526
30560618
22195191
30452663
30331756
30394859
30410422
30394473
30421004
30421751
25276465
30602182
30426075
30478263
30512219
30422225
30562132
21740038
30445140
30473635
30796935
30436086
30543880
30511675
21737977
30445246
30502236
30440228
31669846
30656989
30528794
24477814
30493210
30480659
30462971
30464147
30499913
20816139
30484051
30455940
30497617
30516526
30482111
19565531
30464631
30545858
30465508
30479517
30507593
30472530
30475514
26144213
30497373
30415903
30466077
30447289
30469746
30587244
26095236
30465153
30465644
30471030
30457421
30567109
19180625
30450789
30478085
30443428
30495602
30483747
30471010
25195209
30453545
30480017
30452780
30444591
30491309
23921895
30521271
30500113
30481564
30493528
30547303
25808755
30472629
30619755
30465264
30412247
30533508
30422722
25921161
30518451
30468944
30447042
31111470
30604021
18746436
46731439
30522444
30527366
30575602
30550313
30546113
25014379
30591731
30529715
30528927
30516692
30556211
23789553
30832910
30559655
30541350
30506679
30534331
25650116
30515964
30493564
30478086
30510761
19881679
30456542
30441487
30481657
30736473
30444908
26608337
30465744
30481655
30527305
30447411
25554823
30493343
30472389
30466173
30481989
26866013
30481213
30461745
30456202
20513545
30497655
30611137
30653368
30479975
30454564
23948404
30478024
31104206
30474304
30469812
20840839
30518726
30501206
30466878
30474820
19374993
46353396
30315669
30279926
30304956
30327642
30361367
29441170
30305700
30333940
30325408
30312339
19088521
30464928
30427568
30409797
30407275
30431630
30442447
18580891
30374844
30422491
30388439
30425841
30394844
30444445
30466482
30468084
24837609
30407521
30379222
30343503
42531350
30417264
30432595
30389798
20436222
30375155
30385753
30395937
30382817
30438249
30482838
30470122
20444119
30391860
30384311
30381699
30372902
30361833
30401475
30372855
22494218
30386008
30407810
30411015
30442617
30414738
30366377
18875334
30425342
30385172
30407287
30406471
30395682
30480568
18209482
30314066
31174612
30297597
30337915
30301141
31524265
21627807
30308068
30311086
30321833
30303724
30361326
30358111
28713103
30300049
30246491
30279146
30292133
30387055
26266113
30313091
30289486
30375704
30324264
30276084
29160638
30324890
30344900
30268468
30283219
22539291
30262822
30311668
30291179
30302853
30345891
30231531
30301928
30293700
30359491
30311574
28008877
30318095
30300685
30346322
30264932
30169602
30289028
30274744
30362450
21618236
30311651
30290795
30430446
30287207
30362026
25326296
30328678
30337189
30261312
30294158
21764735
30328533
30415753
30262966
30329620
30344289
30316355
27898708
30334073
30326811
30300682
30305350
30303086
30313971
26073023
30304315
30309739
30283286
30353006
30350784
30332281
32245380
30079638
30468877
30325299
30280098
30341135
30358326
30466975
24836340
30285084
30315223
30330857
30309715
30353000
30301418
30302922
29070738
30300271
30326765
30285895
30306271
30325855
30298365
25695407
30291015
30284827
30284213
30310315
30321880
30368076
25473854
30325777
30350686
30313633
30364587
30371933
21593174
30574861
30320361
30286578
30341461
30280882
30390024
30361936
25324312
30297590
30315851
30324838
30289862
30300669
30216069
23772815
30283172
30433545
30339775
30259147
30352911
30263969
30324937
39736425
24857183
30350990
30443880
30337828
30310624
30972224
30353575
30506879
42774855
25823235
30282948
30313324
34794433
30297068
30361058
30311691
31843994
43696952
43745321
21972482
30310104
30306127
30277940
30329677
30321435
30304644
30349147
36162621
43692077
43655352
24477632
30306911
30424466
30303824
48289860
30378262
30334935
30344370
41096331
45628566
43682190
43631583
42890561
25162708
30363428
30240454
30204222
30245169
30258641
30221756
32272174
43849265
43869123
43810688
43942585
25095179
31299744
30347484
30253920
30215524
30381771
30255362
30297001
43982340
43978122
43787120
43736520
29749629
30234090
30269968
30235522
30251631
30346027
30302822
35827509
43897802
43796352
43849743
29704689
30225955
30258227
30269571
30287386
30288691
30228136
35470224
44034753
43986972
22839551
30906157
30283491
30614006
30237440
30273450
30260064
30257562
42105295
43842747
22756248
30248473
30252435
30425904
30311062
30260091
30466415
30205721
41698640
43867334
28317769
30299151
30335805
30327418
30320320
30345621
30358546
34587094
43711056
26117015
30290302
30265906
30355997
30355922
30428109
30275705
33352744
22244899
30313966
30324198
30457275
30307593
30331049
30356840
30333746
30245565
26941428
32297619
30306228
30295386
30314760
30346880
30305802
30337417
27982090
30322406
30321008
30337435
30315593
30444760
30322182
23714216
30258008
30366297
30282430
30294542
30384677
30357335
22328613
30284221
30322334
30285381
30307025
30290166
30369029
23072677
30314371
30256935
30421884
30270598
30288786
30319900
25827856
30313083
30308915
30265569
30305550
30288124
24179790
30420984
30299547
30302504
30318213
30381144
30359938
30393417
27311808
30341670
30282204
30346124
30321825
30305573
30348458
25623832
30326333
30324242
30294133
30304026
30344904
30260277
26723875
30256064
30256473
30231098
30249949
30322813
22845331
30338553
30440769
30332069
30269318
30281557
30277747
45252406
30430186
30380684
30418968
31004469
30454756
45534930
30486753
30445433
30477702
30453015
20933710
30455284
30448020
30468591
30472351
30488509
30538070
23147513
30470135
30457731
30507889
30513798
30494188
30502910
30465244
19770263
30490079
30485887
30468324
32103932
34085606
34162071
34309782
34174636
34083954
20809813
30514815
30481944
30437215
30558297
30476201
30551602
30524178
30670882
30453220
30439647
20299301
30496338
31409443
30443842
30514573
30491113
30586229
30681288
30513639
30434938
30435738
36136737
30208011
30455639
30503009
30483787
30488640
30675017
30504395
30491864
30484730
30482063
24070477
30458864
30486164
30600273
30462828
30509033
30452793
30616513
30641078
30471906
23546701
30557410
30566816
31849248
30553731
30503221
30613597
30603791
30534764
30618477
25978202
30699329
30530590
30487277
30517488
30550006
30667551
30782541
30619033
24706158
30516543
30558446
30572177
30578784
30626567
30554862
30631369
30540044
26507528
30583155
30542024
30571542
30547468
30585841
30547573
30570682
24077608
30515752
30531719
30550165
30542290
30538725
30562540
30571438
23914830
30504845
30504700
30542611
30592417
31177551
30567360
30584148
26982222
30584713
30536191
30568428
30561433
30553288
30581164
24984506
30543638
30554180
30522866
30534224
30525326
30520101
25149423
30549993
30822858
30546569
30549713
30609771
30676422
29506782
30555668
30534939
30547829
30524107
30608815
25543485
30521850
30542425
30562577
30546855
30609197
25146747
30537364
30522784
30569664
30539895
30591375
26955075
30562662
30560867
30549622
30549459
23554837
30410470
30399042
30353880
30431835
30556677
30047124
30407573
30406909
30407922
30423464
29369578
30383775
30388776
30418473
22545291
30366802
30468304
30412642
30381610
25024128
30448732
30394105
30440508
21919100
30553271
30425695
30376388
30426687
30374322
26578310
30432922
30707504
30369511
30373387
26114066
30378607
30371809
30391786
30411895
27028650
30366217
30406052
30327090
22350700
30364318
30418298
30410571
30364491
26145862
30430016
31030135
30361173
24563514
30368786
30391313
30404746
23848328
30391275
30409169
30371698
30395810
24712451
32417835
30404593
30389128
30379966
30384063
25150428
30852038
30448866
30413291
30357500
30442286
30369411
24912925
30433401
30437106
30405347
30379899
30347158
30409149
30491049
21511327
30534201
30385177
30397799
30468477
30421337
30530532
30390527
30407686
30380372
30374719
28175920
30374243
30396173
30422493
30386584
30423573
30420912
30513938
30392208
30441304
33850324
24221107
30308706
30307665
30414828
30297746
30298386
30340398
30333273
30471915
30329707
30371419
23155137
46289712
30242701
30196841
30206484
30238009
30226187
30272100
30276138
30261342
30244722
24272016
30243775
30234109
30267893
30244893
30344364
30176267
30240345
30270607
30273266
24003788
30240012
30261620
30250548
30239173
30268785
30343066
30242317
30250143
30231958
23385498
30228657
30262618
30267765
30283835
30267404
30295462
30496069
30247766
30404371
28248821
30266084
30287511
30271222
30265622
30274693
30278767
30346211
30251879
29508823
30205769
30230530
30253789
30256501
30306965
30272041
30231539
24297863
30277251
30222501
30282349
30244246
30406788
30252288
30315242
23609992
46314069
30331584
30302184
30350769
30354160
30401273
30324818
24830725
30298164
30307508
30332151
30325253
30344626
30327862
22666898
30381313
30435098
30354131
30421851
30402973
30512031
21349814
30417786
30407181
30383156
30445848
30405555
30484173
23584777
30429398
30422386
30548104
30397769
30407612
30528269
27129834
30379515
30371452
30436923
30395215
30465594
25944703
30399414
30407162
30432897
30424773
30453255
26749902
30428373
30394104
30396729
30401608
22188346
30411334
30361180
30426777
30381997
30411166
30452353
24159979
30376930
30397019
30381246
30462860
30466870
30484100
30416592
23474988
30386413
30541552
30395304
30492838
30408640
30471435
30558957
30413565
30396944
24966432
30380618
30424373
30398399
30381938
30377215
30444280
30443915
30409704
30387949
30375920
40403528
27801423
30433176
30376810
30411773
30409322
30453739
30459135
30460947
30412370
30404059
33636211
26638997
30506786
30394371
30399040
30424075
30423060
30617742
30463853
30377873
30381962
22193399
30594532
32427207
30405728
30444137
30413024
30604118
30508741
30438175
30435482
20924501
30387071
30402673
30380267
30417893
30383278
30449160
30404677
30429029
30395988
23920315
30428337
30424953
30402911
30384110
30431444
30425147
30490990
30406071
23044336
30428033
30394785
30378424
30413561
30580373
30489284
30428644
30463106
24024927
30418393
30434306
32394048
30386971
30393094
30438896
30407279
21293025
30459549
30410442
30487197
30381317
30412723
30432642
30389388
21410660
30389082
30385517
30376009
30435791
30501566
30410346
30462242
24489536
30403601
30380973
30369846
30384224
30359591
30520455
30376173
30418857
24333981
30390024
30397493
30416273
30426507
30448879
30475244
30466795
30394975
30403151
30455761
23274613
30398030
30393886
30405349
30413422
30430811
30512209
30526982
30412226
30587831
30400244
27010328
30416519
30392882
30404550
30405821
30447598
30424553
30445715
30387800
30383557
27243237
46572746
30466501
30448270
30459449
30529011
30553178
30460722
30527875
23374539
30473544
30467613
30445128
30465771
30467331
30520899
30494822
30466464
22921957
30510582
30465758
30486357
30496252
30626020
30505062
30499658
30495041
24104317
30484615
30519541
30509826
30470543
30556426
30560111
30509853
23678736
30486511
30487362
30459566
30473462
30624839
50734150
30531408
22857053
30514460
30449595
30523536
30441424
30526836
30503377
30471671
28410793
30502006
30481406
30467713
30494984
30469958
30514895
26475011
30449053
30472671
30540544
30473344
30560556
30458490
27758690
30458224
30473111
30527322
30456024
30486690
23625964
30527626
30462448
30468611
30487315
30437193
21604554
30482518
30485802
30468524
30624045
30601539
30504789
30498575
24948412
31341435
30451809
30456564
30489646
30408648
30491813
30486260
30501875
24929039
30657837
30518098
30507966
30431029
30519044
30579502
30509617
30477630
29658938
30539491
30497126
30489364
30438582
30706475
30526079
30501691
26662460
30496093
30459456
30455866
30501334
30488948
30470213
30507862
28869004
30493979
30540144
30455333
30633601
30523711
30507902
22988384
30590568
30474079
30490851
30538389
30503255
30651246
21749398
46773736
30514180
30514015
30538661
30573546
30544539
23375775
30515211
30544326
30561724
30554038
30539958
30538366
30624337
22119844
30553619
30556737
30516836
30540171
30588555
30646308
30588751
23726839
30558913
30549308
30568657
30525744
30558952
30567398
19575117
30713466
30536080
30565708
30549605
30551032
30756886
30668652
30260211
30526693
30564007
30722588
30543781
30606493
20582366
30559353
51538737
30506400
30581253
30507698
30692641
25709874
30567720
30547826
30625762
30546352
30538357
23613162
30542002
30641206
30562933
30548826
30547790
24520547
30577442
30451259
30485241
30458202
30537018
29734704
30515146
30470917
30474341
30447395
23724345
30383273
30390473
30380879
30409690
22312917
30399128
30355277
30527954
30366618
22839469
30397584
30360033
30408512
30430221
30451195
23442144
30604609
30398920
30427492
30396976
30388404
30391242
22139460
30405080
30381546
30499197
30428460
30406150
30402988
23952525
30365762
30359253
30448751
30394707
30455333
19589186
30407860
30438173
30537752
30403815
30418311
30432050
27666112
30387316
30386304
30379946
30404750
30381764
45034415
30342836
30301831
30359637
30275077
21271416
30292946
30268290
30294128
30444582
30319180
42237068
30266259
30218562
30223482
30287816
30315956
21882545
30365642
30238631
30285452
30210620
30281716
30386717
30297553
23659777
30385935
30260126
30240169
30260369
30290973
30386709
19518010
33937579
33881091
33889374
34534031
33889009
33974678
30339509
30244949
30234497
30218578
30252395
30218691
30287870
20724721
30224602
30253673
30224367
30344791
30234740
30312666
25668331
30275784
30230244
30210804
30195328
30265789
23492760
30184018
30217050
30266951
30225379
30427935
24319287
30253610
30260693
30285431
30246488
30243176
29534133
30243482
30219875
30238300
30228526
23623251
30251602
30229800
30296444
30207348
22106663
30366770
30254763
30242050
30233427
30277011
20484815
30226366
30243646
30297115
30271839
30244398
30253983
30279711
25484639
30259882
30265429
30334633
30218963
30271984
30236053
30239989
24508992
31099413
30221475
30264769
30226500
30297480
30307415
30332556
30251819
24737325
30220571
30225566
30230681
30243751
30241926
30261826
30317873
30215320
34645332
30285105
30280643
30381887
30265026
30259310
30247935
30256847
21310065
30225107
30268882
30278385
30256732
30211918
30251684
30305607
30268903
28080874
30236673
30247470
30212024
30253493
30266782
30243813
22504982
30405064
30196531
30895059
30253695
30200486
30353098
30259384
26082767
30231924
30214051
30212657
30282251
32311578
30236616
25526418
30252567
30223739
30275435
30242220
30275613
30365476
27438384
30389041
30248719
30284280
30227589
30322535
24388688
30230570
30287857
30260369
30263986
30419669
23453460
46361200
30291630
30288634
30341249
30287817
30396351
30374654
27208213
30346237
30308562
30323298
30329932
30353911
30339975
26699049
30332608
30308116
30309807
30351873
40043331
21013672
30305641
30306400
30291055
30307531
30320710
30414004
25162961
30211309
30300260
30271270
30250719
30323533
24092252
30259249
30207924
30264968
30239296
30576170
24722241
30222764
30223427
30244367
30221439
30289724
28401230
30238984
30237875
30361367
30275299
24836261
30252361
30243449
30319349
30199742
23927034
30225461
30271039
31529690
30234255
24658159
30320493
30287029
30656884
30312851
30326639
24981856
30318362
30332566
30330593
30316491
30386004
30290219
24660021
30280323
30275966
30328970
30340044
30343043
30447436
30322002
30318808
29953524
30309684
30302422
30337215
30361226
30512638
30312631
30300398
27414246
30283451
30422797
30309275
30303359
30361977
30340222
24326955
30338538
30335785
30331038
30345416
30426489
30336773
30334230
26365817
30340862
30325997
30277624
30304376
30346122
30277770
25862894
30349641
30316021
30296869
30280036
30369670
30307002
28905089
30328590
30429754
30364897
30299228
30317721
24308519
30309496
30327256
30345834
30303022
30250169
22600122
30320766
30300031
30373233
30950004
30352197
30284643
30328922
29231813
30451701
30270273
30306126
30278652
30338021
30514008
28549024
30342645
30320196
30320811
30442358
30325366
20488841
30433288
30322628
30318555
30314315
30376069
30347560
30363029
19906536
30296947
30313264
30269408
30305560
30319960
30313582
30343130
30312066
22158267
30313357
30308167
30301838
30285035
30325129
30376489
30269256
30276416
25776530
30393233
30429867
30441191
30404482
30413812
30451307
30593260
30465900
37953690
23121151
30385318
30394399
30424503
30405124
30422836
30430061
30471326
30445329
32830274
43812452
26327344
30371437
30384992
30385070
30416396
30449737
30442427
30466242
30523298
38731912
43849813
43706391
22277389
30413433
30394731
30412935
30407340
30431049
30447389
30480882
30407106
32294312
43808281
43807210
24860391
30409510
30419300
30399066
30377964
30429245
30467808
30433649
30411064
32698136
43778178
43876131
26510566
30398506
30375144
30430994
30413604
30433779
30416122
30455758
30580993
39044508
43746516
27937372
30422348
30393830
30534123
30377642
30442195
30511270
30428441
30526961
40956508
24917222
30384357
30405051
30436620
30385079
30381404
30592224
30420799
30426371
36334887
25504161
30398070
30683692
30406604
30378378
30453228
30420424
30459188
30375584
22759004
30437403
30457084
30440135
30425494
30537104
30528260
30500979
30420400
22728833
30491655
30422660
30428289
30450093
30431021
30519050
30515961
30449124
25405567
30403650
30409396
30405621
30403348
30463797
30413348
30408235
24231608
30391080
#end
